@relation 100mlP4
@attribute Indicator1 interval [0, 10]
@attribute Indicator2 interval [0, 10]
@attribute Indicator3 interval [0, 10]
@attribute Indicator4 interval [0, 10]
@attribute Class subset {0, 1}
@inputs Indicator1, Indicator2, Indicator3, Indicator4
@outputs Class
@data
[6.4,7.6],[3.9,4.9],[3.1,4.7],[5.01,5.09],{0}
[1.8,2.9],[3,5],[6,7.6],[5.02,5.26],{0}
[6.5,7.7],[2.9,5.3],[2.9,4.8],[5.01,5.13],{0}
[1,2.8],[5.3,7.4],[4.7,6.4],[4.92,5.02],{0}
[7.7,9],[8.3,9.7],[6.9,8.2],[4.8,5.04],{1}
[2.3,4],[8.3,9.7],[5,6.5],[5.2,5.32],{0}
[7.3,8.2],[2.9,5],[4.5,6.5],[5.35,5.49],{1,0}
[6.2,7.5],[2.4,4.6],[2.9,4.45],[5.86,5.91],{0}
[1,2.8],[4.3,6.1],[4.55,5.9],[4.95,5.03],{0}
[8.2,9.2],[4.9,6],[3.1,3.9],[5.89,6.04],{0}
[7.1,8.7],[4.6,6.7],[7.8,8.9],[4.95,5.2],{1}
[7.7,8.6],[6.2,7.7],[9.3,9.8],[4.77,5.06],{1}
[0,1.8],[7.3,9.8],[6.4,7.3],[5.07,5.24],{0}
[1.5,2.9],[7.7,8.9],[6.6,8.1],[4.98,5.09],{1,0}
[6.25,7.6],[4.6,5.2],[3.6,4.6],[5.85,5.92],{0}
[7.2,8.1],[3.8,5.2],[4.9,6.1],[5.35,5.36],{1}
[7.7,8],[3.9,5.3],[6.3,7.1],[5.33,5.44],{1,0}
[8,9.5],[5.1,6.9],[8.9,9.6],[4.87,5.1],{1}
[7.6,8.6],[4.2,6.9],[7.8,8.4],[4.95,5.1],{1}
[1.25,2.7],[7.4,8.6],[0.6,3.8],[4.96,5.18],{0}
[1.7,3],[7.8,9.3],[6.2,7.6],[4.98,5.07],{1}
[8.1,9.3],[4.6,6.8],[1.8,3.7],[5.8,6.03],{0}
[1.2,2.7],[6.1,8.3],[4.5,5.3],[4.97,5.12],{0}
[7.9,9.1],[4.2,6.4],[5.9,7.4],[4.73,4.99],{1}
[3,3.8],[3.9,5.2],[6.1,7.2],[5.43,5.54],{0}
[7,8],[4.8,6.2],[6.9,8.95],[4.94,5.02],{0}
[8.2,9.7],[6.9,7.9],[6.9,8.8],[4.79,5.01],{1}
[3.9,4.8],[5.5,7.8],[4.8,6.9],[4.9,5.09],{1,0}
[0,1.7],[7.2,9.2],[6.4,7.45],[5.07,5.15],{0}
[0.9,2],[7.1,8.3],[7.1,8.9],[5.23,5.41],{0}
[8,9],[4.8,6.7],[6.9,7.3],[4.76,4.92],{1}
[6.2,7.3],[3.95,5.6],[4.9,5.9],[5.28,5.41],{0}
[7.8,8.6],[5.8,7.3],[8.3,9.9],[4.75,5.05],{1}
[0.9,1.9],[6,8.3],[6.3,8.4],[5.23,5.38],{0}
[7.7,8.1],[3.1,5.7],[5.2,7.1],[5.31,5.47],{1,0}
[7.3,8.4],[6.1,6.9],[9.7,10],[4.88,5.02],{1,0}
[3.8,4.8],[7,7.3],[7,7.1],[4.93,5.07],{1,0}
[6,7.3],[3.9,5.9],[4.9,6.5],[5.25,5.43],{0}
[4.3,6.2],[8.9,9.7],[8.9,9.3],[4.25,4.41],{1}
[7.7,8.9],[7.6,9.2],[7.4,8.6],[4.86,5.01],{1}
[3.7,4],[7.45,9.6],[7.1,8.5],[4.98,5.1],{1,0}
[3,4.1],[5.1,6.7],[4.5,6.7],[4.85,5.12],{1}
[8.1,9.6],[6.5,8.4],[7.4,9.15],[4.81,4.98],{1}
[3.6,3.9],[7.9,9.1],[7,8.4],[4.98,5.12],{1,0}
[7.3,8.2],[6.4,7.6],[9.5,10],[4.87,5.03],{1}
[6.9,8.1],[3.8,5.9],[6.5,7.9],[4.92,5.13],{0,1}
[8.1,9.5],[5,6.9],[8.9,9.6],[4.89,5.05],{1}
