@relation dee
@attribute Hydroelectric real[27881.8,206035.0]
@attribute Nuclear real[114760.0,187105.0]
@attribute Coal real[33537.0,234833.0]
@attribute Fuel real[0.0,67986.5]
@attribute Gas real[0.0,84452.2]
@attribute Special real[5307.0,16357.0]
@attribute Consume real[0.765853,5.11875]
@inputs Hydroelectric, Nuclear, Coal, Fuel, Gas, Special
@outputs Consume
@data
154571.0, 182180.0, 33537.0, 4963.88, 0.0, 5630.0, 0.765853
191691.0, 177717.0, 56528.3, 6157.88, 0.0, 8324.0, 1.61709
187945.0, 179224.0, 140881.0, 5208.74, 16628.2, 8826.0, 1.87444
170242.0, 176367.0, 201165.0, 37503.1, 10862.8, 7700.0, 3.48928
144906.0, 180711.0, 136896.0, 1453.89, 0.0, 7449.0, 1.3288
151017.0, 178514.0, 187563.0, 24604.4, 19834.4, 7070.0, 2.13306
163063.0, 177445.0, 132722.0, 6257.35, 11992.7, 7475.0, 1.61606
149087.0, 148350.0, 144864.0, 9066.5, 1781.42, 10208.0, 1.78434
154110.0, 171142.0, 190515.0, 17831.4, 36734.9, 10583.0, 2.33082
123606.0, 171504.0, 173861.0, 0.0, 6950.29, 10313.0, 2.06716
175491.0, 168194.0, 156442.0, 18313.2, 21957.7, 10262.0, 1.54912
185484.0, 170355.0, 140182.0, 12438.9, 21384.5, 9251.0, 2.32848
181480.0, 164466.0, 157650.0, 13904.4, 22813.6, 8713.0, 1.83484
172963.0, 139915.0, 167767.0, 6955.2, 21323.7, 8678.0, 2.26839
158342.0, 138540.0, 168346.0, 5623.44, 27861.8, 9344.0, 2.17487
105836.0, 148476.0, 131649.0, 4112.91, 4661.19, 9301.0, 2.17032
126910.0, 142827.0, 173434.0, 5434.28, 30677.9, 9356.0, 4.14838
123984.0, 142033.0, 181550.0, 6127.47, 44832.2, 11237.0, 3.27322
115336.0, 151694.0, 177387.0, 6021.38, 5369.65, 11986.0, 2.24068
112108.0, 153029.0, 140531.0, 0.0, 6504.34, 10517.0, 2.18537
86463.3, 155651.0, 122897.0, 211.997, 4902.04, 11191.0, 1.8312
69119.8, 160912.0, 135130.0, 9.9189, 1766.62, 11333.0, 1.72036
108444.0, 154760.0, 126614.0, 25.3421, 2742.79, 11538.0, 1.81688
137928.0, 156219.0, 149833.0, 4968.03, 14658.2, 11288.0, 2.09066
142590.0, 152259.0, 175601.0, 2018.07, 13172.5, 11793.0, 2.22464
116123.0, 150104.0, 168863.0, 4583.57, 19575.1, 10758.0, 2.5444
108789.0, 148989.0, 173104.0, 9750.08, 24408.3, 12616.0, 2.64659
62772.2, 144800.0, 181667.0, 3807.21, 22768.6, 12297.0, 2.31615
73583.4, 126361.0, 200252.0, 54026.8, 55805.4, 11930.0, 4.45596
70312.3, 130864.0, 193201.0, 53914.0, 62919.5, 11988.0, 4.4184
82773.8, 118264.0, 190864.0, 63101.3, 71503.6, 11281.0, 4.58652
66095.1, 121080.0, 195422.0, 23690.4, 69462.0, 10814.0, 4.0713
99429.8, 125937.0, 204207.0, 50159.4, 53067.9, 11064.0, 4.33837
79989.4, 171302.0, 198078.0, 51799.3, 72268.1, 10930.0, 4.03569
71805.8, 149303.0, 199553.0, 22398.3, 50286.2, 11053.0, 3.3829
57080.7, 156909.0, 207679.0, 30063.9, 76711.3, 10821.0, 3.82169
72009.6, 163803.0, 200045.0, 30853.1, 52471.3, 10929.0, 3.48381
73390.9, 166138.0, 212488.0, 55017.9, 61546.4, 12365.0, 3.98641
60805.1, 166566.0, 224252.0, 42200.3, 63524.2, 10889.0, 4.02768
47539.5, 159098.0, 204316.0, 14439.7, 50024.6, 10443.0, 3.42371
59599.9, 163995.0, 220774.0, 46064.4, 70375.6, 13094.0, 4.18805
43291.7, 168962.0, 220257.0, 33063.7, 71041.5, 12464.0, 4.21788
38027.0, 158766.0, 197959.0, 7050.11, 43419.4, 13259.0, 2.91001
60416.8, 163176.0, 201606.0, 36483.9, 60373.0, 11462.0, 4.55163
63515.7, 154576.0, 211435.0, 47265.7, 53683.7, 12412.0, 4.58351
53114.4, 143601.0, 219273.0, 24965.3, 79383.7, 11902.0, 4.00929
53308.4, 130997.0, 197042.0, 5577.08, 46182.3, 12981.0, 2.10912
67161.9, 115886.0, 213105.0, 44545.1, 83762.7, 14019.0, 3.90614
66328.2, 122245.0, 220162.0, 38774.4, 84452.2, 13849.0, 4.31132
68643.0, 116128.0, 211931.0, 52131.5, 77341.9, 14530.0, 4.09474
77360.1, 114760.0, 215188.0, 53279.7, 78219.7, 14507.0, 4.99235
34111.4, 116452.0, 211378.0, 6378.88, 41674.1, 14065.0, 2.89857
65358.8, 116582.0, 209820.0, 43004.8, 71963.8, 14257.0, 4.75986
47263.1, 125408.0, 218817.0, 46716.1, 74618.8, 13956.0, 4.00831
50043.0, 134704.0, 219685.0, 38468.4, 74637.6, 14372.0, 3.99862
80264.0, 125600.0, 208545.0, 29729.5, 64423.7, 14382.0, 4.85385
60221.8, 141099.0, 221512.0, 20197.2, 73884.1, 14264.0, 3.96876
74174.5, 152797.0, 211751.0, 26115.9, 57083.6, 14617.0, 3.38268
80317.3, 155685.0, 215776.0, 17651.7, 55888.7, 14400.0, 3.19168
77131.6, 155512.0, 211638.0, 30836.0, 60790.9, 14926.0, 3.99721
70348.8, 171131.0, 214682.0, 25283.4, 59491.6, 14376.0, 3.94761
85104.8, 174706.0, 206714.0, 10804.5, 53137.2, 14231.0, 2.70608
103814.0, 174475.0, 201098.0, 9147.51, 56099.0, 14473.0, 3.07069
83162.4, 179865.0, 142319.0, 6576.19, 6939.88, 13068.0, 2.37434
132774.0, 170147.0, 196610.0, 19177.4, 44171.3, 12751.0, 2.11697
140675.0, 173080.0, 179470.0, 16057.0, 27923.0, 13167.0, 2.50409
160345.0, 166614.0, 189754.0, 20854.1, 53318.4, 13523.0, 2.75503
173467.0, 169555.0, 185398.0, 15964.6, 42709.1, 13868.0, 2.83895
169322.0, 178653.0, 185004.0, 16895.3, 53582.5, 12893.0, 2.46265
139186.0, 179138.0, 122708.0, 8628.45, 6884.8, 12382.0, 2.01027
162721.0, 174891.0, 182417.0, 16296.3, 31574.6, 15540.0, 2.12432
109797.0, 172697.0, 96596.3, 5803.86, 3245.38, 11801.0, 2.06576
130802.0, 179072.0, 127273.0, 5733.01, 5344.81, 12929.0, 1.43698
