@relation Glass_Identification_Database
@attribute RI real [1.51115, 1.53393]
@attribute Na real [10.73, 17.38]
@attribute Mg real [0.0, 4.49]
@attribute Al real [0.29, 3.5]
@attribute Si real [69.81, 75.41]
@attribute K real [0.0, 6.21]
@attribute Ca real [5.43, 16.19]
@attribute Ba real [0.0, 3.15]
@attribute Fe real [0.0, 0.51]
@attribute typeGlass {1, 2, 3, 4, 5, 6, 7}
@inputs RI, Na, Mg, Al, Si, K, Ca, Ba, Fe
@outputs typeGlass
@data
1.51618, 13.53, 3.55, 1.54, 72.99, 0.39, 7.78, 0.00, 0.00, 1
1.51766, 13.21, 3.69, 1.29, 72.61, 0.57, 8.22, 0.00, 0.00, 1
1.51742, 13.27, 3.62, 1.24, 73.08, 0.55, 8.07, 0.00, 0.00, 1
1.51596, 12.79, 3.61, 1.62, 72.97, 0.64, 8.07, 0.00, 0.26, 1
1.51755, 13.00, 3.60, 1.36, 72.99, 0.57, 8.40, 0.00, 0.11, 1
1.51589, 12.88, 3.43, 1.40, 73.28, 0.69, 8.05, 0.00, 0.24, 1
1.51748, 12.86, 3.56, 1.27, 73.21, 0.54, 8.38, 0.00, 0.17, 1
1.51763, 12.61, 3.59, 1.31, 73.29, 0.58, 8.50, 0.00, 0.00, 1
1.51911, 13.90, 3.73, 1.18, 72.12, 0.06, 8.89, 0.00, 0.00, 1
1.51966, 14.77, 3.75, 0.29, 72.02, 0.03, 9.00, 0.00, 0.00, 1
1.51764, 12.98, 3.54, 1.21, 73.00, 0.65, 8.53, 0.00, 0.00, 1
1.51793, 13.21, 3.48, 1.41, 72.64, 0.59, 8.43, 0.00, 0.00, 1
1.51721, 12.87, 3.48, 1.33, 73.04, 0.56, 8.43, 0.00, 0.00, 1
1.51768, 12.56, 3.52, 1.43, 73.15, 0.57, 8.54, 0.00, 0.00, 1
1.51784, 13.08, 3.49, 1.28, 72.86, 0.60, 8.49, 0.00, 0.00, 1
1.51768, 12.65, 3.56, 1.30, 73.08, 0.61, 8.69, 0.00, 0.14, 1
1.51775, 12.85, 3.48, 1.23, 72.97, 0.61, 8.56, 0.09, 0.22, 1
1.52213, 14.21, 3.82, 0.47, 71.77, 0.11, 9.57, 0.00, 0.00, 1
1.51755, 12.71, 3.42, 1.20, 73.20, 0.59, 8.64, 0.00, 0.00, 1
1.51779, 13.21, 3.39, 1.33, 72.76, 0.59, 8.59, 0.00, 0.00, 1
1.51786, 12.73, 3.43, 1.19, 72.95, 0.62, 8.76, 0.00, 0.30, 1
1.51900, 13.49, 3.48, 1.35, 71.95, 0.55, 9.00, 0.00, 0.00, 1
1.51898, 13.58, 3.35, 1.23, 72.08, 0.59, 8.91, 0.00, 0.00, 1
1.51808, 13.43, 2.87, 1.19, 72.84, 0.55, 9.03, 0.00, 0.00, 1
1.51769, 12.45, 2.71, 1.29, 73.70, 0.56, 9.06, 0.00, 0.24, 1
1.51215, 12.99, 3.47, 1.12, 72.98, 0.62, 8.35, 0.00, 0.31, 1
1.51754, 13.48, 3.74, 1.17, 72.99, 0.59, 8.03, 0.00, 0.00, 1
1.51754, 13.39, 3.66, 1.19, 72.79, 0.57, 8.27, 0.00, 0.11, 1
1.52227, 14.17, 3.81, 0.78, 71.35, 0.00, 9.69, 0.00, 0.00, 1
1.52172, 13.48, 3.74, 0.90, 72.01, 0.18, 9.61, 0.00, 0.07, 1
1.52099, 13.69, 3.59, 1.12, 71.96, 0.09, 9.40, 0.00, 0.00, 1
1.52152, 13.05, 3.65, 0.87, 72.22, 0.19, 9.85, 0.00, 0.17, 1
1.52152, 13.05, 3.65, 0.87, 72.32, 0.19, 9.85, 0.00, 0.17, 1
1.52152, 13.12, 3.58, 0.90, 72.20, 0.23, 9.82, 0.00, 0.16, 1
1.52300, 13.31, 3.58, 0.82, 71.99, 0.12, 10.17, 0.00, 0.03, 1
1.51627, 13.00, 3.58, 1.54, 72.83, 0.61, 8.04, 0.00, 0.00, 2
1.51592, 12.86, 3.52, 2.12, 72.66, 0.69, 7.97, 0.00, 0.00, 2
1.51594, 13.09, 3.52, 1.55, 72.87, 0.68, 8.05, 0.00, 0.09, 2
1.51625, 13.36, 3.58, 1.49, 72.72, 0.45, 8.21, 0.00, 0.00, 2
1.51569, 13.24, 3.49, 1.47, 73.25, 0.38, 8.03, 0.00, 0.00, 2
1.51645, 13.40, 3.49, 1.52, 72.65, 0.67, 8.08, 0.00, 0.10, 2
1.51841, 12.93, 3.74, 1.11, 72.28, 0.64, 8.96, 0.00, 0.22, 2
1.51590, 13.24, 3.34, 1.47, 73.10, 0.39, 8.22, 0.00, 0.00, 2
1.51629, 12.71, 3.33, 1.49, 73.28, 0.67, 8.24, 0.00, 0.00, 2
1.51860, 13.36, 3.43, 1.43, 72.26, 0.51, 8.60, 0.00, 0.00, 2
1.51689, 12.67, 2.88, 1.71, 73.21, 0.73, 8.54, 0.00, 0.00, 2
1.51655, 12.75, 2.85, 1.44, 73.27, 0.57, 8.79, 0.11, 0.22, 2
1.53125, 10.73, 0.00, 2.10, 69.81, 0.58, 13.30, 3.15, 0.28, 2
1.53393, 12.30, 0.00, 1.00, 70.16, 0.12, 16.19, 0.00, 0.24, 2
1.51847, 13.10, 3.97, 1.19, 72.44, 0.60, 8.43, 0.00, 0.00, 2
1.51846, 13.41, 3.89, 1.33, 72.38, 0.51, 8.28, 0.00, 0.00, 2
1.51708, 13.72, 3.68, 1.81, 72.06, 0.64, 7.88, 0.00, 0.00, 2
1.51673, 13.30, 3.64, 1.53, 72.53, 0.65, 8.03, 0.00, 0.29, 2
1.51652, 13.56, 3.57, 1.47, 72.45, 0.64, 7.96, 0.00, 0.00, 2
1.51844, 13.25, 3.76, 1.32, 72.40, 0.58, 8.42, 0.00, 0.00, 2
1.51707, 13.48, 3.48, 1.71, 72.52, 0.62, 7.99, 0.00, 0.00, 2
1.52177, 13.20, 3.68, 1.15, 72.75, 0.54, 8.52, 0.00, 0.00, 2
1.52177, 13.75, 1.01, 1.36, 72.19, 0.33, 11.14, 0.00, 0.00, 2
1.52614, 13.70, 0.00, 1.36, 71.24, 0.19, 13.44, 0.00, 0.10, 2
1.51813, 13.43, 3.98, 1.18, 72.49, 0.58, 8.15, 0.00, 0.00, 2
1.51800, 13.71, 3.93, 1.54, 71.81, 0.54, 8.21, 0.00, 0.15, 2
1.51811, 13.33, 3.85, 1.25, 72.78, 0.52, 8.12, 0.00, 0.00, 2
1.51789, 13.19, 3.90, 1.30, 72.33, 0.55, 8.44, 0.00, 0.28, 2
1.51806, 13.00, 3.80, 1.08, 73.07, 0.56, 8.38, 0.00, 0.12, 2
1.51711, 12.89, 3.62, 1.57, 72.96, 0.61, 8.11, 0.00, 0.00, 2
1.51674, 12.79, 3.52, 1.54, 73.36, 0.66, 7.90, 0.00, 0.00, 2
1.51674, 12.87, 3.56, 1.64, 73.14, 0.65, 7.99, 0.00, 0.00, 2
1.51690, 13.33, 3.54, 1.61, 72.54, 0.68, 8.11, 0.00, 0.00, 2
1.51851, 13.20, 3.63, 1.07, 72.83, 0.57, 8.41, 0.09, 0.17, 2
1.51662, 12.85, 3.51, 1.44, 73.01, 0.68, 8.23, 0.06, 0.25, 2
1.51709, 13.00, 3.47, 1.79, 72.72, 0.66, 8.18, 0.00, 0.00, 2
1.51660, 12.99, 3.18, 1.23, 72.97, 0.58, 8.81, 0.00, 0.24, 2
1.51839, 12.85, 3.67, 1.24, 72.57, 0.62, 8.68, 0.00, 0.35, 2
1.51610, 13.33, 3.53, 1.34, 72.67, 0.56, 8.33, 0.00, 0.00, 3
1.51643, 12.16, 3.52, 1.35, 72.89, 0.57, 8.53, 0.00, 0.00, 3
1.51665, 13.14, 3.45, 1.76, 72.48, 0.60, 8.38, 0.00, 0.17, 3
1.52127, 14.32, 3.90, 0.83, 71.50, 0.00, 9.49, 0.00, 0.00, 3
1.51610, 13.42, 3.40, 1.22, 72.69, 0.59, 8.32, 0.00, 0.00, 3
1.51646, 13.04, 3.40, 1.26, 73.01, 0.52, 8.58, 0.00, 0.00, 3
1.52121, 14.03, 3.76, 0.58, 71.79, 0.11, 9.65, 0.00, 0.00, 3
1.51776, 13.53, 3.41, 1.52, 72.04, 0.58, 8.79, 0.00, 0.00, 3
1.51796, 13.50, 3.36, 1.63, 71.94, 0.57, 8.81, 0.00, 0.09, 3
1.51514, 14.01, 2.68, 3.50, 69.89, 1.68, 5.87, 2.20, 0.00, 5
1.52171, 11.56, 1.88, 1.56, 72.86, 0.47, 11.41, 0.00, 0.00, 5
1.51666, 12.86, 0.00, 1.83, 73.88, 0.97, 10.17, 0.00, 0.00, 5
1.52043, 13.38, 0.00, 1.40, 72.25, 0.33, 12.50, 0.00, 0.00, 5
1.52058, 12.85, 1.61, 2.17, 72.18, 0.76, 9.70, 0.24, 0.51, 5
1.52119, 12.97, 0.33, 1.51, 73.39, 0.13, 11.27, 0.00, 0.28, 5
1.51829, 14.46, 2.24, 1.62, 72.38, 0.00, 9.26, 0.00, 0.00, 6
1.51916, 14.15, 0.00, 2.09, 72.74, 0.00, 10.88, 0.00, 0.00, 6
1.51969, 14.56, 0.00, 0.56, 73.48, 0.00, 11.22, 0.00, 0.00, 6
1.51115, 17.38, 0.00, 0.34, 75.41, 0.00, 6.65, 0.00, 0.00, 6
1.51838, 14.32, 3.26, 2.22, 71.25, 1.46, 5.79, 1.63, 0.00, 7
1.52247, 14.86, 2.20, 2.06, 70.26, 0.76, 9.76, 0.00, 0.00, 7
1.51602, 14.85, 0.00, 2.38, 73.28, 0.00, 8.76, 0.64, 0.09, 7
1.51623, 14.20, 0.00, 2.79, 73.46, 0.04, 9.04, 0.40, 0.09, 7
1.51719, 14.75, 0.00, 2.00, 73.02, 0.00, 8.53, 1.59, 0.08, 7
1.51545, 14.14, 0.00, 2.68, 73.39, 0.08, 9.07, 0.61, 0.05, 7
1.51556, 13.87, 0.00, 2.54, 73.23, 0.14, 9.41, 0.81, 0.01, 7
1.51727, 14.70, 0.00, 2.34, 73.28, 0.00, 8.95, 0.66, 0.00, 7
1.51531, 14.38, 0.00, 2.66, 73.10, 0.04, 9.08, 0.64, 0.00, 7
1.51609, 15.01, 0.00, 2.51, 73.05, 0.05, 8.83, 0.53, 0.00, 7
1.51653, 11.95, 0.00, 1.19, 75.18, 2.70, 8.93, 0.00, 0.00, 7
1.51514, 14.85, 0.00, 2.42, 73.72, 0.00, 8.39, 0.56, 0.00, 7
1.51617, 14.95, 0.00, 2.27, 73.30, 0.00, 8.71, 0.67, 0.00, 7
1.51732, 14.95, 0.00, 1.80, 72.99, 0.00, 8.61, 1.55, 0.00, 7
1.51645, 14.94, 0.00, 1.87, 73.11, 0.00, 8.67, 1.38, 0.00, 7
