@relation glass
@attribute RI real [1.51115, 1.53393]
@attribute Na real [10.73, 17.38]
@attribute Mg real [0.0, 4.49]
@attribute Al real [0.29, 3.5]
@attribute Si real [69.81, 75.41]
@attribute K real [0.0, 6.21]
@attribute Ca real [5.43, 16.19]
@attribute Ba real [0.0, 3.15]
@attribute Fe real [0.0, 0.51]
@attribute typeGlass {1, 2, 3, 4, 5, 6, 7}
@inputs RI, Na, Mg, Al, Si, K, Ca, Ba, Fe
@outputs typeGlass
@data
1.51910022, 13.90205, 3.73119, 1.17917, 72.1228, 0.0621, 8.89472, 0.0, 0.0, 1
1.51898632, 13.58285, 3.34954, 1.23053, 72.078, 0.58995, 8.90548, 0.0, 0.0, 1
1.51976084, 13.80895, 3.57853, 1.32041, 71.7196, 0.11799, 8.66876, 0.68985, 0.0, 1
1.51720948, 13.3767, 3.5022, 1.15028, 72.8508, 0.50301, 8.43204, 0.0, 0.0, 1
1.51823458, 12.8713, 3.47975, 1.29152, 72.9516, 0.60237, 8.43204, 0.0, 0.0, 1
1.51750562, 12.81145, 3.56955, 1.3493, 73.0188, 0.621, 8.59344, 0.0, 0.0, 1
1.51837126, 13.1373, 2.84217, 1.27868, 72.8508, 0.55269, 9.06688, 0.0, 0.0, 1
1.51595658, 12.7915, 3.60996, 1.61894, 72.9684, 0.63963, 8.0662, 0.0, 0.1326, 1
1.5177562, 12.85135, 3.47975, 1.23053, 72.9684, 0.60858, 8.56116, 0.09135, 0.1122, 1
1.51777898, 13.21045, 3.38995, 1.33004, 72.7612, 0.58995, 8.59344, 0.0, 0.0, 1
1.51755118, 12.99765, 3.60098, 1.35893, 72.9908, 0.57132, 8.39976, 0.0, 0.0561, 1
1.51784732, 13.7745, 3.48873, 1.27868, 72.862, 0.60237, 8.48584, 0.0, 0.0, 1
1.51750562, 12.8181, 3.55159, 1.49054, 72.75, 0.54027, 8.51812, 0.0, 0.0969, 1
1.52212996, 14.20795, 3.82099, 0.46976, 71.77, 0.11178, 9.5726, 0.0, 0.0, 1
1.52666318, 13.9885, 3.69976, 0.71051, 71.5684, 0.01863, 9.82008, 0.0, 0.051, 1
1.52171992, 13.4831, 3.74017, 0.8999, 72.0108, 0.18009, 9.60488, 0.0, 0.0357, 1
1.5215149, 13.11735, 3.57853, 0.8999, 72.2012, 0.22977, 9.82008, 0.0, 0.0816, 1
1.51748284, 12.858, 3.56057, 1.26905, 73.2092, 0.54027, 8.37824, 0.0, 0.0867, 1
1.51645774, 13.40995, 3.55159, 1.24979, 72.8116, 0.6831, 8.09848, 0.0, 0.0, 2
1.51629828, 12.7117, 3.33158, 1.49054, 73.282, 0.67068, 8.23836, 0.0, 0.0, 2
1.52725546, 13.8023, 3.15198, 0.65915, 70.5716, 0.08073, 11.63852, 0.0, 0.0, 2
1.51871296, 12.93115, 3.65935, 1.56116, 72.5092, 0.57753, 8.5504, 0.0, 0.0612, 2
1.52176548, 13.7491, 1.01025, 1.35893, 72.19, 0.32913, 11.14356, 0.0, 0.0, 2
1.51666276, 12.9378, 3.60996, 1.25942, 72.75, 0.5589, 8.6042, 0.0, 0.0, 2
1.52613924, 13.70255, 0.0, 1.35893, 71.238, 0.19251, 13.43544, 0.0, 0.051, 2
1.51689056, 13.33015, 3.53812, 1.60931, 72.5428, 0.6831, 8.10924, 0.0, 0.0, 2
1.5159338, 13.25035, 3.44832, 1.42955, 73.17, 0.60858, 7.86176, 0.0, 0.0, 2
1.51828014, 13.23705, 3.90181, 1.41029, 72.33, 0.55269, 8.31368, 0.0, 0.051, 2
1.51789288, 13.1905, 3.90181, 1.30115, 72.33, 0.55269, 8.4428, 0.0, 0.1428, 2
1.51588824, 13.11735, 3.40791, 1.58042, 73.2596, 0.06831, 8.389, 0.0, 0.0969, 2
1.51613882, 13.922, 3.52016, 1.24979, 72.8788, 0.3726, 7.93708, 0.0, 0.0714, 2
1.5184396, 13.25035, 3.75813, 1.32041, 72.4028, 0.57753, 8.42128, 0.0, 0.0, 2
1.5166172, 12.85135, 3.51118, 1.43918, 73.0076, 0.6831, 8.2276, 0.5985, 0.1275, 2
1.51572878, 14.85965, 3.66833, 1.74092, 71.8708, 0.16146, 7.35604, 0.0, 0.0612, 2
1.5173006, 12.3526, 2.72094, 1.62857, 72.8676, 0.70173, 9.22828, 0.0, 0.0, 2
1.51591102, 13.0176, 3.57853, 1.5098, 73.1196, 0.68931, 7.9586, 0.0, 0.0, 2
1.5277794, 12.63855, 0.0, 0.66878, 72.022, 0.0621, 14.40384, 0.0, 0.0, 2
1.5177562, 13.52965, 3.40791, 1.51943, 72.0388, 0.57753, 8.78712, 0.0, 0.0, 3
1.51663998, 13.1373, 3.44832, 1.76018, 72.4812, 0.60237, 8.37824, 0.0, 0.0867, 3
1.52121876, 14.0284, 3.75813, 0.5789, 71.7924, 0.11178, 9.64792, 0.0, 0.0, 3
1.5193508, 13.6427, 3.53812, 0.74903, 72.6492, 0.16146, 8.89472, 0.1512, 0.1224, 3
1.5151365, 14.00845, 2.68053, 3.5, 69.8884, 1.68291, 5.87116, 2.1987, 0.0, 5
1.52119598, 12.97105, 0.32777, 1.5098, 73.3884, 0.13041, 11.27268, 0.0, 0.1428, 5
1.51666276, 12.858, 0.0, 1.8308, 73.8812, 0.96876, 10.17516, 0.0, 0.0, 5
1.5196925, 14.5604, 0.0, 0.55964, 73.478, 0.0, 11.21888, 0.0, 0.0, 6
1.51905466, 14.0018, 2.38868, 1.56116, 72.3692, 0.0, 9.5726, 0.0, 0.0, 6
1.52064926, 14.3609, 0.0, 2.02019, 73.422, 0.0, 8.4428, 1.64115, 0.0, 7
1.5163894, 14.36755, 0.0, 2.73923, 72.8508, 0.0, 9.45424, 0.53865, 0.0, 7
1.51682222, 14.5604, 0.0, 1.97846, 73.2876, 0.0, 8.51812, 1.5687, 0.0357, 7
1.51622994, 14.2013, 0.0, 2.79059, 73.4612, 0.03726, 9.04536, 0.40005, 0.459, 7
1.51622994, 14.14145, 0.0, 2.88047, 72.61, 0.08073, 9.18524, 1.06155, 0.0, 7
1.51732338, 14.95275, 0.0, 1.7987, 72.9908, 0.0, 8.61496, 1.5498, 0.0, 7
1.51613882, 13.8821, 1.77804, 1.78907, 73.0972, 0.0, 8.66876, 0.75915, 0.0, 7
