@relation glass
@attribute RI real [1.51115, 1.53393]
@attribute Na real [10.73, 17.38]
@attribute Mg real [0.0, 4.49]
@attribute Al real [0.29, 3.5]
@attribute Si real [69.81, 75.41]
@attribute K real [0.0, 6.21]
@attribute Ca real [5.43, 16.19]
@attribute Ba real [0.0, 3.15]
@attribute Fe real [0.0, 0.51]
@attribute typeGlass {1, 2, 3, 4, 5, 6, 7}
@inputs RI, Na, Mg, Al, Si, K, Ca, Ba, Fe
@outputs typeGlass
@data
1.51588824, 12.87795, 3.43036, 1.40066, 73.282, 0.68931, 8.04468, 0.0, 0.1224, 1
1.51755118, 13.39, 3.65935, 1.1888, 72.7892, 0.57132, 8.27064, 0.0, 0.0561, 1
1.52099096, 13.68925, 3.592, 1.12139, 71.9604, 0.08694, 9.40044, 0.0, 0.0, 1
1.51215232, 12.991, 3.47077, 1.12139, 72.9796, 0.621, 8.34596, 0.0, 0.1581, 1
1.51976084, 13.80895, 3.57853, 1.32041, 71.7196, 0.11799, 8.66876, 0.68985, 0.0, 1
1.51720948, 13.3767, 3.5022, 1.15028, 72.8508, 0.50301, 8.43204, 0.0, 0.0, 1
1.52210718, 13.72915, 3.83895, 0.72014, 71.7588, 0.16767, 9.74476, 0.0, 0.0, 1
1.51761952, 12.79815, 3.65935, 1.26905, 73.0076, 0.60237, 8.56116, 0.0, 0.0, 1
1.51837126, 13.1373, 2.84217, 1.27868, 72.8508, 0.55269, 9.06688, 0.0, 0.0, 1
1.51743728, 13.2969, 3.60098, 1.14065, 73.0916, 0.57753, 8.1738, 0.0, 0.0, 1
1.51910022, 13.88875, 3.52914, 1.32041, 71.8092, 0.50922, 8.77636, 0.11025, 0.0, 1
1.51869018, 13.1905, 3.37199, 1.17917, 72.722, 0.57132, 8.83016, 0.0, 0.0816, 1
1.51761952, 12.81145, 3.53812, 1.23053, 73.2372, 0.57753, 8.389, 0.0, 0.0, 1
1.51784732, 13.7745, 3.48873, 1.27868, 72.862, 0.60237, 8.48584, 0.0, 0.0, 1
1.5175284, 12.57205, 3.47077, 1.3814, 73.3884, 0.60237, 8.5504, 0.0, 0.0306, 1
1.5229956, 13.3102, 3.57853, 0.81965, 71.9884, 0.11799, 10.17516, 0.0, 0.0153, 1
1.52101374, 13.6427, 4.49, 1.09892, 71.7812, 0.0621, 8.75484, 0.0, 0.0, 1
1.51750562, 12.8181, 3.55159, 1.49054, 72.75, 0.54027, 8.51812, 0.0, 0.0969, 1
1.51891798, 13.46315, 3.82997, 1.25942, 72.5484, 0.57132, 8.20608, 0.0, 0.0714, 2
1.51871296, 12.93115, 3.65935, 1.56116, 72.5092, 0.57753, 8.5504, 0.0, 0.0612, 2
1.52176548, 13.7491, 1.01025, 1.35893, 72.19, 0.32913, 11.14356, 0.0, 0.0, 2
1.5162755, 12.99765, 3.57853, 1.53869, 72.8284, 0.60858, 8.04468, 0.0, 0.0, 2
1.5170728, 13.7225, 3.6818, 1.81154, 72.0612, 0.63963, 7.88328, 0.0, 0.0, 2
1.51689056, 13.33015, 3.53812, 1.60931, 72.5428, 0.6831, 8.10924, 0.0, 0.0, 2
1.5159338, 13.25035, 3.44832, 1.42955, 73.17, 0.60858, 7.86176, 0.0, 0.0, 2
1.52474966, 11.4482, 0.0, 1.87895, 72.19, 0.8073, 13.24176, 0.0, 0.1734, 2
1.51789288, 13.1905, 3.90181, 1.30115, 72.33, 0.55269, 8.4428, 0.0, 0.1428, 2
1.5159338, 13.09075, 3.52016, 1.55153, 72.8676, 0.6831, 8.04468, 0.0, 0.459, 2
1.51588824, 13.11735, 3.40791, 1.58042, 73.2596, 0.06831, 8.389, 0.0, 0.0969, 2
1.51818902, 12.6186, 2.76135, 0.82928, 73.8084, 0.34776, 9.42196, 0.0, 0.102, 2
1.51711836, 12.89125, 3.61894, 1.57079, 72.9572, 0.60858, 8.10924, 0.0, 0.0, 2
1.51812068, 13.4299, 3.97814, 1.17917, 72.4924, 0.57753, 8.15228, 0.0, 0.0, 2
1.52739214, 11.0226, 0.0, 0.74903, 73.0804, 0.0, 14.96336, 0.0, 0.0, 2
1.5166172, 12.85135, 3.51118, 1.43918, 73.0076, 0.6831, 8.2276, 0.5985, 0.1275, 2
1.51859906, 13.35675, 3.43036, 1.42955, 72.2628, 0.50922, 8.6042, 0.0, 0.0, 2
1.51591102, 12.8181, 3.52016, 1.90142, 72.862, 0.68931, 7.96936, 0.0, 0.0, 2
1.51591102, 13.23705, 3.34056, 1.47128, 73.0972, 0.39123, 8.21684, 0.0, 0.0, 2
1.5177562, 13.52965, 3.40791, 1.51943, 72.0388, 0.57753, 8.78712, 0.0, 0.0, 3
1.51609326, 13.33015, 3.52914, 1.33967, 72.6716, 0.5589, 8.3352, 0.0, 0.0, 3
1.51796122, 13.50305, 3.35852, 1.62857, 71.938, 0.57132, 8.80864, 0.0, 0.459, 3
1.51768786, 13.64935, 3.65935, 1.10855, 72.7724, 0.11178, 8.6042, 0.0, 0.0, 3
1.52042146, 13.3767, 0.0, 1.40066, 72.2516, 0.32913, 12.49932, 0.0, 0.0, 5
1.51994308, 13.2703, 0.0, 1.76018, 73.03, 0.47196, 11.31572, 0.0, 0.0, 5
1.52058092, 12.85135, 1.61191, 2.17106, 72.1788, 0.75762, 9.70172, 0.2394, 0.2601, 5
1.51115, 17.38, 0.0, 0.34136, 75.41, 0.0, 6.64588, 0.0, 0.0, 6
1.51299518, 14.4008, 1.74212, 1.53869, 74.5476, 0.0, 7.59276, 0.0, 0.0, 6
1.51652608, 11.94695, 0.0, 1.1888, 75.1804, 2.70135, 8.927, 0.0, 0.0, 7
1.51130946, 13.68925, 3.20137, 1.81154, 72.8116, 1.75743, 5.43, 1.1907, 0.0, 7
1.51556932, 13.8688, 0.0, 2.54021, 73.2316, 0.14283, 9.4112, 0.80955, 0.0051, 7
1.5163894, 14.36755, 0.0, 2.73923, 72.8508, 0.0, 9.45424, 0.53865, 0.0, 7
1.51682222, 14.5604, 0.0, 1.97846, 73.2876, 0.0, 8.51812, 1.5687, 0.0357, 7
1.51645774, 14.93945, 0.0, 1.86932, 73.1084, 0.0, 8.66876, 1.3797, 0.0, 7
1.5171867, 14.75325, 0.0, 2.00093, 73.0188, 0.0, 8.52888, 1.59075, 0.0408, 7
