@relation Glass_Identification_Database
@attribute RI real [1.51115, 1.53393]
@attribute Na real [10.73, 17.38]
@attribute Mg real [0.0, 4.49]
@attribute Al real [0.29, 3.5]
@attribute Si real [69.81, 75.41]
@attribute K real [0.0, 6.21]
@attribute Ca real [5.43, 16.19]
@attribute Ba real [0.0, 3.15]
@attribute Fe real [0.0, 0.51]
@attribute typeGlass {1, 2, 3, 4, 5, 6, 7}
@inputs RI, Na, Mg, Al, Si, K, Ca, Ba, Fe
@outputs typeGlass
@data
1.52101, 13.64, 4.49, 1.10, 71.78, 0.06, 8.75, 0.00, 0.00, 1
1.51761, 13.89, 3.60, 1.36, 72.73, 0.48, 7.83, 0.00, 0.00, 1
1.51618, 13.53, 3.55, 1.54, 72.99, 0.39, 7.78, 0.00, 0.00, 1
1.51766, 13.21, 3.69, 1.29, 72.61, 0.57, 8.22, 0.00, 0.00, 1
1.51742, 13.27, 3.62, 1.24, 73.08, 0.55, 8.07, 0.00, 0.00, 1
1.51596, 12.79, 3.61, 1.62, 72.97, 0.64, 8.07, 0.00, 0.26, 1
1.51756, 13.15, 3.61, 1.05, 73.24, 0.57, 8.24, 0.00, 0.00, 1
1.51918, 14.04, 3.58, 1.37, 72.08, 0.56, 8.30, 0.00, 0.00, 1
1.51571, 12.72, 3.46, 1.56, 73.20, 0.67, 8.09, 0.00, 0.24, 1
1.51763, 12.80, 3.66, 1.27, 73.01, 0.60, 8.56, 0.00, 0.00, 1
1.51589, 12.88, 3.43, 1.40, 73.28, 0.69, 8.05, 0.00, 0.24, 1
1.51748, 12.86, 3.56, 1.27, 73.21, 0.54, 8.38, 0.00, 0.17, 1
1.51784, 12.68, 3.67, 1.16, 73.11, 0.61, 8.70, 0.00, 0.00, 1
1.51750, 12.82, 3.55, 1.49, 72.75, 0.54, 8.52, 0.00, 0.19, 1
1.51751, 12.81, 3.57, 1.35, 73.02, 0.62, 8.59, 0.00, 0.00, 1
1.51720, 13.38, 3.50, 1.15, 72.85, 0.50, 8.43, 0.00, 0.00, 1
1.51768, 12.56, 3.52, 1.43, 73.15, 0.57, 8.54, 0.00, 0.00, 1
1.51768, 12.65, 3.56, 1.30, 73.08, 0.61, 8.69, 0.00, 0.14, 1
1.51747, 12.84, 3.50, 1.14, 73.27, 0.56, 8.55, 0.00, 0.00, 1
1.51783, 12.69, 3.54, 1.34, 72.95, 0.57, 8.75, 0.00, 0.00, 1
1.51567, 13.29, 3.45, 1.21, 72.74, 0.56, 8.57, 0.00, 0.00, 1
1.51797, 12.74, 3.48, 1.35, 72.96, 0.64, 8.68, 0.00, 0.00, 1
1.52213, 14.21, 3.82, 0.47, 71.77, 0.11, 9.57, 0.00, 0.00, 1
1.51793, 12.79, 3.50, 1.12, 73.03, 0.64, 8.77, 0.00, 0.00, 1
1.51755, 12.71, 3.42, 1.20, 73.20, 0.59, 8.64, 0.00, 0.00, 1
1.51779, 13.21, 3.39, 1.33, 72.76, 0.59, 8.59, 0.00, 0.00, 1
1.51786, 12.73, 3.43, 1.19, 72.95, 0.62, 8.76, 0.00, 0.30, 1
1.51869, 13.19, 3.37, 1.18, 72.72, 0.57, 8.83, 0.00, 0.16, 1
1.51808, 13.43, 2.87, 1.19, 72.84, 0.55, 9.03, 0.00, 0.00, 1
1.51824, 12.87, 3.48, 1.29, 72.95, 0.60, 8.43, 0.00, 0.00, 1
1.51754, 13.48, 3.74, 1.17, 72.99, 0.59, 8.03, 0.00, 0.00, 1
1.51754, 13.39, 3.66, 1.19, 72.79, 0.57, 8.27, 0.00, 0.11, 1
1.51977, 13.81, 3.58, 1.32, 71.72, 0.12, 8.67, 0.69, 0.00, 1
1.52172, 13.51, 3.86, 0.88, 71.79, 0.23, 9.54, 0.00, 0.11, 1
1.52152, 13.05, 3.65, 0.87, 72.22, 0.19, 9.85, 0.00, 0.17, 1
1.51848, 13.64, 3.87, 1.27, 71.96, 0.54, 8.32, 0.00, 0.32, 2
1.51631, 13.34, 3.57, 1.57, 72.87, 0.61, 7.89, 0.00, 0.00, 2
1.51596, 13.02, 3.56, 1.54, 73.11, 0.72, 7.90, 0.00, 0.00, 2
1.51590, 13.02, 3.58, 1.51, 73.12, 0.69, 7.96, 0.00, 0.00, 2
1.51645, 13.44, 3.61, 1.54, 72.39, 0.66, 8.03, 0.00, 0.00, 2
1.51590, 12.82, 3.52, 1.90, 72.86, 0.69, 7.97, 0.00, 0.00, 2
1.51592, 12.86, 3.52, 2.12, 72.66, 0.69, 7.97, 0.00, 0.00, 2
1.51594, 13.09, 3.52, 1.55, 72.87, 0.68, 8.05, 0.00, 0.09, 2
1.51645, 13.40, 3.49, 1.52, 72.65, 0.67, 8.08, 0.00, 0.10, 2
1.51618, 13.01, 3.50, 1.48, 72.89, 0.60, 8.12, 0.00, 0.00, 2
1.51605, 12.90, 3.44, 1.45, 73.06, 0.44, 8.27, 0.00, 0.00, 2
1.51590, 13.24, 3.34, 1.47, 73.10, 0.39, 8.22, 0.00, 0.00, 2
1.51841, 13.02, 3.62, 1.06, 72.34, 0.64, 9.13, 0.00, 0.15, 2
1.51689, 12.67, 2.88, 1.71, 73.21, 0.73, 8.54, 0.00, 0.00, 2
1.51655, 12.75, 2.85, 1.44, 73.27, 0.57, 8.79, 0.11, 0.22, 2
1.51730, 12.35, 2.72, 1.63, 72.87, 0.70, 9.23, 0.00, 0.00, 2
1.52725, 13.80, 3.15, 0.66, 70.57, 0.08, 11.64, 0.00, 0.00, 2
1.52410, 13.83, 2.90, 1.17, 71.15, 0.08, 10.79, 0.00, 0.00, 2
1.52475, 11.45, 0.00, 1.88, 72.19, 0.81, 13.24, 0.00, 0.34, 2
1.53125, 10.73, 0.00, 2.10, 69.81, 0.58, 13.30, 3.15, 0.28, 2
1.52222, 14.43, 0.00, 1.00, 72.67, 0.10, 11.52, 0.00, 0.08, 2
1.51818, 13.72, 0.00, 0.56, 74.45, 0.00, 10.99, 0.00, 0.00, 2
1.52739, 11.02, 0.00, 0.75, 73.08, 0.00, 14.96, 0.00, 0.00, 2
1.51892, 13.46, 3.83, 1.26, 72.55, 0.57, 8.21, 0.00, 0.14, 2
1.51846, 13.41, 3.89, 1.33, 72.38, 0.51, 8.28, 0.00, 0.00, 2
1.51663, 12.93, 3.54, 1.62, 72.96, 0.64, 8.03, 0.00, 0.21, 2
1.52081, 13.78, 2.28, 1.43, 71.99, 0.49, 9.85, 0.00, 0.17, 2
1.52068, 13.55, 2.09, 1.67, 72.18, 0.53, 9.57, 0.27, 0.17, 2
1.52177, 13.75, 1.01, 1.36, 72.19, 0.33, 11.14, 0.00, 0.00, 2
1.51813, 13.43, 3.98, 1.18, 72.49, 0.58, 8.15, 0.00, 0.00, 2
1.51800, 13.71, 3.93, 1.54, 71.81, 0.54, 8.21, 0.00, 0.15, 2
1.51711, 12.89, 3.62, 1.57, 72.96, 0.61, 8.11, 0.00, 0.00, 2
1.51690, 13.33, 3.54, 1.61, 72.54, 0.68, 8.11, 0.00, 0.00, 2
1.51851, 13.20, 3.63, 1.07, 72.83, 0.57, 8.41, 0.09, 0.17, 2
1.51662, 12.85, 3.51, 1.44, 73.01, 0.68, 8.23, 0.06, 0.25, 2
1.51709, 13.00, 3.47, 1.79, 72.72, 0.66, 8.18, 0.00, 0.00, 2
1.51660, 12.99, 3.18, 1.23, 72.97, 0.58, 8.81, 0.00, 0.24, 2
1.51839, 12.85, 3.67, 1.24, 72.57, 0.62, 8.68, 0.00, 0.35, 2
1.51769, 13.65, 3.66, 1.11, 72.77, 0.11, 8.60, 0.00, 0.00, 3
1.51610, 13.33, 3.53, 1.34, 72.67, 0.56, 8.33, 0.00, 0.00, 3
1.51779, 13.64, 3.65, 0.65, 73.00, 0.06, 8.93, 0.00, 0.00, 3
1.51646, 13.04, 3.40, 1.26, 73.01, 0.52, 8.58, 0.00, 0.00, 3
1.51655, 13.41, 3.39, 1.28, 72.64, 0.52, 8.65, 0.00, 0.00, 3
1.52121, 14.03, 3.76, 0.58, 71.79, 0.11, 9.65, 0.00, 0.00, 3
1.51832, 13.33, 3.34, 1.54, 72.14, 0.56, 8.99, 0.00, 0.00, 3
1.52211, 14.19, 3.78, 0.91, 71.36, 0.23, 9.14, 0.00, 0.37, 3
1.51915, 12.73, 1.85, 1.86, 72.69, 0.60, 10.09, 0.00, 0.00, 5
1.51969, 12.64, 0.00, 1.65, 73.75, 0.38, 11.53, 0.00, 0.00, 5
1.52369, 13.44, 0.00, 1.58, 72.22, 0.32, 12.24, 0.00, 0.00, 5
1.51321, 13.00, 0.00, 3.02, 70.70, 6.21, 6.93, 0.00, 0.00, 5
1.52043, 13.38, 0.00, 1.40, 72.25, 0.33, 12.50, 0.00, 0.00, 5
1.52058, 12.85, 1.61, 2.17, 72.18, 0.76, 9.70, 0.24, 0.51, 5
1.52119, 12.97, 0.33, 1.51, 73.39, 0.13, 11.27, 0.00, 0.28, 5
1.51829, 14.46, 2.24, 1.62, 72.38, 0.00, 9.26, 0.00, 0.00, 6
1.51852, 14.09, 2.19, 1.66, 72.67, 0.00, 9.32, 0.00, 0.00, 6
1.51916, 14.15, 0.00, 2.09, 72.74, 0.00, 10.88, 0.00, 0.00, 6
1.51115, 17.38, 0.00, 0.34, 75.41, 0.00, 6.65, 0.00, 0.00, 6
1.51838, 14.32, 3.26, 2.22, 71.25, 1.46, 5.79, 1.63, 0.00, 7
1.52365, 15.79, 1.83, 1.31, 70.43, 0.31, 8.61, 1.68, 0.00, 7
1.51613, 13.88, 1.78, 1.79, 73.10, 0.00, 8.67, 0.76, 0.00, 7
1.51602, 14.85, 0.00, 2.38, 73.28, 0.00, 8.76, 0.64, 0.09, 7
1.51623, 14.20, 0.00, 2.79, 73.46, 0.04, 9.04, 0.40, 0.09, 7
1.51545, 14.14, 0.00, 2.68, 73.39, 0.08, 9.07, 0.61, 0.05, 7
1.51556, 13.87, 0.00, 2.54, 73.23, 0.14, 9.41, 0.81, 0.01, 7
1.51727, 14.70, 0.00, 2.34, 73.28, 0.00, 8.95, 0.66, 0.00, 7
1.51531, 14.38, 0.00, 2.66, 73.10, 0.04, 9.08, 0.64, 0.00, 7
1.51508, 15.15, 0.00, 2.25, 73.50, 0.00, 8.34, 0.63, 0.00, 7
1.51653, 11.95, 0.00, 1.19, 75.18, 2.70, 8.93, 0.00, 0.00, 7
1.51732, 14.95, 0.00, 1.80, 72.99, 0.00, 8.61, 1.55, 0.00, 7
1.51645, 14.94, 0.00, 1.87, 73.11, 0.00, 8.67, 1.38, 0.00, 7
1.51640, 14.37, 0.00, 2.74, 72.85, 0.00, 9.45, 0.54, 0.00, 7
1.51623, 14.14, 0.00, 2.88, 72.61, 0.08, 9.18, 1.06, 0.00, 7
