@relation segment0
@attribute Region-centroid-col real [1.0, 254.0]
@attribute Region-centroid-row real [11.0, 251.0]
@attribute Region-pixel-count real [9.0, 10.0]
@attribute Short-line-density-5 real [0.0, 0.33333334]
@attribute Short-line-density-2 real [0.0, 0.22222222]
@attribute Vedge-mean real [0.0, 29.222221]
@attribute Vegde-sd real [0.0, 991.7184]
@attribute Hedge-mean real [0.0, 44.722225]
@attribute Hedge-sd real [-1.5894573E-8, 1386.3292]
@attribute Intensity-mean real [0.0, 143.44444]
@attribute Rawred-mean real [0.0, 137.11111]
@attribute Rawblue-mean real [0.0, 150.88889]
@attribute Rawgreen-mean real [0.0, 142.55556]
@attribute Exred-mean real [-49.666668, 9.888889]
@attribute Exblue-mean real [-12.444445, 82.0]
@attribute Exgreen-mean real [-33.88889, 24.666666]
@attribute Value-mean real [0.0, 150.88889]
@attribute Saturatoin-mean real [0.0, 1.0]
@attribute Hue-mean real [-3.0441751, 2.9124804]
@attribute Class {positive,negative}
@inputs Region-centroid-col, Region-centroid-row, Region-pixel-count, Short-line-density-5, Short-line-density-2, Vedge-mean, Vegde-sd, Hedge-mean, Hedge-sd, Intensity-mean, Rawred-mean, Rawblue-mean, Rawgreen-mean, Exred-mean, Exblue-mean, Exgreen-mean, Value-mean, Saturatoin-mean, Hue-mean
@outputs Class
@data
218.0, 178.0, 9.0, 0.11111111, 0.0, 0.8333327, 0.54772234, 1.1111094, 0.5443307, 59.62963, 52.444443, 75.22222, 51.22222, -21.555555, 46.77778, -25.222221, 75.22222, 0.31899637, -2.0405545, negative
32.0, 173.0, 9.0, 0.0, 0.0, 1.7222217, 1.7815932, 9.0, 6.749488, 43.592594, 39.555557, 52.88889, 38.333336, -12.111111, 27.88889, -15.777778, 52.88889, 0.26691392, -1.9988575, negative
29.0, 111.0, 9.0, 0.0, 0.0, 0.38888884, 0.24074061, 0.6111111, 0.15185188, 5.4074073, 6.888889, 6.3333335, 3.0, 4.4444447, 2.7777777, -7.2222223, 6.888889, 0.56415343, -0.89785874, positive
69.0, 85.0, 9.0, 0.11111111, 0.0, 3.1111114, 8.207409, 3.944444, 9.440739, 21.444445, 20.444445, 28.11111, 15.777778, -3.0, 20.0, -17.0, 28.11111, 0.43740398, -1.6598793, positive
152.0, 83.0, 9.0, 0.0, 0.0, 4.444444, 1.3277657, 0.94444436, 0.6804135, 26.518518, 23.333334, 33.22222, 23.0, -9.555555, 20.11111, -10.555555, 33.22222, 0.30741498, -2.0632424, negative
248.0, 153.0, 9.0, 0.0, 0.0, 0.2777778, 0.062962964, 0.11111113, 0.029629637, 0.37037036, 0.0, 1.1111112, 0.0, -1.1111112, 2.2222223, -1.1111112, 1.1111112, 0.8888889, -2.0943952, negative
243.0, 120.0, 9.0, 0.0, 0.0, 4.4444447, 4.359749, 1.5555547, 1.8338387, 47.851852, 44.77778, 56.333332, 42.444443, -9.222222, 25.444445, -16.222221, 56.333332, 0.2453213, -1.9107349, negative
146.0, 97.0, 9.0, 0.0, 0.0, 10.111111, 4.597905, 0.6111107, 0.5741327, 47.962963, 46.0, 54.333332, 43.555557, -5.888889, 19.11111, -13.222222, 54.333332, 0.19711515, -1.8407352, negative
132.0, 134.0, 9.0, 0.0, 0.0, 2.6666667, 3.1555562, 1.5, 1.5444443, 6.185185, 2.2222223, 11.444445, 4.888889, -11.888889, 15.777778, -3.8888888, 11.444445, 0.8339346, -2.3866115, negative
5.0, 210.0, 9.0, 0.0, 0.11111111, 2.1666672, 1.6699982, 4.444444, 2.613356, 51.296295, 45.444443, 64.333336, 44.11111, -17.555555, 39.11111, -21.555555, 64.333336, 0.3175664, -2.0208955, negative
18.0, 83.0, 9.0, 0.0, 0.11111111, 6.1666665, 9.988892, 12.888889, 28.785189, 14.37037, 9.0, 22.666666, 11.444445, -16.11111, 24.88889, -8.777778, 22.666666, 0.6647845, -2.2742054, negative
214.0, 246.0, 9.0, 0.0, 0.0, 2.8333328, 1.9177537, 2.9999993, 1.988857, 17.518518, 14.222222, 15.444445, 22.88889, -9.888889, -6.2222223, 16.11111, 22.88889, 0.39154765, 2.2328491, negative
93.0, 236.0, 9.0, 0.11111111, 0.0, 1.7777777, 2.6962965, 1.9999999, 0.93333334, 12.518518, 9.555555, 10.777778, 17.222223, -8.888889, -5.2222223, 14.111111, 17.222223, 0.44724658, 2.2671974, negative
48.0, 173.0, 9.0, 0.0, 0.0, 1.1666666, 1.0697874, 1.4444447, 1.6420407, 19.222221, 16.444445, 16.444445, 24.777779, -8.333333, -8.333333, 16.666666, 24.777779, 0.34965578, 2.0995574, negative
118.0, 125.0, 9.0, 0.0, 0.0, 0.33333334, 0.29814234, 0.88888884, 0.34426528, 1.1481482, 0.0, 3.1111112, 0.33333334, -3.4444444, 5.888889, -2.4444444, 3.1111112, 1.0, -2.1756468, negative
43.0, 152.0, 9.0, 0.0, 0.0, 1.9444445, 1.7074082, 1.2222222, 0.8296299, 1.5185186, 1.0, 2.8888888, 0.6666667, -1.5555556, 4.111111, -2.5555556, 2.8888888, 0.64867723, -1.9332389, negative
209.0, 11.0, 9.0, 0.0, 0.0, 0.8333333, 0.25555903, 2.1666667, 3.8555522, 141.55556, 135.11111, 150.11111, 139.44444, -19.333334, 25.666666, -6.3333335, 150.11111, 0.09983583, -2.4015868, negative
160.0, 41.0, 9.0, 0.0, 0.0, 0.8333333, 0.8096638, 0.22222225, 0.17213258, 0.7037037, 0.5555556, 1.2222222, 0.33333334, -0.44444445, 1.5555556, -1.1111112, 1.2222222, 0.537037, -1.8451205, negative
142.0, 140.0, 9.0, 0.0, 0.0, 4.2222223, 1.2938595, 1.5, 0.7226494, 26.444445, 23.444445, 32.333336, 23.555555, -9.0, 17.666666, -8.666667, 32.333336, 0.2850997, -2.1004875, negative
56.0, 107.0, 9.0, 0.0, 0.0, 1.1111107, 0.20740713, 4.722223, 20.196299, 49.814816, 46.22222, 58.333332, 44.88889, -10.777778, 25.555555, -14.777778, 58.333332, 0.23045462, -1.9914447, negative
67.0, 136.0, 9.0, 0.0, 0.0, 6.722223, 3.7083488, 2.6666667, 3.1972213, 15.518518, 9.0, 25.333334, 12.222222, -19.555555, 29.444445, -9.888889, 25.333334, 0.66081303, -2.3075109, negative
96.0, 13.0, 9.0, 0.0, 0.0, 0.8333308, 0.47777966, 0.55555725, 0.20740579, 131.77777, 122.111115, 144.77777, 128.44444, -29.0, 39.0, -10.0, 144.77777, 0.1565683, -2.386251, negative
215.0, 182.0, 9.0, 0.0, 0.0, 2.5555553, 1.4707013, 2.7222226, 1.9823296, 54.185184, 48.555557, 67.22222, 46.77778, -16.88889, 39.11111, -22.222221, 67.22222, 0.30405003, -2.0040817, negative
140.0, 124.0, 9.0, 0.0, 0.0, 1.0, 0.44444454, 1.1111112, 1.0518516, 2.5185184, 0.22222222, 6.111111, 1.2222222, -6.888889, 10.777778, -3.8888888, 6.111111, 0.97376543, -2.267462, negative
132.0, 84.0, 9.0, 0.0, 0.0, 3.0, 1.2292727, 0.88888913, 0.45541987, 8.888889, 7.3333335, 11.777778, 7.5555553, -4.6666665, 8.666667, -4.0, 11.777778, 0.38048342, -2.1369402, negative
98.0, 41.0, 9.0, 0.0, 0.0, 1.7222265, 0.77407277, 1.1111145, 0.87406844, 137.14815, 130.66667, 147.22223, 133.55556, -19.444445, 30.222221, -10.777778, 147.22223, 0.112421244, -2.2685292, negative
129.0, 157.0, 9.0, 0.0, 0.0, 2.4444444, 3.5407405, 2.222222, 1.718518, 23.148148, 18.222221, 32.0, 19.222221, -14.777778, 26.555555, -11.777778, 32.0, 0.43023896, -2.169368, negative
175.0, 188.0, 9.0, 0.0, 0.0, 2.9999993, 2.5733685, 2.3333328, 1.2995725, 55.77778, 49.666668, 69.111115, 48.555557, -18.333334, 40.0, -21.666666, 69.111115, 0.29629385, -2.0396667, negative
140.0, 125.0, 9.0, 0.0, 0.0, 0.2777779, 0.06296301, 0.66666675, 0.31111118, 6.185185, 7.3333335, 7.6666665, 3.5555556, 3.4444444, 4.4444447, -7.888889, 7.7777777, 0.5456349, -1.1218182, positive
168.0, 13.0, 9.0, 0.11111111, 0.0, 1.3333308, 0.44444528, 1.3333334, 0.40000203, 130.40741, 119.666664, 145.44444, 126.111115, -32.22222, 45.11111, -12.888889, 145.44444, 0.17719091, -2.3552437, negative
200.0, 250.0, 9.0, 0.0, 0.0, 2.2777777, 1.420746, 1.4444445, 1.0255988, 9.222222, 6.5555553, 7.3333335, 13.777778, -8.0, -5.6666665, 13.666667, 13.777778, 0.5633903, 2.1929355, negative
65.0, 143.0, 9.0, 0.0, 0.0, 0.3333334, 0.13333334, 0.4444445, 0.074074075, 5.037037, 6.5555553, 5.888889, 2.6666667, 4.5555553, 2.5555556, -7.111111, 6.6666665, 0.5952381, -0.90741616, positive
95.0, 71.0, 9.0, 0.0, 0.0, 1.0555534, 1.0851825, 2.2222214, 3.7629638, 105.666664, 96.666664, 122.44444, 97.888885, -27.0, 50.333332, -23.333334, 122.44444, 0.21226363, -2.1431594, negative
69.0, 75.0, 9.0, 0.11111111, 0.0, 2.111111, 1.4074076, 1.5000004, 2.21111, 22.74074, 22.0, 29.333334, 16.88889, -2.2222223, 19.777779, -17.555555, 29.333334, 0.4235012, -1.6418817, positive
152.0, 220.0, 9.0, 0.0, 0.0, 0.94444466, 0.6851854, 1.4444448, 2.1629636, 14.62963, 11.555555, 13.111111, 19.222221, -9.222222, -4.5555553, 13.777778, 19.222221, 0.41670507, 2.3068845, negative
95.0, 109.0, 9.0, 0.0, 0.0, 1.0, 0.4888888, 1.9444443, 2.729629, 17.25926, 19.222221, 20.0, 12.555555, 5.888889, 8.222222, -14.111111, 20.444445, 0.38499743, -1.1312037, positive
29.0, 81.0, 9.0, 0.11111111, 0.0, 2.6111107, 3.7518525, 2.7222216, 3.7518525, 20.481482, 20.11111, 26.11111, 15.222222, -1.1111112, 16.88889, -15.777778, 26.11111, 0.41266233, -1.5663354, positive
88.0, 136.0, 9.0, 0.0, 0.0, 1.8333331, 1.149879, 2.0555553, 2.112573, 8.0, 4.111111, 13.222222, 6.6666665, -11.666667, 15.666667, -4.0, 13.222222, 0.6950877, -2.412671, negative
93.0, 190.0, 9.0, 0.0, 0.0, 5.5000014, 1.8226972, 2.6111114, 3.234651, 53.592594, 47.333332, 66.88889, 46.555557, -18.777779, 39.88889, -21.11111, 66.88889, 0.3036015, -2.052546, negative
230.0, 113.0, 9.0, 0.0, 0.0, 1.111111, 0.5018487, 0.555556, 0.54433125, 21.592592, 18.11111, 27.88889, 18.777779, -10.444445, 18.88889, -8.444445, 27.88889, 0.3500821, -2.1636333, negative
95.0, 57.0, 9.0, 0.0, 0.0, 1.8333327, 3.4111106, 2.1111107, 1.7185175, 26.296297, 24.666666, 34.444447, 19.777779, -4.888889, 24.444445, -19.555555, 34.444447, 0.42569095, -1.7390174, positive
78.0, 85.0, 9.0, 0.0, 0.0, 5.4999995, 2.105549, 6.4999995, 4.5983086, 48.88889, 42.444443, 61.555557, 42.666668, -19.333334, 38.0, -18.666666, 61.555557, 0.31522787, -2.0973632, negative
182.0, 39.0, 9.0, 0.0, 0.0, 5.5000005, 5.737789, 0.611111, 0.8798151, 9.518518, 7.3333335, 14.333333, 6.888889, -6.5555553, 14.444445, -7.888889, 14.333333, 0.5760211, -2.0362277, negative
236.0, 102.0, 9.0, 0.0, 0.0, 1.0555559, 0.06296285, 1.7777792, 1.229628, 51.703705, 46.22222, 64.333336, 44.555557, -16.444445, 37.88889, -21.444445, 64.333336, 0.30700684, -2.0098543, negative
243.0, 94.0, 9.0, 0.0, 0.0, 0.6666666, 0.31111112, 0.22222221, 0.029629631, 1.1851852, 0.22222222, 3.2222223, 0.11111111, -2.8888888, 6.111111, -3.2222223, 3.2222223, 0.9777778, -2.0712416, negative
22.0, 87.0, 9.0, 0.0, 0.0, 1.8888899, 1.2590423, 1.1666666, 0.62361073, 64.03704, 55.77778, 80.333336, 56.0, -24.777779, 48.88889, -24.11111, 80.333336, 0.30969977, -2.105073, negative
103.0, 216.0, 9.0, 0.0, 0.0, 0.88888884, 0.6518517, 2.1666663, 1.1444442, 14.555555, 10.888889, 13.666667, 19.11111, -11.0, -2.6666667, 13.666667, 19.11111, 0.43169576, 2.4475467, negative
24.0, 205.0, 9.0, 0.0, 0.0, 2.2222226, 1.5869851, 2.3888893, 2.4892375, 56.074074, 49.77778, 69.77778, 48.666668, -18.88889, 41.11111, -22.222221, 69.77778, 0.30391166, -2.0382628, negative
80.0, 116.0, 9.0, 0.0, 0.0, 1.5, 1.6333328, 1.5555557, 0.87407404, 21.703703, 21.222221, 27.555555, 16.333334, -1.4444444, 17.555555, -16.11111, 27.555555, 0.40736422, -1.6322426, positive
232.0, 31.0, 9.0, 0.0, 0.0, 0.5555547, 0.34426576, 0.7777774, 0.34426582, 114.96296, 101.888885, 132.55556, 110.44444, -39.22222, 52.77778, -13.555555, 132.55556, 0.23132005, -2.384877, negative
238.0, 118.0, 9.0, 0.0, 0.0, 0.33333325, 0.17777774, 0.77777773, 0.07407411, 5.0, 6.2222223, 6.2222223, 2.5555556, 3.6666667, 3.6666667, -7.3333335, 6.6666665, 0.61706346, -1.0471976, positive
58.0, 111.0, 9.0, 0.0, 0.0, 3.2222223, 3.4518514, 2.0555556, 0.9518509, 19.333334, 15.555555, 26.222221, 16.222223, -11.333333, 20.666666, -9.333333, 26.222221, 0.40922624, -2.1537185, negative
216.0, 78.0, 9.0, 0.0, 0.0, 1.333333, 0.3555547, 4.3333335, 6.355548, 36.11111, 31.333334, 46.0, 31.0, -14.333333, 29.666666, -15.333333, 46.0, 0.33970988, -2.053834, negative
166.0, 36.0, 9.0, 0.0, 0.0, 0.0, 0.0, 0.0, 0.0, 0.0, 0.0, 0.0, 0.0, 0.0, 0.0, 0.0, 0.0, 0.0, 0.0, negative
181.0, 162.0, 9.0, 0.0, 0.0, 2.6666653, 7.155551, 13.388888, 9.662939, 42.185184, 36.444443, 51.333332, 38.77778, -17.222221, 27.444445, -10.222222, 51.333332, 0.28552282, -2.3274822, negative
98.0, 144.0, 9.0, 0.0, 0.0, 0.22222221, 0.029629648, 0.33333334, 0.08888887, 1.0, 0.0, 3.0, 0.0, -3.0, 6.0, -3.0, 3.0, 1.0, -2.0943952, negative
180.0, 141.0, 9.0, 0.0, 0.0, 0.055555563, 0.13608278, 0.055555556, 0.13608277, 0.037037037, 0.0, 0.11111111, 0.0, -0.11111111, 0.22222222, -0.11111111, 0.11111111, 0.11111111, -2.0943952, negative
139.0, 113.0, 9.0, 0.0, 0.0, 0.94444436, 0.9756285, 0.666667, 0.42163637, 29.333334, 24.88889, 37.0, 26.11111, -13.333333, 23.0, -9.666667, 37.0, 0.32738453, -2.1998253, negative
147.0, 51.0, 9.0, 0.11111111, 0.0, 1.1666654, 1.0999951, 1.4999975, 1.9444356, 126.333336, 117.0, 140.22223, 121.77778, -28.0, 41.666668, -13.666667, 140.22223, 0.1655495, -2.306687, negative
145.0, 155.0, 9.0, 0.0, 0.11111111, 4.944444, 35.618523, 9.944445, 121.396286, 11.296296, 7.7777777, 17.555555, 8.555555, -10.555555, 18.777779, -8.222222, 17.555555, 0.74729437, -2.1405313, negative
66.0, 155.0, 9.0, 0.0, 0.0, 3.722222, 21.796297, 7.722223, 71.574066, 8.259259, 5.888889, 12.666667, 6.2222223, -7.111111, 13.222222, -6.111111, 12.666667, 0.3006237, -2.1476219, negative
63.0, 122.0, 9.0, 0.0, 0.0, 0.0, 0.0, 0.0, 0.0, 0.33333334, 0.0, 1.0, 0.0, -1.0, 2.0, -1.0, 1.0, 1.0, -2.0943952, negative
189.0, 184.0, 9.0, 0.0, 0.11111111, 1.666666, 0.84327394, 2.7777774, 2.0073938, 50.592594, 45.88889, 62.333332, 43.555557, -14.111111, 35.22222, -21.11111, 62.333332, 0.30094525, -1.9644797, negative
250.0, 176.0, 9.0, 0.0, 0.11111111, 1.611112, 1.0628399, 3.444444, 1.6953092, 53.666668, 47.11111, 67.66667, 46.22222, -19.666666, 42.0, -22.333334, 67.66667, 0.3181372, -2.0522583, negative
93.0, 195.0, 9.0, 0.0, 0.0, 1.833334, 1.2064636, 4.0555553, 2.1230652, 61.592594, 54.666668, 76.66667, 53.444443, -20.777779, 45.22222, -24.444445, 76.66667, 0.30559286, -2.0371156, negative
28.0, 204.0, 9.0, 0.0, 0.0, 2.0000007, 1.7638338, 3.222222, 2.0834446, 55.88889, 49.77778, 69.22222, 48.666668, -18.333334, 40.0, -21.666666, 69.22222, 0.29685017, -2.0373702, negative
54.0, 133.0, 9.0, 0.0, 0.0, 1.5555557, 1.0074074, 0.50000006, 0.3444443, 5.3703704, 3.6666667, 9.0, 3.4444444, -5.111111, 10.888889, -5.7777777, 9.0, 0.6304714, -2.0480003, negative
85.0, 225.0, 9.0, 0.0, 0.0, 1.5, 1.0055401, 1.6111113, 1.2895594, 16.185184, 14.444445, 12.777778, 21.333334, -5.2222223, -10.222222, 15.444445, 21.333334, 0.40115124, 1.8910155, negative
62.0, 144.0, 9.0, 0.0, 0.0, 0.27777767, 0.06296294, 0.72222215, 0.32962963, 4.814815, 6.0, 5.7777777, 2.6666667, 3.5555556, 2.8888888, -6.4444447, 6.2222223, 0.5746032, -0.9691188, positive
167.0, 189.0, 9.0, 0.0, 0.0, 3.7777774, 2.2377224, 3.7777774, 1.544405, 58.407406, 51.333332, 72.44444, 51.444443, -21.222221, 42.11111, -20.88889, 72.44444, 0.29552308, -2.1013258, negative
222.0, 189.0, 9.0, 0.0, 0.0, 0.833333, 1.0055403, 1.0000006, 1.1925697, 17.296297, 14.555555, 14.111111, 23.222221, -8.222222, -9.555555, 17.777779, 23.222221, 0.41042024, 2.0604427, negative
178.0, 43.0, 9.0, 0.0, 0.0, 1.1666654, 1.1000005, 1.1111107, 0.7407369, 125.25926, 115.666664, 140.22223, 119.888885, -28.777779, 44.88889, -16.11111, 140.22223, 0.17494753, -2.2706535, negative
40.0, 17.0, 9.0, 0.0, 0.0, 1.2777761, 0.95258045, 1.4444453, 1.1088861, 70.51852, 62.444443, 86.55556, 62.555557, -24.222221, 48.11111, -23.88889, 86.55556, 0.28623843, -2.098521, negative
106.0, 191.0, 9.0, 0.0, 0.0, 3.166668, 3.0313168, 2.8333313, 2.896358, 63.0, 55.11111, 79.55556, 54.333332, -23.666666, 49.666668, -26.0, 79.55556, 0.31752294, -2.0622857, negative
44.0, 33.0, 9.0, 0.0, 0.0, 1.1666641, 0.9368973, 1.0555534, 0.8541826, 125.888885, 114.666664, 141.77779, 121.22222, -33.666668, 47.666668, -14.0, 141.77779, 0.19121477, -2.3480024, negative
108.0, 113.0, 9.0, 0.0, 0.0, 0.44444442, 0.2074074, 0.44444442, 0.11851859, 5.5185184, 6.888889, 6.6666665, 3.0, 4.111111, 3.4444444, -7.5555553, 6.888889, 0.56613755, -0.9893081, positive
48.0, 192.0, 9.0, 0.0, 0.0, 1.2222224, 1.0074071, 2.8888886, 4.8296304, 9.962963, 8.666667, 7.4444447, 13.777778, -3.8888888, -7.5555553, 11.444445, 13.777778, 0.47623578, 1.908457, negative
162.0, 227.0, 9.0, 0.0, 0.0, 1.3888888, 0.99629617, 3.1666667, 8.611113, 13.962963, 10.111111, 14.444445, 17.333334, -11.555555, 1.4444444, 10.111111, 17.444445, 0.42550126, 2.7070513, negative
114.0, 121.0, 9.0, 0.0, 0.0, 0.44444442, 0.118518494, 0.6111112, 0.10740732, 6.4074073, 8.0, 7.4444447, 3.7777777, 4.7777777, 3.1111112, -7.888889, 8.0, 0.5282187, -0.91432446, positive
125.0, 149.0, 9.0, 0.0, 0.0, 0.0, 0.0, 0.0, 0.0, 0.0, 0.0, 0.0, 0.0, 0.0, 0.0, 0.0, 0.0, 0.0, 0.0, negative
223.0, 62.0, 9.0, 0.0, 0.0, 0.3333334, 0.29814243, 0.44444442, 0.50184846, 6.4444447, 4.111111, 11.444445, 3.7777777, -7.0, 15.0, -8.0, 11.444445, 0.6703704, -2.0487173, negative
140.0, 34.0, 9.0, 0.0, 0.0, 0.49999872, 0.12222204, 0.88888675, 0.20740815, 105.48148, 91.22222, 127.333336, 97.888885, -42.77778, 65.55556, -22.777779, 127.333336, 0.28352436, -2.286636, negative
133.0, 181.0, 9.0, 0.0, 0.0, 2.3888893, 2.1645303, 4.777777, 2.8648567, 41.25926, 37.77778, 49.555557, 36.444443, -10.444445, 24.88889, -14.444445, 49.555557, 0.2656194, -1.9983681, negative
19.0, 133.0, 9.0, 0.0, 0.0, 0.0, 0.0, 0.0, 0.0, 0.0, 0.0, 0.0, 0.0, 0.0, 0.0, 0.0, 0.0, 0.0, 0.0, negative
192.0, 51.0, 9.0, 0.0, 0.0, 0.72222394, 0.3896827, 0.94444275, 0.77220273, 108.74074, 95.22222, 127.0, 104.0, -40.555557, 54.77778, -14.222222, 127.0, 0.25013667, -2.3834376, negative
132.0, 223.0, 9.0, 0.0, 0.0, 2.1111112, 0.72008204, 1.7777777, 0.9349196, 16.518518, 13.222222, 13.444445, 22.88889, -9.888889, -9.222222, 19.11111, 22.88889, 0.43312526, 2.1195462, negative
118.0, 182.0, 9.0, 0.11111111, 0.0, 1.777778, 1.293861, 2.500002, 1.42595, 45.0, 41.666668, 54.333332, 39.0, -10.0, 28.0, -18.0, 54.333332, 0.28187475, -1.9106771, negative
37.0, 76.0, 9.0, 0.0, 0.0, 1.777778, 0.9185186, 1.8333334, 1.8111115, 8.259259, 3.7777777, 13.333333, 7.6666665, -13.444445, 15.222222, -1.7777778, 13.333333, 0.7230108, -2.5202148, negative
175.0, 14.0, 9.0, 0.0, 0.0, 0.88888806, 0.80737144, 1.2222227, 0.77936065, 113.81481, 100.111115, 132.11111, 109.22222, -41.11111, 54.88889, -13.777778, 132.11111, 0.24216007, -2.3911133, negative
101.0, 80.0, 9.0, 0.0, 0.0, 3.5555553, 1.8518513, 3.0, 3.8666666, 24.814816, 24.333334, 31.555555, 18.555555, -1.4444444, 20.222221, -18.777779, 31.555555, 0.4120944, -1.620451, positive
102.0, 73.0, 9.0, 0.0, 0.0, 0.3888893, 0.06296427, 1.6111107, 1.218518, 125.51852, 115.44444, 140.55556, 120.55556, -30.222221, 45.11111, -14.888889, 140.55556, 0.17863557, -2.3073962, negative
81.0, 67.0, 9.0, 0.0, 0.0, 0.83333206, 0.45947185, 0.8888893, 0.5837296, 122.888885, 112.333336, 138.44444, 117.888885, -31.666666, 46.666668, -15.0, 138.44444, 0.18855007, -2.3171885, negative
16.0, 128.0, 9.0, 0.0, 0.0, 0.5, 0.077777766, 0.66666675, 0.31111118, 5.5555553, 6.888889, 6.6666665, 3.1111112, 4.0, 3.3333333, -7.3333335, 7.111111, 0.56150794, -0.98581076, positive
75.0, 98.0, 9.0, 0.0, 0.0, 3.9444444, 45.84074, 4.6666665, 39.288876, 5.5185184, 2.3333335, 10.444445, 3.7777777, -9.555555, 14.777778, -5.2222223, 10.444445, 0.8721458, -2.2729733, negative
174.0, 96.0, 9.0, 0.22222222, 0.0, 2.2222226, 0.6885298, 0.944444, 0.8798158, 55.148148, 54.11111, 61.0, 50.333332, -3.1111112, 17.555555, -14.444445, 61.0, 0.17457852, -1.7204678, negative
144.0, 169.0, 9.0, 0.0, 0.0, 1.1111107, 0.77936363, 1.3888884, 0.74286735, 17.11111, 13.444445, 18.0, 19.88889, -11.0, 2.6666667, 8.333333, 19.88889, 0.32496518, 2.8348217, negative
45.0, 188.0, 9.0, 0.0, 0.0, 2.4444447, 2.740741, 3.1111116, 7.540742, 33.333332, 29.666666, 41.333336, 29.0, -11.0, 24.0, -13.0, 41.333336, 0.29986525, -2.0407205, negative
196.0, 134.0, 9.0, 0.0, 0.0, 0.5555556, 0.25185186, 0.7777777, 0.2962963, 6.0740743, 7.4444447, 7.111111, 3.6666667, 4.111111, 3.1111112, -7.2222223, 7.7777777, 0.5299824, -0.96631753, positive
75.0, 149.0, 9.0, 0.0, 0.0, 0.5, 0.12222223, 1.0555557, 0.50740725, 7.5185184, 5.5555553, 11.888889, 5.111111, -5.888889, 13.111111, -7.2222223, 11.888889, 0.57870835, -2.0186307, positive
167.0, 45.0, 9.0, 0.0, 0.0, 0.944444, 0.7296285, 0.61110944, 0.2851846, 101.22222, 87.111115, 124.0, 92.55556, -42.333332, 68.333336, -26.0, 124.0, 0.29741433, -2.2478156, negative
190.0, 81.0, 9.0, 0.0, 0.0, 1.2222214, 0.6518519, 1.8333334, 0.34444275, 42.925926, 39.444443, 51.555557, 37.77778, -10.444445, 25.88889, -15.444445, 51.555557, 0.26725134, -1.9704217, negative
104.0, 147.0, 9.0, 0.0, 0.11111111, 3.1111114, 2.1875062, 4.6666665, 2.5991445, 49.77778, 43.77778, 62.444443, 43.11111, -18.0, 38.0, -20.0, 62.444443, 0.30910617, -2.0563772, negative
86.0, 155.0, 9.0, 0.0, 0.0, 4.277778, 10.551853, 5.3888893, 60.240738, 8.740741, 6.6666665, 12.888889, 6.6666665, -6.2222223, 12.444445, -6.2222223, 12.888889, 0.3923854, -2.079296, negative
29.0, 66.0, 9.0, 0.0, 0.0, 2.5555553, 2.1629624, 2.1666667, 5.144446, 22.62963, 21.222221, 29.88889, 16.777779, -4.2222223, 21.777779, -17.555555, 29.88889, 0.43824613, -1.7335443, positive
42.0, 203.0, 9.0, 0.0, 0.0, 0.94444466, 0.6469296, 6.055556, 2.4623086, 54.51852, 48.666668, 67.111115, 47.77778, -17.555555, 37.77778, -20.222221, 67.111115, 0.28979304, -2.0465353, negative
169.0, 117.0, 9.0, 0.0, 0.0, 1.222222, 0.6206324, 1.111111, 1.2938602, 31.25926, 27.444445, 39.0, 27.333334, -11.444445, 23.222221, -11.777778, 39.0, 0.30714995, -2.0889142, negative
119.0, 181.0, 9.0, 0.11111111, 0.0, 0.7777774, 0.7503084, 3.277777, 1.6113026, 21.407408, 16.555555, 19.666668, 28.0, -14.555555, -5.2222223, 19.777779, 28.0, 0.40955147, 2.3788457, negative
131.0, 234.0, 9.0, 0.0, 0.0, 0.8333333, 0.29999986, 0.88888884, 0.60740733, 5.740741, 4.0, 4.4444447, 8.777778, -5.2222223, -3.8888888, 9.111111, 8.777778, 0.55661374, 2.1935678, negative
241.0, 145.0, 9.0, 0.0, 0.0, 0.0, 0.0, 0.0, 0.0, 0.0, 0.0, 0.0, 0.0, 0.0, 0.0, 0.0, 0.0, 0.0, 0.0, negative
173.0, 158.0, 9.0, 0.11111111, 0.0, 1.888889, 3.6740744, 1.1666666, 0.477778, 8.37037, 7.111111, 11.777778, 6.2222223, -3.7777777, 10.222222, -6.4444447, 11.777778, 0.47297516, -1.9046513, negative
128.0, 161.0, 9.0, 0.0, 0.0, 0.55555534, 0.25185192, 0.77777785, 0.16296278, 7.148148, 5.5555553, 10.888889, 5.0, -4.7777777, 11.222222, -6.4444447, 10.888889, 0.5409177, -1.9963073, negative
229.0, 175.0, 9.0, 0.0, 0.0, 1.166666, 0.52222264, 5.666666, 26.133337, 33.0, 29.0, 41.0, 29.0, -12.0, 24.0, -12.0, 41.0, 0.28683385, -2.091209, negative
217.0, 73.0, 9.0, 0.0, 0.0, 0.88888884, 0.78518516, 1.7222223, 0.86296207, 4.851852, 1.7777778, 9.666667, 3.1111112, -9.222222, 14.444445, -5.2222223, 9.666667, 0.82250714, -2.268176, negative
31.0, 106.0, 9.0, 0.0, 0.0, 1.6111107, 0.7296303, 0.7222223, 1.1740737, 19.11111, 19.555555, 23.666666, 14.111111, 1.3333334, 13.666667, -15.0, 23.666666, 0.40322387, -1.4845796, positive
199.0, 116.0, 9.0, 0.0, 0.0, 0.5555555, 0.2962963, 0.44444442, 0.029629644, 1.962963, 0.6666667, 4.888889, 0.33333334, -3.8888888, 8.777778, -4.888889, 4.888889, 0.94074076, -2.018925, negative
244.0, 194.0, 9.0, 0.0, 0.0, 1.722222, 1.14342, 2.277778, 2.03761, 49.74074, 44.444443, 61.666668, 43.11111, -15.888889, 35.77778, -19.88889, 61.666668, 0.30085307, -2.0218375, negative
2.0, 96.0, 9.0, 0.0, 0.0, 3.833333, 13.2777815, 2.3333333, 7.5111103, 5.2222223, 2.1111112, 9.777778, 3.7777777, -9.333333, 13.666667, -4.3333335, 9.777778, 0.82478386, -2.3306925, negative
23.0, 237.0, 9.0, 0.0, 0.0, 1.6666666, 2.444445, 1.7777777, 2.074075, 5.851852, 4.2222223, 4.5555553, 8.777778, -4.888889, -3.8888888, 8.777778, 8.777778, 0.54126585, 2.1805263, negative
94.0, 67.0, 9.0, 0.0, 0.0, 2.5555556, 3.3629644, 1.5555557, 1.1851852, 23.74074, 22.88889, 30.777779, 17.555555, -2.5555556, 21.11111, -18.555555, 30.777779, 0.42989677, -1.6701708, positive
212.0, 68.0, 9.0, 0.11111111, 0.0, 2.8888886, 2.083444, 1.8333334, 0.93689704, 37.962963, 37.555557, 41.666668, 34.666668, -1.2222222, 11.111111, -9.888889, 41.666668, 0.16790761, -1.6596414, negative
17.0, 18.0, 9.0, 0.0, 0.0, 1.2222214, 1.2938598, 1.2777773, 1.2546203, 125.62963, 114.0, 142.0, 120.888885, -34.88889, 49.11111, -14.222222, 142.0, 0.1971055, -2.3521838, negative
225.0, 244.0, 9.0, 0.0, 0.0, 3.3888886, 2.1951127, 2.9999998, 1.5202343, 12.259259, 10.333334, 9.333334, 17.11111, -5.7777777, -8.777778, 14.555555, 17.11111, 0.48014903, 1.9879022, negative
39.0, 138.0, 9.0, 0.0, 0.0, 1.1111107, 0.50184846, 2.3888893, 1.638653, 54.62963, 49.11111, 66.77778, 48.0, -16.555555, 36.444443, -19.88889, 66.77778, 0.28091076, -2.0296564, negative
180.0, 162.0, 9.0, 0.0, 0.0, 3.1111095, 5.762963, 12.944446, 9.396256, 41.48148, 35.666668, 50.555557, 38.22222, -17.444445, 27.222221, -9.777778, 50.555557, 0.29110643, -2.3353713, negative
163.0, 152.0, 9.0, 0.0, 0.0, 0.0, 0.0, 0.0, 0.0, 0.0, 0.0, 0.0, 0.0, 0.0, 0.0, 0.0, 0.0, 0.0, 0.0, negative
96.0, 119.0, 9.0, 0.0, 0.0, 0.3333333, 0.08888888, 0.5555555, 0.20740744, 1.4444444, 0.0, 4.2222223, 0.11111111, -4.3333335, 8.333333, -4.0, 4.2222223, 1.0, -2.1137195, negative
207.0, 215.0, 9.0, 0.0, 0.0, 3.222222, 2.0403335, 2.4999998, 1.6158936, 23.814816, 18.11111, 22.666666, 30.666666, -17.11111, -3.4444444, 20.555555, 30.666666, 0.40983668, 2.4717567, negative
10.0, 190.0, 9.0, 0.0, 0.0, 2.6666672, 6.977775, 2.5000007, 2.6555543, 32.962963, 29.333334, 41.11111, 28.444445, -10.888889, 24.444445, -13.555555, 41.11111, 0.30570525, -2.020042, negative
212.0, 160.0, 9.0, 0.0, 0.0, 1.4444441, 1.2938602, 1.4444443, 1.7722135, 23.25926, 17.777779, 23.444445, 28.555555, -16.444445, 0.5555556, 15.888889, 28.555555, 0.37821564, 2.6425967, negative
97.0, 21.0, 9.0, 0.0, 0.0, 0.944444, 0.6116148, 1.3333321, 0.8692265, 126.81481, 115.0, 142.88889, 122.55556, -35.444443, 48.22222, -12.777778, 142.88889, 0.19512747, -2.3778136, negative
129.0, 91.0, 9.0, 0.0, 0.11111111, 27.277779, 752.24066, 25.277779, 377.9295, 44.296295, 38.444443, 52.666668, 41.77778, -17.555555, 25.11111, -7.5555553, 52.666668, 0.34888473, -2.3202722, negative
191.0, 47.0, 9.0, 0.0, 0.0, 0.44444528, 0.38518775, 1.1111094, 0.38518983, 135.74074, 129.0, 146.33334, 131.88889, -20.222221, 31.777779, -11.555555, 146.33334, 0.11839892, -2.2625546, negative
148.0, 192.0, 9.0, 0.11111111, 0.0, 4.0000005, 2.1807232, 4.944445, 3.866763, 58.11111, 51.77778, 72.0, 50.555557, -19.0, 41.666668, -22.666666, 72.0, 0.2993077, -2.0340476, negative
45.0, 111.0, 9.0, 0.0, 0.0, 0.49999967, 0.34960282, 0.9999998, 0.7888104, 16.11111, 12.222222, 23.777779, 12.333333, -11.666667, 23.0, -11.333333, 23.777779, 0.4898966, -2.1006706, negative
245.0, 140.0, 9.0, 0.0, 0.0, 0.16666666, 0.27888668, 0.6111111, 0.7428674, 0.4074074, 0.22222222, 0.7777778, 0.22222222, -0.5555556, 1.1111112, -0.5555556, 0.7777778, 0.24074075, -2.0943952, negative
25.0, 18.0, 9.0, 0.0, 0.0, 0.6666654, 0.08888919, 0.55555344, 0.3851843, 114.14815, 102.44444, 132.33334, 107.666664, -35.11111, 54.555557, -19.444445, 132.33334, 0.22572522, -2.2784517, negative
14.0, 134.0, 9.0, 0.0, 0.0, 0.38888884, 0.062962994, 0.38888893, 0.062963024, 5.296296, 6.7777777, 6.2222223, 2.8888888, 4.4444447, 2.7777777, -7.2222223, 7.0, 0.5873016, -0.91263086, positive
42.0, 133.0, 9.0, 0.0, 0.0, 1.1666667, 1.9061303, 2.7222223, 3.1581755, 2.7037036, 1.2222222, 5.0, 1.8888888, -4.4444447, 6.888889, -2.4444444, 5.0, 0.8606061, -2.208419, negative
29.0, 100.0, 9.0, 0.0, 0.0, 2.2222226, 1.3629644, 2.6666672, 3.6444447, 20.62963, 20.88889, 25.555555, 15.444445, 0.7777778, 14.777778, -15.555555, 25.555555, 0.39433068, -1.519702, positive
57.0, 93.0, 9.0, 0.0, 0.0, 0.38888898, 0.38968158, 0.22222202, 0.17213243, 17.925926, 13.222222, 27.11111, 13.444445, -14.111111, 27.555555, -13.444445, 27.11111, 0.5119048, -2.1104572, negative
208.0, 34.0, 9.0, 0.0, 0.0, 1.7222224, 1.7309811, 0.4444445, 0.50184834, 14.444445, 10.777778, 21.0, 11.555555, -11.0, 19.666666, -8.666667, 21.0, 0.479958, -2.1623826, negative
108.0, 130.0, 9.0, 0.0, 0.0, 0.94444466, 0.59629655, 1.0000001, 0.66666657, 6.6296296, 8.444445, 7.2222223, 4.2222223, 5.4444447, 1.7777778, -7.2222223, 8.444445, 0.5010141, -0.76407653, positive
70.0, 122.0, 9.0, 0.0, 0.0, 3.6666667, 4.033196, 4.111111, 3.7810435, 19.88889, 17.88889, 25.11111, 16.666668, -6.0, 15.666667, -9.666667, 26.444445, 0.40249237, -1.5402138, negative
2.0, 44.0, 9.0, 0.0, 0.0, 2.1666672, 2.3888876, 2.3888896, 1.5296285, 18.74074, 17.333334, 25.222221, 13.666667, -4.2222223, 19.444445, -15.222222, 25.222221, 0.45768142, -1.7537255, positive
186.0, 162.0, 9.0, 0.0, 0.0, 1.6111122, 0.59629595, 12.388888, 66.818535, 44.074074, 37.444443, 54.666668, 40.11111, -19.88889, 31.777779, -11.888889, 54.666668, 0.3015076, -2.3866708, negative
40.0, 35.0, 9.0, 0.0, 0.0, 0.7222226, 0.25092337, 1.0555547, 0.6469281, 69.44444, 61.77778, 85.333336, 61.22222, -23.0, 47.666668, -24.666666, 85.333336, 0.2874884, -2.0742002, negative
105.0, 139.0, 9.0, 0.0, 0.0, 0.27777782, 0.107407436, 0.83333325, 0.52222216, 6.111111, 7.5555553, 7.2222223, 3.5555556, 4.3333335, 3.3333333, -7.6666665, 7.5555553, 0.5326279, -0.96594584, positive
99.0, 107.0, 9.0, 0.11111111, 0.0, 1.5555557, 2.0296292, 3.3333333, 2.2666647, 18.62963, 19.444445, 23.0, 13.444445, 2.4444444, 13.111111, -15.555555, 23.11111, 0.41378537, -1.3703691, positive
206.0, 133.0, 9.0, 0.0, 0.0, 0.055555556, 0.13608277, 0.055555556, 0.13608277, 0.37037036, 0.0, 1.1111112, 0.0, -1.1111112, 2.2222223, -1.1111112, 1.1111112, 1.0, -2.0943952, negative
39.0, 17.0, 9.0, 0.0, 0.0, 1.1111107, 1.0886621, 0.88889056, 0.8073737, 71.18519, 63.333332, 87.333336, 62.88889, -23.555555, 48.444443, -24.88889, 87.333336, 0.2848739, -2.0751612, negative
72.0, 111.0, 9.0, 0.0, 0.0, 0.5, 0.3, 0.9444444, 1.396296, 1.2962962, 0.0, 3.5555556, 0.33333334, -3.8888888, 6.7777777, -2.8888888, 3.5555556, 1.0, -2.1394942, negative
95.0, 141.0, 9.0, 0.0, 0.0, 0.72222215, 0.24074078, 0.72222215, 0.1518519, 1.5555556, 0.11111111, 3.6666667, 0.8888889, -4.3333335, 6.3333335, -2.0, 3.6666667, 0.9777778, -2.2859912, negative
199.0, 220.0, 9.0, 0.0, 0.0, 1.1666667, 0.83333284, 0.88888884, 0.47407386, 6.6296296, 5.3333335, 5.0, 9.555555, -3.8888888, -4.888889, 8.777778, 9.555555, 0.5039001, 2.0308669, negative
112.0, 77.0, 9.0, 0.0, 0.0, 0.94444656, 0.57413495, 1.1666654, 0.80966693, 107.62963, 93.888885, 125.22222, 103.77778, -41.22222, 52.77778, -11.555555, 125.22222, 0.2501428, -2.4246798, negative
26.0, 211.0, 9.0, 0.0, 0.0, 1.6666666, 1.4666667, 1.6666669, 1.8222221, 16.37037, 13.777778, 14.666667, 20.666668, -7.7777777, -5.111111, 12.888889, 20.666668, 0.33385554, 2.239034, negative
18.0, 87.0, 9.0, 0.0, 0.0, 1.5555555, 1.9626132, 1.8888887, 1.7469552, 2.925926, 1.2222222, 5.6666665, 1.8888888, -5.111111, 8.222222, -3.1111112, 5.6666665, 0.86277056, -2.2294934, negative
179.0, 162.0, 9.0, 0.0, 0.0, 1.9444447, 1.3074076, 14.055556, 5.929622, 40.296295, 34.666668, 49.22222, 37.0, -16.88889, 26.777779, -9.888889, 49.22222, 0.28965172, -2.3411982, negative
93.0, 190.0, 9.0, 0.0, 0.0, 5.5000014, 1.8226972, 2.6111114, 3.234651, 53.592594, 47.333332, 66.88889, 46.555557, -18.777779, 39.88889, -21.11111, 66.88889, 0.3036015, -2.052546, negative
251.0, 24.0, 9.0, 0.0, 0.0, 1.1666666, 0.9666646, 1.6111094, 0.41851908, 121.62963, 110.77778, 137.77779, 116.333336, -32.555557, 48.444443, -15.888889, 137.77779, 0.19597653, -2.3079143, negative
209.0, 70.0, 9.0, 0.0, 0.11111111, 2.222223, 1.8216797, 8.777778, 3.4619644, 36.74074, 33.666668, 44.444443, 32.11111, -9.222222, 23.11111, -13.888889, 44.444443, 0.27335805, -1.9605819, negative
231.0, 124.0, 9.0, 0.0, 0.0, 3.4444447, 14.962965, 1.8333334, 6.4333353, 3.0, 1.4444444, 5.888889, 1.6666666, -4.6666665, 8.666667, -4.0, 5.888889, 0.895369, -2.118937, negative
47.0, 127.0, 9.0, 0.0, 0.0, 1.166667, 0.9603239, 1.0555559, 0.49065298, 17.592592, 9.0, 30.11111, 13.666667, -25.777779, 37.555557, -11.777778, 30.11111, 0.70147634, -2.326275, negative
140.0, 124.0, 9.0, 0.0, 0.0, 1.0, 0.44444454, 1.1111112, 1.0518516, 2.5185184, 0.22222222, 6.111111, 1.2222222, -6.888889, 10.777778, -3.8888888, 6.111111, 0.97376543, -2.267462, negative
36.0, 243.0, 9.0, 0.11111111, 0.0, 1.888889, 1.8518513, 2.0, 0.7111104, 13.333333, 9.888889, 12.111111, 18.0, -10.333333, -3.6666667, 14.0, 18.0, 0.4522286, 2.3683105, negative
164.0, 83.0, 9.0, 0.11111111, 0.0, 2.5, 6.077768, 1.5555559, 0.78518397, 66.25926, 60.22222, 79.66667, 58.88889, -18.11111, 40.22222, -22.11111, 79.66667, 0.26032928, -2.0277708, negative
64.0, 19.0, 9.0, 0.0, 0.0, 0.9444453, 0.15185343, 1.6666718, 0.31110966, 137.77777, 131.55556, 146.44444, 135.33334, -18.666666, 26.0, -7.3333335, 146.44444, 0.10151485, -2.3586016, negative
9.0, 80.0, 9.0, 0.0, 0.0, 2.9444444, 13.751853, 16.666666, 71.5111, 23.62963, 17.333334, 31.666666, 21.88889, -18.88889, 24.11111, -5.2222223, 31.666666, 0.5142537, -2.4315135, negative
160.0, 168.0, 9.0, 0.0, 0.0, 1.5, 1.1498789, 0.6666663, 0.47140402, 25.11111, 20.88889, 23.0, 31.444445, -12.666667, -6.3333335, 19.0, 31.444445, 0.33538613, 2.302124, negative
222.0, 54.0, 9.0, 0.0, 0.0, 1.1666718, 0.16666654, 1.0, 0.84444314, 134.33333, 127.55556, 145.55556, 129.88889, -20.333334, 33.666668, -13.333333, 145.55556, 0.12431249, -2.231555, negative
30.0, 91.0, 9.0, 0.0, 0.0, 3.3888886, 6.4629617, 3.277778, 9.040739, 6.259259, 2.4444444, 12.111111, 4.2222223, -11.444445, 17.555555, -6.111111, 12.111111, 0.82302064, -2.2827444, negative
23.0, 188.0, 9.0, 0.0, 0.0, 1.6666673, 0.4888878, 7.38889, 37.218513, 30.592592, 27.444445, 37.77778, 26.555555, -9.444445, 21.555555, -12.111111, 37.77778, 0.28414816, -2.0145087, negative
158.0, 219.0, 9.0, 0.11111111, 0.0, 2.277778, 3.5296311, 2.1111112, 4.074075, 14.888889, 11.444445, 13.555555, 19.666668, -10.333333, -4.0, 14.333333, 19.666668, 0.42601216, 2.3586955, negative
33.0, 104.0, 9.0, 0.11111111, 0.0, 1.5555559, 0.96296257, 3.0555563, 5.040743, 20.185184, 20.222221, 24.88889, 15.444445, 0.11111111, 14.111111, -14.222222, 24.88889, 0.38036656, -1.5553759, positive
183.0, 29.0, 9.0, 0.0, 0.0, 0.7777786, 0.6074099, 0.7777786, 0.4296294, 103.25926, 88.77778, 126.333336, 94.666664, -43.444443, 69.22222, -25.777779, 126.333336, 0.2972053, -2.2572172, negative
120.0, 124.0, 9.0, 0.0, 0.0, 8.999999, 112.57778, 11.166668, 184.5222, 53.77778, 49.0, 64.44444, 47.88889, -14.333333, 32.0, -17.666666, 64.44444, 0.26124597, -2.0173788, negative
137.0, 94.0, 9.0, 0.22222222, 0.0, 1.666667, 0.7999998, 3.666667, 2.8888905, 21.222221, 20.666668, 27.333334, 15.666667, -1.6666666, 18.333334, -16.666666, 27.333334, 0.42781135, -1.627145, positive
23.0, 142.0, 9.0, 0.0, 0.0, 0.38888893, 0.1074074, 0.9444444, 0.37407392, 5.037037, 6.5555553, 5.7777777, 2.7777777, 4.5555553, 2.2222223, -6.7777777, 6.5555553, 0.57473546, -0.8297117, positive
113.0, 128.0, 9.0, 0.0, 0.0, 0.22222222, 0.07407408, 0.38888887, 0.15185186, 0.7407407, 0.0, 2.2222223, 0.0, -2.2222223, 4.4444447, -2.2222223, 2.2222223, 1.0, -2.0943952, negative
144.0, 187.0, 9.0, 0.0, 0.0, 1.9444441, 2.0484867, 6.222222, 3.512938, 56.148148, 49.88889, 69.66667, 48.88889, -18.777779, 40.555557, -21.777779, 69.66667, 0.29995137, -2.0438795, negative
101.0, 121.0, 9.0, 0.11111111, 0.0, 0.6666667, 0.843274, 1.5, 0.88819396, 3.4074075, 1.1111112, 6.0, 3.1111112, -6.888889, 7.7777777, -0.8888889, 6.0, 0.8435185, -2.5191648, negative
197.0, 236.0, 9.0, 0.0, 0.0, 2.4444444, 6.829628, 3.3333333, 7.599998, 16.074074, 13.111111, 16.666668, 18.444445, -8.888889, 1.7777778, 7.111111, 18.555555, 0.29272884, 2.7898002, negative
185.0, 110.0, 9.0, 0.0, 0.0, 18.444445, 375.09625, 1.2777773, 0.59629697, 50.666668, 46.11111, 60.444443, 45.444443, -13.666667, 29.333334, -15.666667, 60.444443, 0.24925283, -2.0325177, negative
106.0, 136.0, 9.0, 0.0, 0.0, 0.3333333, 0.17777778, 0.38888887, 0.1074074, 0.7037037, 0.11111111, 1.8888888, 0.11111111, -1.7777778, 3.5555556, -1.7777778, 1.8888888, 0.962963, -2.0943952, negative
245.0, 176.0, 9.0, 0.0, 0.0, 1.0000006, 0.516398, 1.0, 0.5577736, 18.481482, 15.111111, 17.0, 23.333334, -10.111111, -4.4444447, 14.555555, 23.333334, 0.35206997, 2.332243, negative
233.0, 159.0, 9.0, 0.0, 0.0, 2.4999998, 0.5222224, 1.2777778, 1.5740741, 6.6296296, 5.111111, 10.111111, 4.666667, -4.5555553, 10.444445, -5.888889, 10.111111, 0.5416667, -1.9994432, negative
160.0, 30.0, 9.0, 0.0, 0.0, 0.22222137, 0.27216452, 0.61110944, 0.6116157, 111.22222, 97.666664, 129.0, 107.0, -40.666668, 53.333332, -12.666667, 129.0, 0.24285044, -2.405295, negative
140.0, 16.0, 9.0, 0.0, 0.0, 0.5, 0.34444305, 0.88889056, 0.3851836, 111.81481, 99.111115, 131.11111, 105.22222, -38.11111, 57.88889, -19.777779, 131.11111, 0.2440208, -2.2939334, negative
100.0, 124.0, 9.0, 0.0, 0.0, 0.27777767, 0.06296294, 0.99999994, 0.4444444, 7.0740743, 8.222222, 8.777778, 4.2222223, 3.4444444, 5.111111, -8.555555, 9.0, 0.5311728, -1.1570816, positive
238.0, 98.0, 9.0, 0.0, 0.0, 1.333334, 1.2888875, 1.2777773, 0.5962972, 52.851852, 47.555557, 64.66667, 46.333332, -15.888889, 35.444443, -19.555555, 64.66667, 0.28510964, -2.025773, negative
160.0, 110.0, 9.0, 0.0, 0.0, 0.833333, 0.6912145, 0.4444437, 0.2721654, 31.62963, 27.222221, 39.333336, 28.333334, -13.222222, 23.11111, -9.888889, 39.333336, 0.3074441, -2.1872416, negative
241.0, 76.0, 9.0, 0.0, 0.0, 0.83333206, 0.21111444, 1.3333334, 0.71110994, 90.07407, 74.55556, 116.55556, 79.111115, -46.555557, 79.44444, -32.88889, 116.55556, 0.3601942, -2.2080188, negative
199.0, 100.0, 9.0, 0.0, 0.0, 2.3888886, 1.4407414, 2.4444444, 6.02963, 6.0740743, 2.7777777, 11.555555, 3.8888888, -9.888889, 16.444445, -6.5555553, 11.555555, 0.7738155, -2.2262468, negative
35.0, 189.0, 9.0, 0.0, 0.0, 2.5555544, 2.8740702, 4.5, 15.366663, 31.925926, 29.0, 38.555557, 28.222221, -8.777778, 19.88889, -11.111111, 38.555557, 0.26298115, -2.0222268, negative
166.0, 222.0, 9.0, 0.0, 0.0, 1.5555555, 0.83444345, 1.1666665, 0.6236094, 10.481482, 8.666667, 6.6666665, 16.11111, -5.4444447, -11.444445, 16.88889, 16.11111, 0.58765954, 1.8704867, negative
172.0, 31.0, 9.0, 0.0, 0.0, 0.7222214, 0.4185166, 0.6666641, 0.7111098, 136.40741, 130.77779, 145.44444, 133.0, -16.88889, 27.11111, -10.222222, 145.44444, 0.100709505, -2.2515037, negative
240.0, 75.0, 9.0, 0.0, 0.0, 29.222221, 749.76294, 10.222221, 99.0963, 38.037037, 29.777779, 50.666668, 33.666668, -24.777779, 37.88889, -13.111111, 50.666668, 0.46491185, -2.2841873, negative
114.0, 184.0, 9.0, 0.0, 0.0, 0.7222226, 0.32962984, 9.388888, 28.951855, 31.185184, 28.444445, 37.11111, 28.0, -8.222222, 17.777779, -9.555555, 37.11111, 0.23234288, -2.1603296, negative
244.0, 79.0, 9.0, 0.0, 0.0, 0.5555547, 0.11851797, 1.0555534, 0.46296528, 89.44444, 73.55556, 115.333336, 79.44444, -47.666668, 77.666664, -30.0, 115.333336, 0.36217153, -2.2416325, negative
195.0, 119.0, 9.0, 0.0, 0.11111111, 3.611111, 1.4050171, 1.2222223, 0.91084015, 8.62963, 5.888889, 13.666667, 6.3333335, -8.222222, 15.111111, -6.888889, 13.666667, 0.58956474, -2.1427078, negative
170.0, 36.0, 9.0, 0.0, 0.0, 1.1111107, 0.34074324, 1.8333346, 1.4555568, 103.03704, 89.55556, 125.22222, 94.333336, -40.444443, 66.55556, -26.11111, 125.22222, 0.2846535, -2.2323463, negative
252.0, 194.0, 9.0, 0.0, 0.0, 2.1666667, 0.7817362, 2.055556, 2.0266738, 18.555555, 15.0, 15.333333, 25.333334, -10.666667, -9.666667, 20.333334, 25.333334, 0.42249063, 2.1265156, negative
235.0, 88.0, 9.0, 0.0, 0.0, 0.3333335, 0.044444498, 0.4444445, 0.074074045, 12.259259, 7.5555553, 21.11111, 8.111112, -14.111111, 26.555555, -12.444445, 21.11111, 0.6417749, -2.136677, negative
39.0, 60.0, 9.0, 0.11111111, 0.0, 1.5555559, 1.1407412, 2.444445, 1.94074, 22.62963, 21.333334, 30.0, 16.555555, -3.8888888, 22.11111, -18.222221, 30.0, 0.44663557, -1.7093887, positive
18.0, 145.0, 9.0, 0.0, 0.0, 0.38888896, 0.018518496, 0.6111111, 0.3740741, 3.925926, 5.5555553, 4.0, 2.2222223, 4.888889, 0.22222222, -5.111111, 5.5555553, 0.6005291, -0.57094, positive
203.0, 133.0, 9.0, 0.0, 0.0, 0.055555556, 0.13608277, 0.055555556, 0.13608277, 0.2962963, 0.0, 0.8888889, 0.0, -0.8888889, 1.7777778, -0.8888889, 0.8888889, 0.8888889, -2.0943952, negative
96.0, 115.0, 9.0, 0.0, 0.0, 1.9999999, 0.9660915, 3.3333333, 1.4142128, 14.777778, 8.444445, 22.88889, 13.0, -19.0, 24.333334, -5.3333335, 22.88889, 0.6183277, -2.4590404, negative
46.0, 238.0, 9.0, 0.0, 0.0, 1.0555557, 0.8277594, 2.166667, 1.8226967, 13.259259, 9.666667, 12.666667, 17.444445, -10.777778, -1.7777778, 12.555555, 17.444445, 0.44550914, 2.5082257, negative
146.0, 124.0, 9.0, 0.0, 0.0, 0.4999999, 0.16666664, 0.38888875, 0.107407376, 6.037037, 7.4444447, 7.3333335, 3.3333333, 4.2222223, 3.8888888, -8.111111, 7.6666665, 0.56349206, -1.0247301, positive
17.0, 124.0, 9.0, 0.0, 0.0, 1.1666666, 0.6111112, 1.4444445, 0.7851852, 1.1481482, 0.22222222, 2.6666667, 0.5555556, -2.7777777, 4.5555553, -1.7777778, 2.6666667, 0.9537037, -2.1692097, negative
209.0, 66.0, 9.0, 0.0, 0.0, 1.0555559, 0.4629649, 1.1111132, 0.60740495, 93.44444, 79.111115, 117.333336, 83.888885, -43.0, 71.666664, -28.666666, 117.333336, 0.32571116, -2.2248445, negative
19.0, 62.0, 9.0, 0.0, 0.0, 11.222222, 0.8860996, 0.6666667, 0.36514628, 62.814816, 53.77778, 80.0, 54.666668, -27.11111, 51.555557, -24.444445, 80.0, 0.32936445, -2.1262069, negative
188.0, 110.0, 9.0, 0.0, 0.0, 0.77777773, 0.5185184, 0.77777785, 0.9629633, 4.2222223, 2.7777777, 7.4444447, 2.4444444, -4.3333335, 9.666667, -5.3333335, 7.4444447, 0.67526454, -2.021228, negative
152.0, 247.0, 9.0, 0.0, 0.22222222, 1.6111107, 1.2185191, 7.1111107, 4.340751, 21.925926, 21.11111, 25.11111, 19.555555, -2.4444444, 9.555555, -7.111111, 25.11111, 0.21578804, -1.7554835, negative
234.0, 177.0, 9.0, 0.0, 0.0, 1.111111, 0.4740733, 0.88888884, 0.5629634, 16.25926, 12.555555, 15.444445, 20.777779, -11.111111, -2.4444444, 13.555555, 20.777779, 0.3963988, 2.4621184, negative
53.0, 176.0, 9.0, 0.0, 0.0, 1.9444453, 0.8798155, 1.5555559, 1.9962938, 50.296295, 45.444443, 62.11111, 43.333332, -14.555555, 35.444443, -20.88889, 62.11111, 0.3024212, -1.9775702, negative
189.0, 141.0, 9.0, 0.0, 0.0, 0.0, 0.0, 0.0, 0.0, 0.0, 0.0, 0.0, 0.0, 0.0, 0.0, 0.0, 0.0, 0.0, 0.0, negative
177.0, 190.0, 9.0, 0.0, 0.0, 0.94444466, 0.82775986, 1.3888893, 0.9525794, 52.407406, 47.333332, 64.55556, 45.333332, -15.222222, 36.444443, -21.222221, 64.55556, 0.29773334, -1.9858987, negative
60.0, 196.0, 9.0, 0.0, 0.0, 1.4444447, 1.0470428, 4.444444, 1.9962916, 51.148148, 45.333332, 63.333332, 44.77778, -17.444445, 36.555557, -19.11111, 63.333332, 0.2976887, -2.059262, negative
2.0, 114.0, 9.0, 0.0, 0.0, 0.8333333, 0.12222227, 0.27777782, 0.06296296, 1.7407408, 0.7777778, 3.8888888, 0.5555556, -2.8888888, 6.4444447, -3.5555556, 3.8888888, 0.88148147, -2.0270298, negative
145.0, 185.0, 9.0, 0.11111111, 0.0, 2.7777767, 2.257497, 2.2222214, 1.9512575, 56.25926, 49.88889, 69.88889, 49.0, -19.11111, 40.88889, -21.777779, 69.88889, 0.30228263, -2.0510557, negative
107.0, 129.0, 9.0, 0.0, 0.0, 0.55555564, 0.56296325, 0.8888889, 0.8740743, 6.6666665, 8.444445, 7.5555553, 4.0, 5.3333335, 2.6666667, -8.0, 8.444445, 0.53055555, -0.8439043, positive
238.0, 86.0, 9.0, 0.0, 0.0, 0.44444403, 0.02962958, 0.33333302, 0.044444356, 12.0, 7.5555553, 20.444445, 8.0, -13.333333, 25.333334, -12.0, 20.444445, 0.6295031, -2.1283617, negative
66.0, 109.0, 9.0, 0.0, 0.0, 0.83333206, 0.80966556, 1.0000013, 0.8432756, 102.48148, 89.44444, 122.22222, 95.77778, -39.11111, 59.22222, -20.11111, 122.22222, 0.26811782, -2.2975464, negative
18.0, 70.0, 9.0, 0.0, 0.11111111, 9.444444, 5.897896, 9.944444, 6.9487534, 21.037037, 16.222223, 26.666666, 20.222221, -14.444445, 16.88889, -2.4444444, 26.666666, 0.4158355, -2.5142038, negative
32.0, 206.0, 9.0, 0.0, 0.11111111, 2.8333328, 1.7732568, 5.611111, 2.8080564, 57.62963, 50.444443, 72.111115, 50.333332, -21.555555, 43.444443, -21.88889, 72.111115, 0.30568013, -2.0859342, negative
184.0, 145.0, 9.0, 0.0, 0.0, 0.72222227, 0.6116159, 0.22222222, 0.2721655, 0.5555556, 0.33333334, 1.2222222, 0.11111111, -0.6666667, 2.0, -1.3333334, 1.2222222, 0.5277778, -1.9209436, negative
165.0, 119.0, 9.0, 0.0, 0.0, 1.0555553, 1.5740752, 1.4444441, 0.829629, 29.481482, 23.222221, 40.333336, 24.88889, -18.777779, 32.555557, -13.777778, 40.333336, 0.42571348, -2.1877813, negative
126.0, 141.0, 9.0, 0.0, 0.0, 1.3888887, 1.3518527, 0.88888884, 0.8296295, 3.2592592, 0.44444445, 7.6666665, 1.6666666, -8.444445, 13.222222, -4.7777777, 7.6666665, 0.95308644, -2.2571225, negative
176.0, 100.0, 9.0, 0.0, 0.0, 1.9444441, 0.7740748, 1.4444447, 0.6518514, 55.37037, 50.333332, 66.88889, 48.88889, -15.111111, 34.555557, -19.444445, 66.88889, 0.26862052, -2.00619, negative
103.0, 130.0, 9.0, 0.0, 0.0, 0.33333334, 0.0, 0.27777776, 0.38968173, 0.7777778, 0.0, 2.3333335, 0.0, -2.3333333, 4.6666665, -2.3333333, 2.3333335, 1.0, -2.0943952, negative
234.0, 161.0, 9.0, 0.0, 0.0, 0.888889, 0.501849, 1.6111113, 1.4050179, 19.037037, 15.111111, 17.0, 25.0, -11.777778, -6.111111, 17.88889, 25.0, 0.39559862, 2.292736, negative
83.0, 133.0, 9.0, 0.11111111, 0.0, 2.3333347, 2.1395726, 1.166666, 1.0697864, 48.666668, 41.555557, 62.555557, 41.88889, -21.333334, 41.666668, -20.333334, 62.555557, 0.33914515, -2.1117887, negative
158.0, 76.0, 9.0, 0.0, 0.0, 0.833333, 0.65828085, 3.277778, 3.065339, 34.851852, 31.88889, 42.0, 30.666666, -8.888889, 21.444445, -12.555555, 42.0, 0.2703099, -1.9814991, negative
170.0, 154.0, 9.0, 0.0, 0.0, 0.11111111, 0.17213261, 0.055555556, 0.13608277, 0.074074075, 0.0, 0.22222222, 0.0, -0.22222222, 0.44444445, -0.22222222, 0.22222222, 0.22222222, -2.0943952, negative
8.0, 226.0, 9.0, 0.0, 0.0, 2.8888886, 1.9851301, 1.111111, 0.4554203, 18.0, 14.0, 15.777778, 24.222221, -12.0, -6.6666665, 18.666666, 24.222221, 0.424404, 2.2730305, negative
58.0, 95.0, 9.0, 0.0, 0.0, 2.166667, 1.6333324, 1.9444445, 0.68518573, 4.4444447, 1.2222222, 9.0, 3.1111112, -9.666667, 13.666667, -4.0, 9.0, 0.8749174, -2.3338044, negative
207.0, 58.0, 9.0, 0.0, 0.0, 0.8333308, 0.45946908, 1.0000013, 0.4216377, 122.0, 110.111115, 138.77779, 117.111115, -35.666668, 50.333332, -14.666667, 138.77779, 0.20650265, -2.3492694, negative
240.0, 79.0, 9.0, 0.0, 0.0, 16.277779, 40.862957, 14.166667, 155.3222, 32.77778, 24.333334, 45.77778, 28.222221, -25.333334, 39.0, -13.666667, 45.77778, 0.48906165, -2.2862954, negative
146.0, 72.0, 9.0, 0.0, 0.0, 0.944444, 0.507407, 1.6666664, 0.5777763, 26.222221, 23.777779, 35.444447, 19.444445, -7.3333335, 27.666666, -20.333334, 35.444447, 0.45092598, -1.8078662, positive
69.0, 92.0, 9.0, 0.11111111, 0.0, 1.888889, 4.518517, 1.9999999, 1.0222219, 19.37037, 20.222221, 23.333334, 14.555555, 2.5555556, 11.888889, -14.444445, 23.333334, 0.37657413, -1.4082419, positive
35.0, 42.0, 9.0, 0.11111111, 0.0, 1.0555559, 0.1518514, 1.388889, 0.5074066, 22.592592, 20.0, 31.11111, 16.666668, -7.7777777, 25.555555, -17.777779, 31.11111, 0.46275216, -1.8424939, positive
92.0, 44.0, 9.0, 0.11111111, 0.0, 0.7222226, 0.5741352, 1.1666654, 1.048809, 123.81481, 113.44444, 138.11111, 119.888885, -31.11111, 42.88889, -11.777778, 138.11111, 0.17842785, -2.3672824, negative
59.0, 111.0, 9.0, 0.0, 0.0, 0.27777767, 0.15185185, 0.4999999, 0.12222217, 5.4444447, 6.4444447, 7.0, 2.8888888, 3.0, 4.6666665, -7.6666665, 7.2222223, 0.60119045, -1.1813879, positive
124.0, 183.0, 9.0, 0.0, 0.0, 1.7777778, 0.4296295, 2.2777774, 4.196296, 18.185184, 14.222222, 17.11111, 23.222221, -11.888889, -3.2222223, 15.111111, 23.222221, 0.38988227, 2.4280221, negative
210.0, 114.0, 9.0, 0.0, 0.0, 1.2777778, 1.3074073, 0.61111087, 0.06296301, 16.185184, 11.444445, 25.0, 12.111111, -14.222222, 26.444445, -12.222222, 25.0, 0.5462072, -2.1416595, negative
233.0, 81.0, 9.0, 0.0, 0.0, 0.61111325, 0.3296313, 1.0555573, 0.55185294, 90.40741, 75.66667, 116.44444, 79.111115, -44.22222, 78.111115, -33.88889, 116.44444, 0.35003868, -2.1823301, negative
59.0, 135.0, 9.0, 0.0, 0.0, 0.16666667, 0.18257421, 0.055555556, 0.13608277, 0.4814815, 0.0, 1.4444444, 0.0, -1.4444444, 2.8888888, -1.4444444, 1.4444444, 1.0, -2.0943952, negative
45.0, 205.0, 9.0, 0.0, 0.0, 1.9444453, 2.1951118, 3.333334, 2.5298228, 50.25926, 44.88889, 61.77778, 44.11111, -16.11111, 34.555557, -18.444445, 61.77778, 0.28757253, -2.0446525, negative
186.0, 90.0, 9.0, 0.0, 0.0, 4.444444, 1.455513, 0.6666667, 0.4714045, 10.037037, 7.5555553, 15.0, 7.5555553, -7.4444447, 14.888889, -7.4444447, 15.0, 0.5339284, -2.067026, negative
117.0, 137.0, 9.0, 0.0, 0.0, 0.22222225, 0.07407406, 0.6666667, 0.17777774, 3.1111112, 1.5555556, 6.3333335, 1.4444444, -4.6666665, 9.666667, -5.0, 6.3333335, 0.77248675, -2.0750706, negative
63.0, 220.0, 9.0, 0.0, 0.0, 3.055556, 15.2629595, 3.6666667, 6.0888896, 8.185185, 6.5555553, 6.4444447, 11.555555, -4.888889, -5.2222223, 10.111111, 11.555555, 0.48671728, 2.0931497, negative
172.0, 218.0, 9.0, 0.0, 0.0, 2.5555556, 2.42963, 1.6111108, 2.418518, 14.925926, 11.888889, 13.777778, 19.11111, -9.111111, -3.4444444, 12.555555, 19.11111, 0.38645566, 2.362146, negative
173.0, 190.0, 9.0, 0.11111111, 0.0, 2.3333328, 2.5647182, 1.5555559, 1.2049291, 50.444443, 44.88889, 62.333332, 44.11111, -16.666666, 35.666668, -19.0, 62.333332, 0.2921254, -2.048697, negative
174.0, 188.0, 9.0, 0.0, 0.0, 2.8888886, 2.8803291, 3.6111107, 2.23524, 50.407406, 45.444443, 62.0, 43.77778, -14.888889, 34.77778, -19.88889, 62.0, 0.29399088, -1.9950715, negative
51.0, 237.0, 9.0, 0.11111111, 0.0, 2.5555556, 2.5356712, 2.3333333, 1.2292727, 14.148149, 11.111111, 13.0, 18.333334, -9.111111, -3.4444444, 12.555555, 18.333334, 0.39798474, 2.3784301, negative
202.0, 21.0, 9.0, 0.0, 0.0, 0.33333334, 0.36514834, 5.222221, 2.613357, 40.74074, 37.11111, 49.333332, 35.77778, -10.888889, 25.777779, -14.888889, 49.333332, 0.2745188, -1.9908056, negative
169.0, 186.0, 9.0, 0.0, 0.22222222, 2.333334, 1.659987, 5.5000005, 2.5188184, 49.444443, 44.666668, 61.11111, 42.555557, -14.333333, 35.0, -20.666666, 61.11111, 0.30344796, -1.974394, negative
186.0, 12.0, 9.0, 0.0, 0.0, 0.44444433, 0.27216548, 2.3333333, 1.9663839, 6.259259, 3.8888888, 11.333333, 3.5555556, -7.111111, 15.222222, -8.111111, 11.333333, 0.6873016, -2.057978, negative
158.0, 154.0, 9.0, 0.0, 0.0, 0.9444444, 1.0835471, 0.2222222, 0.40368667, 0.6296296, 0.44444445, 1.2222222, 0.22222222, -0.5555556, 1.7777778, -1.2222222, 1.2222222, 0.2777778, -1.8611541, negative
139.0, 86.0, 9.0, 0.11111111, 0.0, 1.4444447, 1.2740743, 1.222222, 1.3185184, 26.481482, 24.222221, 35.0, 20.222221, -6.7777777, 25.555555, -18.777779, 35.0, 0.4214949, -1.8048292, positive
38.0, 71.0, 9.0, 0.0, 0.0, 0.7222214, 0.49065483, 0.88888806, 0.72008145, 122.18519, 111.44444, 138.33334, 116.77778, -32.22222, 48.444443, -16.222221, 138.33334, 0.19431558, -2.3012028, negative
138.0, 203.0, 9.0, 0.0, 0.0, 1.666667, 1.6465453, 2.2777781, 1.8787308, 11.259259, 8.777778, 8.111112, 16.88889, -7.4444447, -9.444445, 16.88889, 16.88889, 0.53894526, 2.019747, negative
21.0, 147.0, 9.0, 0.11111111, 0.0, 1.9444445, 1.6185181, 1.3333331, 0.8444448, 6.259259, 5.7777777, 8.444445, 4.5555553, -1.4444444, 6.5555553, -5.111111, 8.666667, 0.46406928, -1.5843413, negative
8.0, 39.0, 9.0, 0.11111111, 0.0, 1.3888906, 1.129629, 1.8333334, 0.699999, 113.37037, 102.55556, 132.0, 105.55556, -32.444443, 55.88889, -23.444445, 132.0, 0.22295359, -2.1981578, negative
159.0, 111.0, 9.0, 0.0, 0.0, 0.4444445, 0.074074045, 0.61111116, 0.1518519, 5.9259257, 7.6666665, 6.888889, 3.2222223, 5.2222223, 2.8888888, -8.111111, 7.6666665, 0.5813492, -0.87266606, positive
83.0, 198.0, 9.0, 0.0, 0.0, 2.3888886, 1.4969089, 4.833334, 3.0092454, 59.77778, 53.11111, 74.0, 52.22222, -20.0, 42.666668, -22.666666, 74.0, 0.2963139, -2.0505745, negative
117.0, 147.0, 9.0, 0.0, 0.0, 0.6111111, 0.10740735, 0.77777785, 0.5629629, 6.7777777, 5.4444447, 11.0, 3.8888888, -4.0, 12.666667, -8.666667, 11.0, 0.64367795, -1.7833879, positive
25.0, 41.0, 9.0, 0.0, 0.0, 1.0, 0.5777743, 1.4999987, 0.65555346, 113.40741, 103.888885, 131.22223, 105.111115, -28.555555, 53.444443, -24.88889, 131.22223, 0.20829348, -2.1398222, negative
134.0, 148.0, 9.0, 0.0, 0.0, 0.11111113, 0.17213261, 0.055555556, 0.13608277, 0.037037037, 0.0, 0.11111111, 0.0, -0.11111111, 0.22222222, -0.11111111, 0.11111111, 0.11111111, -2.0943952, negative
206.0, 80.0, 9.0, 0.0, 0.0, 4.888889, 14.829629, 3.8333333, 36.12222, 10.037037, 6.5555553, 15.111111, 8.444445, -10.444445, 15.222222, -4.7777777, 15.111111, 0.59776545, -2.3262568, negative
36.0, 145.0, 9.0, 0.0, 0.0, 0.2777778, 0.19629629, 1.2777778, 2.0629628, 0.8518519, 0.33333334, 1.4444444, 0.7777778, -1.5555556, 1.7777778, -0.22222222, 1.4444444, 0.25185186, -2.5309503, negative
7.0, 90.0, 9.0, 0.0, 0.0, 1.2777777, 0.8541836, 2.4444444, 2.0184336, 4.6666665, 2.5555556, 5.7777777, 5.6666665, -6.3333335, 3.3333333, 3.0, 6.2222223, 0.66534394, -3.0441751, negative
244.0, 211.0, 9.0, 0.0, 0.0, 1.6666666, 1.3333334, 2.0000002, 2.311112, 13.62963, 10.777778, 12.888889, 17.222223, -8.555555, -2.2222223, 10.777778, 17.222223, 0.3748065, 2.441017, negative
197.0, 58.0, 9.0, 0.0, 0.0, 0.8333346, 0.62360954, 1.4444441, 1.0036969, 122.25926, 110.44444, 138.77779, 117.55556, -35.444443, 49.555557, -14.111111, 138.77779, 0.20414667, -2.357271, negative
183.0, 105.0, 9.0, 0.0, 0.0, 2.1111095, 1.1407399, 0.77777606, 0.65185165, 65.55556, 60.0, 78.77778, 57.88889, -16.666666, 39.666668, -23.0, 78.77778, 0.26498562, -1.9894751, negative
69.0, 139.0, 9.0, 0.0, 0.0, 2.8333328, 1.7732588, 2.1111112, 1.6688871, 18.074074, 16.0, 22.555555, 15.666667, -6.2222223, 13.444445, -7.2222223, 23.88889, 0.38661182, -1.7028334, negative
95.0, 127.0, 9.0, 0.0, 0.0, 0.22222222, 0.07407406, 0.22222222, 0.02962962, 0.6296296, 0.0, 1.8888888, 0.0, -1.8888888, 3.7777777, -1.8888888, 1.8888888, 1.0, -2.0943952, negative
82.0, 120.0, 9.0, 0.0, 0.0, 5.6666675, 46.933327, 5.9444447, 60.06297, 6.962963, 3.3333333, 12.777778, 4.7777777, -10.888889, 17.444445, -6.5555553, 12.777778, 0.8228925, -2.240133, negative
145.0, 152.0, 9.0, 0.0, 0.0, 0.72222203, 1.1434193, 2.7777774, 1.1088861, 25.037037, 19.666668, 25.777779, 29.666666, -16.11111, 2.2222223, 13.888889, 29.666666, 0.337989, 2.7311342, negative
252.0, 137.0, 9.0, 0.0, 0.0, 0.88888884, 0.544331, 0.6111111, 0.71232533, 0.7407407, 0.33333334, 1.7777778, 0.11111111, -1.2222222, 3.1111112, -1.8888888, 1.7777778, 0.75, -2.0076063, negative
2.0, 95.0, 9.0, 0.11111111, 0.0, 2.0555565, 1.3402592, 0.88889056, 0.91084033, 55.62963, 47.444443, 71.66667, 47.77778, -24.555555, 48.11111, -23.555555, 71.66667, 0.3377558, -2.1078582, negative
72.0, 191.0, 9.0, 0.11111111, 0.0, 1.2777777, 0.5074075, 3.1111114, 4.6074066, 15.185185, 12.111111, 14.888889, 18.555555, -9.222222, -0.8888889, 10.111111, 18.555555, 0.3503698, 2.545329, negative
120.0, 74.0, 9.0, 0.0, 0.0, 0.3333346, 0.08888922, 0.50000125, 0.07777796, 101.85185, 89.111115, 123.22222, 93.22222, -38.22222, 64.111115, -25.88889, 123.22222, 0.2767844, -2.2205532, negative
190.0, 105.0, 9.0, 0.0, 0.0, 1.8888893, 2.2962983, 2.166666, 1.6777797, 45.74074, 41.22222, 56.333332, 39.666668, -13.555555, 31.777779, -18.222221, 56.333332, 0.29599184, -1.9960818, negative
151.0, 138.0, 9.0, 0.0, 0.0, 0.44444442, 0.07407406, 0.44444433, 0.074074075, 5.4444447, 7.0, 6.3333335, 3.0, 4.6666665, 2.6666667, -7.3333335, 7.0, 0.5674603, -0.8805207, positive
189.0, 124.0, 9.0, 0.0, 0.0, 1.2777773, 0.9518527, 1.2777792, 1.3518513, 38.592594, 35.88889, 46.22222, 33.666668, -8.111111, 22.88889, -14.777778, 46.22222, 0.27147377, -1.9075019, negative
193.0, 142.0, 9.0, 0.11111111, 0.0, 0.38888887, 0.06296293, 1.7222223, 0.15185216, 4.814815, 6.7777777, 5.2222223, 2.4444444, 5.888889, 1.2222222, -7.111111, 6.7777777, 0.646164, -0.675123, positive
100.0, 155.0, 9.0, 0.0, 0.0, 0.49999967, 0.45946836, 0.8333333, 0.349603, 23.333334, 20.0, 20.666668, 29.333334, -10.0, -8.0, 18.0, 29.333334, 0.31808975, 2.1693969, negative
204.0, 25.0, 9.0, 0.0, 0.0, 0.6111107, 0.32962787, 0.8333333, 0.47777545, 102.48148, 88.0, 125.666664, 93.77778, -43.444443, 69.55556, -26.11111, 125.666664, 0.29958275, -2.253408, negative
4.0, 208.0, 9.0, 0.11111111, 0.0, 2.3333333, 1.7638342, 2.4444444, 1.6953101, 14.777778, 12.111111, 12.222222, 20.0, -8.0, -7.6666665, 15.666667, 20.0, 0.42939755, 2.1126173, negative
165.0, 99.0, 9.0, 0.0, 0.0, 0.88889056, 0.47407392, 0.7777786, 0.47407353, 93.40741, 79.0, 118.0, 83.22222, -43.22222, 73.77778, -30.555555, 118.0, 0.33041757, -2.2077565, negative
35.0, 132.0, 9.0, 0.0, 0.0, 0.49999985, 0.07777789, 0.22222216, 0.16296294, 5.3703704, 7.111111, 6.111111, 2.8888888, 5.2222223, 2.2222223, -7.4444447, 7.111111, 0.59325397, -0.8083832, positive
189.0, 187.0, 9.0, 0.0, 0.0, 1.2222227, 1.0036974, 3.0555553, 2.3890193, 48.51852, 44.11111, 59.88889, 41.555557, -13.222222, 34.11111, -20.88889, 59.88889, 0.30575457, -1.9474715, negative
91.0, 19.0, 9.0, 0.0, 0.0, 1.0000013, 0.760118, 1.4444466, 0.7793644, 126.666664, 115.44444, 142.44444, 122.111115, -33.666668, 47.333332, -13.666667, 142.44444, 0.18952668, -2.3528337, negative
42.0, 63.0, 9.0, 0.11111111, 0.0, 1.5000004, 1.0999995, 1.9444441, 2.462962, 22.37037, 20.333334, 29.666666, 17.11111, -6.111111, 21.88889, -15.777778, 29.666666, 0.42265132, -1.8138857, positive
226.0, 131.0, 9.0, 0.0, 0.0, 0.0, 0.0, 0.0, 0.0, 0.0, 0.0, 0.0, 0.0, 0.0, 0.0, 0.0, 0.0, 0.0, 0.0, negative
84.0, 51.0, 9.0, 0.0, 0.0, 1.7777777, 1.6296308, 2.6666672, 0.88888854, 25.74074, 22.666666, 35.11111, 19.444445, -9.222222, 28.11111, -18.88889, 35.11111, 0.44611752, -1.8730317, positive
121.0, 123.0, 9.0, 0.0, 0.0, 1.5555553, 2.4740744, 0.8888888, 1.0962967, 6.962963, 7.888889, 8.444445, 4.5555553, 2.7777777, 4.4444447, -7.2222223, 8.444445, 0.475, -1.1806802, positive
11.0, 50.0, 9.0, 0.11111111, 0.0, 1.7777773, 1.0036945, 1.111112, 0.9108403, 109.25926, 93.888885, 130.33334, 103.55556, -46.11111, 63.22222, -17.11111, 130.33334, 0.27970007, -2.3720198, negative
72.0, 235.0, 9.0, 0.11111111, 0.0, 2.8333328, 1.7480147, 5.277778, 3.1369953, 15.074074, 12.0, 15.0, 18.222221, -9.222222, -0.22222222, 9.444445, 18.222221, 0.34748083, 2.5860178, negative
247.0, 50.0, 9.0, 0.0, 0.0, 0.44444275, 0.27216637, 0.7777786, 0.34426397, 121.18519, 109.22222, 138.88889, 115.44444, -35.88889, 53.11111, -17.222221, 138.88889, 0.21353829, -2.3123052, negative
159.0, 138.0, 9.0, 0.0, 0.0, 0.16666667, 0.16666667, 0.3333334, 0.13333334, 2.6666667, 1.1111112, 5.888889, 1.0, -4.6666665, 9.666667, -5.0, 5.888889, 0.82685184, -2.0778158, negative
242.0, 81.0, 9.0, 0.0, 0.0, 1.5, 1.1444466, 1.2222227, 0.7407415, 38.25926, 34.555557, 47.22222, 33.0, -11.111111, 26.88889, -15.777778, 47.22222, 0.30079645, -1.9845657, negative
140.0, 125.0, 9.0, 0.0, 0.0, 0.66666657, 0.22222227, 2.6666667, 3.7777781, 3.925926, 1.5555556, 7.7777777, 2.4444444, -7.111111, 11.555555, -4.4444447, 7.7777777, 0.85319865, -2.2342408, negative
68.0, 117.0, 9.0, 0.0, 0.0, 0.44444433, 0.20740744, 1.611111, 2.1518512, 19.88889, 20.666668, 24.11111, 14.888889, 2.3333333, 12.666667, -15.0, 24.11111, 0.38127685, -1.4200875, positive
97.0, 46.0, 9.0, 0.0, 0.0, 1.6666673, 1.6193271, 2.2222207, 1.4089662, 62.333332, 53.22222, 79.111115, 54.666668, -27.333334, 50.333332, -23.0, 79.111115, 0.32671866, -2.1523037, negative
61.0, 202.0, 9.0, 0.0, 0.0, 2.2777774, 1.8787305, 1.8888887, 1.0036967, 61.62963, 55.0, 76.0, 53.88889, -19.88889, 43.11111, -23.222221, 76.0, 0.29352704, -2.0435379, negative
96.0, 80.0, 9.0, 0.11111111, 0.0, 1.5555557, 4.162963, 2.5000002, 1.9, 26.0, 24.0, 34.444447, 19.555555, -6.0, 25.333334, -19.333334, 34.444447, 0.4324709, -1.7735944, positive
40.0, 57.0, 9.0, 0.0, 0.0, 1.1666654, 0.72265136, 1.3888906, 0.8004639, 123.55556, 112.22222, 139.0, 119.44444, -34.0, 46.333332, -12.333333, 139.0, 0.1924883, -2.376054, negative
70.0, 44.0, 9.0, 0.0, 0.11111111, 2.444444, 2.0940828, 2.3333333, 2.139576, 122.59259, 112.0, 136.88889, 118.888885, -31.777779, 42.88889, -11.111111, 136.88889, 0.1818206, -2.3846567, negative
217.0, 77.0, 9.0, 0.0, 0.0, 1.5555553, 2.74074, 1.6666666, 0.53333336, 40.22222, 37.22222, 48.22222, 35.22222, -9.0, 24.0, -15.0, 48.22222, 0.26919183, -1.9320657, negative
217.0, 45.0, 9.0, 0.11111111, 0.0, 0.88888806, 0.20740764, 1.5555573, 0.8296282, 121.51852, 111.111115, 137.33334, 116.111115, -31.222221, 47.444443, -16.222221, 137.33334, 0.19091243, -2.292668, negative
68.0, 103.0, 9.0, 0.0, 0.0, 0.66666675, 0.57777774, 1.111111, 0.96296334, 2.148148, 0.11111111, 5.6666665, 0.6666667, -6.111111, 10.555555, -4.4444447, 5.6666665, 0.9876543, -2.1854658, negative
105.0, 69.0, 9.0, 0.0, 0.0, 2.5000012, 1.5311582, 1.8333327, 1.4719604, 59.555557, 53.444443, 73.22222, 52.0, -18.333334, 41.0, -22.666666, 73.22222, 0.28965253, -2.0228615, negative
170.0, 139.0, 9.0, 0.0, 0.0, 1.0555555, 0.5074076, 0.72222215, 0.28518504, 4.185185, 1.8888888, 8.555555, 2.1111112, -6.888889, 13.111111, -6.2222223, 8.555555, 0.78617525, -2.127586, negative
143.0, 186.0, 9.0, 0.0, 0.0, 2.3333333, 2.3190036, 2.7777774, 2.5268927, 54.962963, 49.11111, 67.88889, 47.88889, -17.555555, 38.77778, -21.222221, 67.88889, 0.2962514, -2.0286176, negative
154.0, 189.0, 9.0, 0.0, 0.0, 1.5555553, 1.0470409, 1.4444441, 0.8606628, 59.925926, 53.444443, 74.888885, 51.444443, -19.444445, 44.88889, -25.444445, 74.888885, 0.3128917, -2.0059564, negative
136.0, 193.0, 9.0, 0.0, 0.0, 2.3888886, 1.4516919, 2.555556, 1.408967, 60.703705, 54.444443, 74.888885, 52.77778, -18.777779, 42.555557, -23.777779, 74.888885, 0.29530448, -2.0182114, negative
52.0, 102.0, 9.0, 0.0, 0.0, 0.72222227, 0.50740725, 0.8333333, 0.5666668, 2.8888888, 0.6666667, 6.3333335, 1.6666666, -6.6666665, 10.333333, -3.6666667, 6.3333335, 0.89973545, -2.2617195, negative
168.0, 70.0, 9.0, 0.0, 0.0, 0.8333333, 0.6111117, 0.3888893, 0.10740789, 55.037037, 51.555557, 64.88889, 48.666668, -10.444445, 29.555555, -19.11111, 64.88889, 0.24982914, -1.9079554, negative
173.0, 219.0, 9.0, 0.0, 0.0, 2.7777777, 3.4962971, 2.8333333, 6.6111126, 5.5925927, 4.111111, 4.3333335, 8.333334, -4.4444447, -3.7777777, 8.222222, 8.333334, 0.56125355, 2.1483634, negative
33.0, 149.0, 9.0, 0.0, 0.0, 0.5555556, 0.25185165, 0.72222227, 0.15185171, 5.4444447, 4.111111, 8.666667, 3.5555556, -4.0, 9.666667, -5.6666665, 8.666667, 0.5783389, -1.9857028, positive
57.0, 118.0, 9.0, 0.0, 0.0, 2.833334, 5.5, 1.2222223, 0.87407327, 19.407408, 15.555555, 26.555555, 16.11111, -11.555555, 21.444445, -9.888889, 26.555555, 0.4187123, -2.14718, negative
75.0, 103.0, 9.0, 0.11111111, 0.0, 1.3888893, 1.5296303, 1.8888887, 1.0962957, 18.962963, 20.222221, 22.777779, 13.888889, 3.7777777, 11.444445, -15.222222, 22.777779, 0.38838536, -1.3341274, positive
220.0, 124.0, 9.0, 0.0, 0.0, 0.22222221, 0.029629631, 0.44444442, 0.07407406, 0.8888889, 0.0, 2.4444444, 0.22222222, -2.6666667, 4.6666665, -2.0, 2.4444444, 1.0, -2.1617603, negative
76.0, 249.0, 9.0, 0.11111111, 0.0, 2.0555558, 2.0629644, 2.3333335, 5.5111136, 13.37037, 12.222222, 13.111111, 14.777778, -3.4444444, -0.7777778, 4.2222223, 15.0, 0.20324889, 2.5634372, negative
90.0, 36.0, 9.0, 0.0, 0.0, 0.94444275, 0.32773143, 1.1111094, 1.2232299, 66.37037, 56.555557, 84.77778, 57.77778, -29.444445, 55.22222, -25.777779, 84.77778, 0.33281505, -2.1385806, negative
80.0, 87.0, 9.0, 0.0, 0.11111111, 24.388891, 572.9964, 44.722225, 1386.3292, 67.44444, 58.77778, 79.0, 64.55556, -26.0, 34.666668, -8.666667, 79.0, 0.30628127, -2.4221272, negative
72.0, 32.0, 9.0, 0.11111111, 0.11111111, 3.9444447, 2.7032225, 2.277778, 1.9710876, 56.37037, 48.555557, 72.77778, 47.77778, -23.444445, 49.22222, -25.777779, 72.77778, 0.3444093, -2.060607, negative
169.0, 131.0, 9.0, 0.0, 0.0, 2.3888886, 1.8668654, 9.222222, 2.1152062, 35.703705, 30.666666, 45.77778, 30.666666, -15.111111, 30.222221, -15.111111, 45.77778, 0.33861881, -2.0891855, negative
55.0, 108.0, 9.0, 0.0, 0.0, 6.3888893, 22.507414, 3.388889, 10.107411, 8.666667, 5.111111, 14.111111, 6.7777777, -10.666667, 16.333334, -5.6666665, 14.111111, 0.7054819, -2.275553, negative
239.0, 110.0, 9.0, 0.0, 0.0, 0.277778, 0.06296304, 0.22222233, 0.029629655, 9.444445, 6.111111, 15.888889, 6.3333335, -10.0, 19.333334, -9.333333, 15.888889, 0.6206427, -2.1202655, negative
95.0, 95.0, 9.0, 0.0, 0.0, 0.72222227, 0.8185186, 1.111111, 0.25185192, 6.4814816, 2.3333335, 12.555555, 4.5555553, -12.444445, 18.222221, -5.7777777, 12.555555, 0.816909, -2.322295, negative
1.0, 81.0, 9.0, 0.0, 0.0, 12.166667, 267.45554, 9.222222, 205.36296, 21.333334, 14.0, 30.555555, 19.444445, -22.0, 27.666666, -5.6666665, 30.555555, 0.5952822, -2.438409, negative
164.0, 202.0, 9.0, 0.11111111, 0.0, 1.4999999, 1.8226964, 1.6111112, 0.82775855, 15.111111, 12.0, 14.777778, 18.555555, -9.333333, -1.0, 10.333333, 18.555555, 0.35402012, 2.5227482, negative
20.0, 248.0, 9.0, 0.0, 0.0, 1.8333335, 0.8333331, 1.6666669, 1.5999992, 13.444445, 10.555555, 12.111111, 17.666668, -8.666667, -4.0, 12.666667, 17.666668, 0.40343738, 2.3416765, negative
67.0, 32.0, 9.0, 0.0, 0.0, 0.944444, 1.0628421, 1.7777786, 1.3109215, 126.22222, 115.111115, 142.22223, 121.333336, -33.333332, 48.0, -14.666667, 142.22223, 0.19062504, -2.333746, negative
174.0, 152.0, 9.0, 0.0, 0.0, 0.0, 0.0, 0.0, 0.0, 0.0, 0.0, 0.0, 0.0, 0.0, 0.0, 0.0, 0.0, 0.0, 0.0, negative
96.0, 84.0, 9.0, 0.0, 0.0, 1.5000004, 1.2777773, 1.6111107, 2.2851882, 23.851852, 23.555555, 30.0, 18.0, -0.8888889, 18.444445, -17.555555, 30.0, 0.39879107, -1.598867, positive
234.0, 27.0, 9.0, 0.11111111, 0.0, 0.8333346, 0.6236087, 2.0555573, 1.3567389, 122.666664, 111.55556, 138.66667, 117.77778, -33.333332, 48.0, -14.666667, 138.66667, 0.19541612, -2.3345118, negative
37.0, 61.0, 9.0, 0.0, 0.0, 0.6111107, 0.49065334, 0.555556, 0.27216396, 109.07407, 95.111115, 128.33334, 103.77778, -41.88889, 57.77778, -15.888889, 128.33334, 0.25886914, -2.3673959, negative
147.0, 125.0, 9.0, 0.0, 0.0, 6.388889, 3.9238105, 1.3333327, 0.7601168, 43.22222, 37.22222, 55.0, 37.444443, -18.0, 35.333332, -17.333334, 55.0, 0.32463875, -2.0964737, negative
197.0, 121.0, 9.0, 0.0, 0.0, 21.666666, 17.3628, 0.94444436, 0.9047208, 41.037037, 37.444443, 49.444443, 36.22222, -10.777778, 25.222221, -14.444445, 49.444443, 0.28057775, -1.9955361, negative
174.0, 50.0, 9.0, 0.0, 0.0, 1.0000013, 0.7601153, 0.9444453, 0.9525792, 107.44444, 94.666664, 125.77778, 101.888885, -38.333332, 55.0, -16.666666, 125.77778, 0.2473368, -2.3372955, negative
199.0, 66.0, 9.0, 0.0, 0.0, 1.2777786, 1.5740702, 1.4444427, 2.8740733, 122.55556, 111.0, 139.77779, 116.888885, -34.666668, 51.666668, -17.0, 139.77779, 0.20580281, -2.3070939, negative
250.0, 176.0, 9.0, 0.0, 0.11111111, 1.611112, 1.0628399, 3.444444, 1.6953092, 53.666668, 47.11111, 67.66667, 46.22222, -19.666666, 42.0, -22.333334, 67.66667, 0.3181372, -2.0522583, negative
76.0, 81.0, 9.0, 0.11111111, 0.0, 1.888889, 1.6740727, 1.3333334, 2.3999984, 22.703703, 22.333334, 28.777779, 17.0, -1.1111112, 18.222221, -17.11111, 28.777779, 0.40920117, -1.6067939, positive
242.0, 148.0, 9.0, 0.0, 0.0, 0.0, 0.0, 0.0, 0.0, 0.0, 0.0, 0.0, 0.0, 0.0, 0.0, 0.0, 0.0, 0.0, 0.0, negative
163.0, 43.0, 9.0, 0.0, 0.0, 0.8333346, 0.43333283, 0.8333346, 0.6111112, 126.48148, 117.333336, 140.55556, 121.55556, -27.444445, 42.22222, -14.777778, 140.55556, 0.1651921, -2.2802067, negative
116.0, 245.0, 9.0, 0.0, 0.0, 2.277778, 1.1626909, 2.2777777, 1.496911, 16.37037, 13.555555, 14.333333, 21.222221, -8.444445, -6.111111, 14.555555, 21.222221, 0.38490298, 2.1980507, negative
189.0, 107.0, 9.0, 0.0, 0.0, 2.6666667, 0.69920635, 0.8333333, 0.7226496, 27.777779, 23.444445, 35.11111, 24.777779, -13.0, 22.0, -9.0, 35.11111, 0.3324073, -2.2014954, negative
76.0, 135.0, 9.0, 0.0, 0.0, 0.4444445, 0.11851851, 0.8333333, 0.1222222, 5.0, 6.888889, 5.4444447, 2.6666667, 5.6666665, 1.3333334, -7.0, 6.888889, 0.6137566, -0.6920281, positive
22.0, 200.0, 9.0, 0.0, 0.0, 2.8888874, 2.4098568, 4.8333325, 2.622552, 54.703705, 47.88889, 69.0, 47.22222, -20.444445, 42.88889, -22.444445, 69.0, 0.3173622, -2.0656626, negative
173.0, 152.0, 9.0, 0.0, 0.0, 0.0, 0.0, 0.0, 0.0, 0.0, 0.0, 0.0, 0.0, 0.0, 0.0, 0.0, 0.0, 0.0, 0.0, negative
144.0, 118.0, 9.0, 0.0, 0.0, 0.5555556, 0.38518524, 0.66666657, 0.4, 6.4444447, 7.5555553, 8.111112, 3.6666667, 3.3333333, 5.0, -8.333333, 8.444445, 0.5643298, -1.1345428, positive
228.0, 182.0, 9.0, 0.11111111, 0.0, 0.88888854, 0.68853056, 0.7777775, 0.6554615, 16.777779, 14.555555, 12.777778, 23.0, -6.6666665, -12.0, 18.666666, 23.0, 0.44435817, 1.9164191, negative
90.0, 134.0, 9.0, 0.0, 0.0, 0.38888887, 0.018518528, 0.94444436, 0.1518523, 2.1111112, 1.0, 4.666667, 0.6666667, -3.3333333, 7.6666665, -4.3333335, 4.666667, 0.88148147, -2.0131435, negative
86.0, 197.0, 9.0, 0.11111111, 0.11111111, 1.611112, 1.4516907, 1.2777786, 1.1038647, 63.22222, 56.22222, 77.77778, 55.666668, -21.0, 43.666668, -22.666666, 77.77778, 0.28533262, -2.06802, negative
38.0, 241.0, 9.0, 0.0, 0.0, 2.055556, 0.5741337, 1.5555559, 1.4246509, 14.333333, 10.888889, 14.0, 18.11111, -10.333333, -1.0, 11.333333, 18.11111, 0.3999011, 2.544142, negative
62.0, 123.0, 9.0, 0.0, 0.0, 0.44444442, 0.2074074, 0.5, 0.12222223, 5.814815, 7.5555553, 6.6666665, 3.2222223, 5.2222223, 2.5555556, -7.7777777, 7.5555553, 0.5734127, -0.83759767, positive
249.0, 87.0, 9.0, 0.0, 0.0, 14.388889, 327.26297, 13.388889, 62.018505, 31.703703, 28.222221, 39.444443, 27.444445, -10.444445, 23.222221, -12.777778, 39.444443, 0.31248218, -2.0133824, negative
182.0, 152.0, 9.0, 0.0, 0.0, 0.77777785, 0.98130673, 0.8333333, 1.0903618, 0.7777778, 0.33333334, 1.6666666, 0.33333334, -1.3333334, 2.6666667, -1.3333334, 1.6666666, 0.70555556, -2.0943952, negative
116.0, 54.0, 9.0, 0.0, 0.0, 0.61111194, 0.44305393, 1.7222227, 0.9289577, 108.85185, 96.77778, 126.111115, 103.666664, -36.22222, 51.77778, -15.555555, 126.111115, 0.23221897, -2.3363297, negative
130.0, 32.0, 9.0, 0.0, 0.0, 1.1111113, 1.047041, 0.83333397, 0.83665866, 59.48148, 54.22222, 70.88889, 53.333332, -15.777778, 34.22222, -18.444445, 70.88889, 0.24900064, -2.042422, negative
48.0, 85.0, 9.0, 0.0, 0.0, 3.111111, 13.451853, 2.0555556, 6.862964, 4.296296, 1.3333334, 8.888889, 2.6666667, -8.888889, 13.777778, -4.888889, 8.888889, 0.8858245, -2.2715442, negative
128.0, 196.0, 9.0, 0.0, 0.0, 1.666667, 1.2444435, 1.8888887, 3.851853, 19.62963, 15.666667, 18.555555, 24.666666, -11.888889, -3.2222223, 15.111111, 24.666666, 0.36529657, 2.4373393, negative
42.0, 56.0, 9.0, 0.0, 0.0, 1.0555553, 0.95185125, 1.333333, 1.5999998, 22.74074, 21.11111, 30.222221, 16.88889, -4.888889, 22.444445, -17.555555, 30.222221, 0.44070765, -1.759414, positive
242.0, 183.0, 9.0, 0.0, 0.0, 1.4999999, 0.9368979, 2.1666667, 1.798147, 15.37037, 12.666667, 12.444445, 21.0, -8.111111, -8.777778, 16.88889, 21.0, 0.42024404, 2.0758736, negative
155.0, 140.0, 9.0, 0.0, 0.0, 0.44444442, 0.11851859, 0.66666675, 0.08888887, 5.0, 6.5555553, 5.5555553, 2.8888888, 4.6666665, 1.6666666, -6.3333335, 6.6666665, 0.56415343, -0.7836471, positive
219.0, 132.0, 9.0, 0.0, 0.0, 1.4444447, 0.65546167, 1.1111107, 0.7503098, 35.22222, 29.555555, 45.666668, 30.444445, -17.0, 31.333334, -14.333333, 45.666668, 0.35474625, -2.1469688, negative
75.0, 240.0, 9.0, 0.0, 0.0, 2.4444444, 1.9512578, 2.1111114, 1.3608272, 21.148148, 17.0, 17.88889, 28.555555, -12.444445, -9.777778, 22.222221, 28.555555, 0.41721755, 2.1755219, negative
14.0, 117.0, 9.0, 0.0, 0.0, 0.33333325, 0.13333334, 0.5555556, 0.07407414, 5.7777777, 6.3333335, 7.5555553, 3.4444444, 1.6666666, 5.3333335, -7.0, 7.5555553, 0.5436508, -1.353896, positive
107.0, 226.0, 9.0, 0.0, 0.0, 1.5555557, 3.0962965, 3.5555556, 2.5629618, 7.851852, 5.7777777, 6.5555553, 11.222222, -6.2222223, -3.8888888, 10.111111, 11.222222, 0.5268813, 2.2593977, negative
80.0, 40.0, 9.0, 0.0, 0.0, 0.6111107, 0.5741323, 0.7222226, 0.7722025, 110.703705, 96.22222, 129.0, 106.888885, -43.444443, 54.88889, -11.444445, 129.0, 0.2540513, -2.4346924, negative
19.0, 145.0, 9.0, 0.0, 0.0, 0.88888884, 1.674074, 2.111111, 4.3851857, 2.074074, 0.6666667, 3.5555556, 2.0, -4.2222223, 4.4444447, -0.22222222, 3.5555556, 0.45767197, -2.5697682, negative
94.0, 224.0, 9.0, 0.0, 0.0, 1.3888887, 1.8407407, 0.9444442, 0.5518519, 13.444445, 10.0, 11.888889, 18.444445, -10.333333, -4.6666665, 15.0, 18.444445, 0.45764294, 2.3281083, negative
41.0, 75.0, 9.0, 0.0, 0.11111111, 15.388889, 19.136257, 26.611113, 31.71359, 55.0, 47.444443, 65.44444, 52.11111, -22.666666, 31.333334, -8.666667, 65.44444, 0.29780185, -2.3567543, negative
117.0, 224.0, 9.0, 0.0, 0.0, 3.0555556, 2.5596585, 3.0555556, 3.0215273, 20.25926, 15.444445, 17.777779, 27.555555, -14.444445, -7.4444447, 21.88889, 27.555555, 0.44151622, 2.3041532, negative
245.0, 23.0, 9.0, 0.0, 0.0, 0.6666667, 0.36514837, 1.1666654, 1.224743, 123.0, 111.0, 139.77779, 118.22222, -36.0, 50.333332, -14.333333, 139.77779, 0.20590083, -2.3562624, negative
2.0, 88.0, 9.0, 0.0, 0.0, 3.611111, 7.218519, 2.4999998, 5.855556, 7.7777777, 3.5555556, 13.333333, 6.4444447, -12.666667, 16.666666, -4.0, 13.333333, 0.7547033, -2.3944926, negative
80.0, 87.0, 9.0, 0.0, 0.11111111, 24.388891, 572.9964, 44.722225, 1386.3292, 67.44444, 58.77778, 79.0, 64.55556, -26.0, 34.666668, -8.666667, 79.0, 0.30628127, -2.4221272, negative
183.0, 139.0, 9.0, 0.0, 0.0, 0.16666667, 0.18257418, 0.22222221, 0.27216554, 1.3703704, 0.8888889, 3.2222223, 0.0, -1.4444444, 5.5555553, -4.111111, 3.2222223, 1.0, -1.8030714, negative
93.0, 231.0, 9.0, 0.0, 0.0, 2.4444444, 2.42963, 2.6666667, 3.1555562, 12.296296, 8.777778, 11.111111, 17.0, -10.555555, -3.5555556, 14.111111, 17.0, 0.48521596, 2.3913069, negative
103.0, 237.0, 9.0, 0.0, 0.0, 1.0000001, 0.4444444, 0.5555555, 0.47407398, 8.0, 6.5555553, 5.6666665, 11.777778, -4.3333335, -7.0, 11.333333, 11.777778, 0.5229992, 1.9465016, negative
219.0, 80.0, 9.0, 0.0, 0.0, 1.2777767, 0.3296295, 0.6666667, 0.9333318, 39.703705, 36.333336, 48.22222, 34.555557, -10.111111, 25.555555, -15.444445, 48.22222, 0.28296396, -1.9626464, negative
63.0, 13.0, 9.0, 0.0, 0.0, 0.6111145, 0.19629402, 1.1666666, 1.011112, 132.25926, 122.77778, 145.44444, 128.55556, -28.444445, 39.555557, -11.111111, 145.44444, 0.15582462, -2.3604276, negative
85.0, 223.0, 9.0, 0.11111111, 0.0, 1.7777776, 1.0470417, 1.9444445, 1.5116831, 14.740741, 12.666667, 11.555555, 20.0, -6.2222223, -9.555555, 15.777778, 20.0, 0.42312294, 1.9665359, negative
58.0, 109.0, 9.0, 0.0, 0.0, 0.8888889, 0.25185165, 2.8333333, 1.677777, 4.296296, 1.4444444, 8.444445, 3.0, -8.555555, 12.444445, -3.8888888, 8.444445, 0.8644824, -2.2837873, negative
141.0, 17.0, 9.0, 0.11111111, 0.22222222, 3.7222226, 4.4493027, 5.0, 2.319004, 44.592594, 40.333336, 54.0, 39.444443, -12.777778, 28.222221, -15.444445, 54.0, 0.26818594, -2.030048, negative
238.0, 55.0, 9.0, 0.0, 0.0, 0.72222394, 0.4906515, 1.0, 0.557774, 113.666664, 101.0, 132.22223, 107.77778, -38.0, 55.666668, -17.666666, 132.22223, 0.23589359, -2.3196974, negative
44.0, 157.0, 9.0, 0.0, 0.0, 0.83333397, 0.30000025, 2.9444444, 7.6185203, 24.296297, 19.222221, 24.222221, 29.444445, -15.222222, -0.22222222, 15.444445, 29.444445, 0.35004318, 2.6043034, negative
56.0, 243.0, 9.0, 0.0, 0.0, 2.2222223, 5.274073, 2.5555556, 0.829629, 6.4814816, 5.111111, 4.888889, 9.444445, -4.111111, -4.7777777, 8.888889, 9.444445, 0.52543694, 2.0336287, negative
89.0, 221.0, 9.0, 0.0, 0.0, 1.3888888, 1.4851848, 1.4444445, 1.5851862, 14.074074, 10.666667, 12.444445, 19.11111, -10.222222, -4.888889, 15.111111, 19.11111, 0.44601154, 2.3172119, negative
49.0, 42.0, 9.0, 0.0, 0.0, 2.6111107, 0.92895794, 1.333334, 0.8944278, 58.88889, 50.666668, 74.55556, 51.444443, -24.666666, 47.0, -22.333334, 74.55556, 0.3229307, -2.1257355, negative
195.0, 99.0, 9.0, 0.0, 0.0, 3.0555553, 4.462964, 2.7777777, 4.651851, 6.740741, 3.4444444, 11.555555, 5.2222223, -9.888889, 14.444445, -4.5555553, 11.555555, 0.71189785, -2.318885, negative
224.0, 124.0, 9.0, 0.0, 0.0, 1.5555559, 1.2938598, 1.8888887, 1.186342, 43.51852, 36.77778, 56.333332, 37.444443, -20.222221, 38.444443, -18.222221, 56.333332, 0.3480217, -2.1278005, negative
217.0, 145.0, 9.0, 0.0, 0.0, 0.5555556, 0.16296291, 0.72222215, 0.06296298, 5.296296, 6.3333335, 6.5555553, 3.0, 3.1111112, 3.7777777, -6.888889, 7.0, 0.56415343, -1.0689679, positive
104.0, 122.0, 9.0, 0.0, 0.0, 0.4444445, 0.02962958, 0.4999999, 0.1666666, 6.4074073, 8.111112, 7.2222223, 3.8888888, 5.111111, 2.4444444, -7.5555553, 8.111112, 0.52006173, -0.8321195, positive
81.0, 229.0, 9.0, 0.11111111, 0.0, 2.4444444, 0.7851852, 2.0555553, 3.218518, 10.925926, 7.4444447, 10.666667, 14.666667, -10.444445, -0.7777778, 11.222222, 14.666667, 0.49614197, 2.5574577, negative
138.0, 133.0, 9.0, 0.0, 0.0, 0.6666667, 0.44444433, 1.1666666, 0.21111093, 6.4444447, 7.7777777, 7.888889, 3.6666667, 4.0, 4.3333335, -8.333333, 8.222222, 0.5582011, -1.0776595, positive
35.0, 135.0, 9.0, 0.0, 0.0, 0.22222225, 0.118518546, 0.22222225, 0.118518546, 0.22222222, 0.0, 0.6666667, 0.0, -0.6666667, 1.3333334, -0.6666667, 0.6666667, 0.33333334, -2.0943952, negative
58.0, 146.0, 9.0, 0.11111111, 0.0, 3.5000002, 7.0555553, 2.5000007, 4.6555552, 22.74074, 18.11111, 31.555555, 18.555555, -13.888889, 26.444445, -12.555555, 31.555555, 0.42982522, -2.124871, negative
50.0, 109.0, 9.0, 0.0, 0.0, 2.222222, 1.2296311, 1.9999996, 5.911112, 5.6666665, 2.5555556, 9.666667, 4.7777777, -9.333333, 12.0, -2.6666667, 9.666667, 0.7607343, -2.4139924, negative
108.0, 59.0, 9.0, 0.0, 0.0, 0.50000125, 0.16666718, 1.0555559, 0.2851855, 126.14815, 116.55556, 140.44444, 121.44444, -28.777779, 42.88889, -14.111111, 140.44444, 0.170091, -2.308637, negative
235.0, 22.0, 9.0, 0.0, 0.0, 1.1666666, 0.3888822, 1.0, 0.48888424, 137.62962, 132.11111, 147.88889, 132.88889, -16.555555, 30.777779, -14.222222, 147.88889, 0.10965454, -2.1462038, negative
124.0, 101.0, 9.0, 0.0, 0.11111111, 3.3888886, 27.97407, 6.4444447, 59.496284, 10.185185, 5.7777777, 15.555555, 9.222222, -13.222222, 16.11111, -2.8888888, 15.555555, 0.70008737, -2.4480398, negative
236.0, 38.0, 9.0, 0.11111111, 0.0, 1.3333334, 1.4907119, 2.9444447, 2.2941144, 14.444445, 10.111111, 22.0, 11.222222, -13.0, 22.666666, -9.666667, 22.0, 0.54723245, -2.1930976, negative
8.0, 162.0, 9.0, 0.11111111, 0.0, 1.611111, 2.0629625, 0.3333334, 0.13333334, 8.37037, 6.6666665, 12.0, 6.4444447, -5.111111, 10.888889, -5.7777777, 12.0, 0.48480532, -2.0449464, negative
5.0, 210.0, 9.0, 0.0, 0.11111111, 2.1666672, 1.6699982, 4.444444, 2.613356, 51.296295, 45.444443, 64.333336, 44.11111, -17.555555, 39.11111, -21.555555, 64.333336, 0.3175664, -2.0208955, negative
245.0, 110.0, 9.0, 0.0, 0.0, 4.88889, 3.4426522, 1.7777783, 1.8094413, 34.11111, 29.11111, 44.444443, 28.777779, -15.0, 31.0, -16.0, 44.444443, 0.35354832, -2.0686526, negative
49.0, 40.0, 9.0, 0.0, 0.0, 0.99999875, 0.42163533, 0.8333333, 0.72265035, 125.111115, 114.0, 141.55556, 119.77778, -33.333332, 49.333332, -16.0, 141.55556, 0.19453695, -2.3136847, negative
137.0, 182.0, 9.0, 0.0, 0.0, 1.8333334, 3.8555553, 3.6111107, 9.218522, 34.925926, 31.444445, 42.88889, 30.444445, -10.444445, 23.88889, -13.444445, 42.88889, 0.28575617, -2.0011246, negative
64.0, 186.0, 9.0, 0.0, 0.0, 2.166667, 1.9444438, 6.833334, 53.58887, 30.777779, 27.555555, 37.88889, 26.88889, -9.666667, 21.333334, -11.666667, 37.88889, 0.27672648, -2.0463068, negative
177.0, 33.0, 9.0, 0.0, 0.0, 1.6666666, 1.577621, 4.3333335, 2.9739609, 8.740741, 6.4444447, 13.111111, 6.6666665, -6.888889, 13.111111, -6.2222223, 13.111111, 0.547103, -2.0561194, negative
178.0, 35.0, 9.0, 0.0, 0.0, 0.4444445, 0.34426528, 0.3888887, 0.25092396, 13.481482, 10.333334, 19.222221, 10.888889, -9.444445, 17.222221, -7.7777777, 19.222221, 0.4592879, -2.1533325, negative
68.0, 157.0, 9.0, 0.0, 0.0, 5.8333325, 14.344446, 1.388889, 1.6629623, 21.444445, 16.88889, 30.0, 17.444445, -13.666667, 25.666666, -12.0, 30.0, 0.43888178, -2.1343, negative
151.0, 89.0, 9.0, 0.0, 0.0, 8.388889, 4.577317, 0.72222203, 0.38968238, 31.703703, 27.333334, 41.0, 26.777779, -13.111111, 27.88889, -14.777778, 41.0, 0.35127252, -2.0465415, negative
104.0, 124.0, 9.0, 0.0, 0.0, 0.6111111, 0.15185174, 0.6666665, 0.31111106, 6.185185, 7.6666665, 7.3333335, 3.5555556, 4.4444447, 3.4444444, -7.888889, 7.888889, 0.5500441, -0.9578401, positive
83.0, 96.0, 9.0, 0.0, 0.0, 0.49999967, 0.45946804, 0.6666663, 0.5163983, 19.592592, 15.222222, 28.444445, 15.111111, -13.111111, 26.555555, -13.444445, 28.444445, 0.4727645, -2.0860834, negative
230.0, 117.0, 9.0, 0.0, 0.0, 3.2777786, 0.92895794, 1.4444433, 0.86066324, 39.037037, 33.555557, 49.77778, 33.77778, -16.444445, 32.22222, -15.777778, 49.77778, 0.33502588, -2.1062348, negative
110.0, 174.0, 9.0, 0.0, 0.0, 0.38888884, 0.06296291, 1.7222222, 0.15185165, 13.481482, 10.888889, 12.555555, 17.0, -7.7777777, -2.7777777, 10.555555, 17.0, 0.35929558, 2.3778543, negative
244.0, 82.0, 9.0, 0.0, 0.0, 0.611111, 1.0201671, 2.722222, 2.5334797, 15.518518, 11.666667, 22.444445, 12.444445, -11.555555, 20.777779, -9.222222, 22.444445, 0.4816013, -2.1706324, negative
123.0, 194.0, 9.0, 0.0, 0.0, 2.555556, 1.7847078, 9.111109, 7.7133846, 60.814816, 54.333332, 74.888885, 53.22222, -19.444445, 42.22222, -22.777779, 74.888885, 0.29238248, -2.033605, negative
58.0, 19.0, 9.0, 0.0, 0.0, 1.6111094, 0.41851503, 1.4999975, 1.2777733, 129.92592, 121.0, 142.66667, 126.111115, -26.777779, 38.22222, -11.444445, 142.66667, 0.15181188, -2.3407645, negative
61.0, 119.0, 9.0, 0.0, 0.0, 0.83333325, 0.8333332, 1.0555555, 0.95185167, 1.2222222, 0.11111111, 3.2222223, 0.33333334, -3.3333333, 6.0, -2.6666667, 3.2222223, 0.984127, -2.133095, negative
73.0, 31.0, 9.0, 0.0, 0.0, 0.555556, 0.4554202, 0.8888893, 0.34426534, 126.85185, 115.55556, 143.11111, 121.888885, -33.88889, 48.77778, -14.888889, 143.11111, 0.19245563, -2.3348312, negative
42.0, 57.0, 9.0, 0.0, 0.0, 1.3888906, 0.97562754, 0.99999875, 0.36514837, 65.703705, 59.444443, 79.44444, 58.22222, -18.777779, 41.22222, -22.444445, 79.44444, 0.26677614, -2.0307028, negative
4.0, 87.0, 9.0, 0.11111111, 0.0, 2.7777777, 3.0962942, 2.722222, 4.3740745, 17.333334, 18.222221, 21.0, 12.777778, 2.6666667, 11.0, -13.666667, 21.11111, 0.39173108, -1.3183731, positive
35.0, 107.0, 9.0, 0.0, 0.0, 10.222221, 14.967619, 9.833333, 17.54708, 9.518518, 7.3333335, 12.222222, 9.0, -6.5555553, 8.111111, -1.5555556, 12.222222, 0.6749559, -2.4929647, negative
4.0, 201.0, 9.0, 0.0, 0.22222222, 2.722222, 1.6788458, 5.2222214, 3.1245742, 53.703705, 47.11111, 67.22222, 46.77778, -19.777779, 40.555557, -20.777779, 67.22222, 0.30885938, -2.0752265, negative
166.0, 66.0, 9.0, 0.0, 0.0, 0.7777767, 0.6554609, 5.2777767, 4.959466, 41.62963, 40.555557, 46.333332, 38.0, -3.2222223, 14.111111, -10.888889, 46.333332, 0.17887476, -1.7485459, negative
152.0, 18.0, 9.0, 0.0, 0.0, 0.7777774, 0.4554219, 0.55555725, 0.2721644, 112.111115, 97.22222, 130.44444, 108.666664, -44.666668, 55.0, -10.333333, 130.44444, 0.2546684, -2.45498, negative
67.0, 40.0, 9.0, 0.0, 0.0, 0.6666654, 0.51639676, 0.6666667, 0.699204, 110.03704, 95.333336, 129.0, 105.77778, -44.11111, 56.88889, -12.777778, 129.0, 0.2609661, -2.4194565, negative
139.0, 185.0, 9.0, 0.0, 0.0, 1.9999994, 0.63245475, 1.222222, 1.9051588, 59.148148, 52.22222, 73.44444, 51.77778, -20.777779, 42.88889, -22.11111, 73.44444, 0.29643956, -2.0738695, negative
207.0, 115.0, 9.0, 0.0, 0.0, 1.0555555, 0.3296295, 0.16666669, 0.033333343, 1.2222222, 0.44444445, 2.8888888, 0.33333334, -2.3333333, 5.0, -2.6666667, 2.8888888, 0.93333334, -2.0655363, negative
8.0, 199.0, 9.0, 0.0, 0.0, 1.6666671, 0.78881073, 1.3888893, 0.71232533, 15.0, 13.333333, 11.777778, 19.88889, -5.0, -9.666667, 14.666667, 19.88889, 0.40888458, 1.9053026, negative
17.0, 204.0, 9.0, 0.0, 0.0, 2.0000007, 1.2823583, 2.1666667, 0.7527733, 57.25926, 50.88889, 71.22222, 49.666668, -19.11111, 41.88889, -22.777779, 71.22222, 0.3026711, -2.0373724, negative
181.0, 87.0, 9.0, 0.0, 0.0, 1.2222239, 0.4740691, 0.7777786, 0.20740585, 135.40741, 127.888885, 146.44444, 131.88889, -22.555555, 33.11111, -10.555555, 146.44444, 0.12657078, -2.312874, negative
235.0, 35.0, 9.0, 0.0, 0.0, 0.44444528, 0.29629743, 1.2222214, 0.607412, 97.92593, 83.0, 122.0, 88.77778, -44.77778, 72.22222, -27.444445, 122.0, 0.31949878, -2.2482352, negative
200.0, 245.0, 9.0, 0.11111111, 0.0, 1.4999999, 0.9222229, 1.0555552, 0.5074078, 16.11111, 11.888889, 15.0, 21.444445, -12.666667, -3.3333333, 16.0, 21.444445, 0.44538036, 2.432783, negative
20.0, 122.0, 9.0, 0.0, 0.0, 1.5555547, 1.1863433, 1.7777773, 1.4857366, 60.74074, 51.555557, 78.22222, 52.444443, -27.555555, 52.444443, -24.88889, 78.22222, 0.34236288, -2.1284232, negative
201.0, 34.0, 9.0, 0.0, 0.0, 4.277778, 3.05808, 0.44444466, 0.4036869, 13.740741, 9.777778, 20.88889, 10.555555, -11.888889, 21.444445, -9.555555, 20.88889, 0.5448579, -2.1628716, negative
151.0, 89.0, 9.0, 0.0, 0.0, 8.388889, 4.577317, 0.72222203, 0.38968238, 31.703703, 27.333334, 41.0, 26.777779, -13.111111, 27.88889, -14.777778, 41.0, 0.35127252, -2.0465415, negative
248.0, 160.0, 9.0, 0.0, 0.0, 3.0, 8.888896, 2.166668, 3.7666693, 43.925926, 37.11111, 57.11111, 37.555557, -20.444445, 39.555557, -19.11111, 57.11111, 0.35403678, -2.1137917, negative
173.0, 152.0, 9.0, 0.0, 0.0, 0.22222221, 0.029629616, 0.8333333, 0.16666685, 3.5925925, 2.6666667, 5.7777777, 2.3333335, -2.7777777, 6.5555553, -3.7777777, 5.7777777, 0.59973544, -1.997796, negative
245.0, 47.0, 9.0, 0.0, 0.0, 0.8333308, 0.12222265, 0.99999744, 0.48888817, 134.77777, 127.44444, 145.77777, 131.11111, -22.0, 33.0, -11.0, 145.77777, 0.12570898, -2.3024402, negative
252.0, 137.0, 9.0, 0.0, 0.0, 0.88888884, 0.544331, 0.6111111, 0.71232533, 0.7407407, 0.33333334, 1.7777778, 0.11111111, -1.2222222, 3.1111112, -1.8888888, 1.7777778, 0.75, -2.0076063, negative
17.0, 229.0, 9.0, 0.0, 0.0, 2.1111114, 1.9851303, 2.4444447, 1.6147469, 13.703704, 11.222222, 11.111111, 18.777779, -7.4444447, -7.7777777, 15.222222, 18.777779, 0.4398524, 2.0999045, negative
44.0, 125.0, 9.0, 0.0, 0.0, 0.5, 0.21111107, 0.44444433, 0.16296282, 18.222221, 14.888889, 24.777779, 15.0, -10.0, 19.666666, -9.666667, 24.777779, 0.39868945, -2.1040828, negative
79.0, 28.0, 9.0, 0.0, 0.0, 4.277777, 3.7618961, 0.8333333, 0.6582806, 62.407406, 53.444443, 79.111115, 54.666668, -26.88889, 50.11111, -23.222221, 79.111115, 0.32455578, -2.1445074, negative
72.0, 222.0, 9.0, 0.11111111, 0.0, 2.3888888, 2.6407404, 1.611111, 2.2851844, 14.962963, 11.666667, 13.111111, 20.11111, -9.888889, -5.5555553, 15.444445, 20.11111, 0.4254409, 2.2809224, negative
179.0, 150.0, 9.0, 0.0, 0.0, 1.055555, 0.1962963, 1.7222223, 1.6185163, 18.925926, 13.444445, 20.0, 23.333334, -16.444445, 3.2222223, 13.222222, 23.333334, 0.42442176, 2.7916744, negative
56.0, 141.0, 9.0, 0.0, 0.0, 0.16666669, 0.18257418, 0.33333337, -1.5894573E-8, 0.18518518, 0.0, 0.5555556, 0.0, -0.5555556, 1.1111112, -0.5555556, 0.5555556, 0.5555556, -2.0943952, negative
239.0, 174.0, 9.0, 0.0, 0.0, 2.0000007, 1.4452988, 1.3888887, 0.85418344, 57.851852, 50.444443, 73.22222, 49.88889, -22.222221, 46.11111, -23.88889, 73.22222, 0.32026085, -2.069045, negative
227.0, 116.0, 9.0, 0.0, 0.0, 0.38888875, 0.15185185, 0.22222225, 0.07407413, 5.4074073, 6.5555553, 6.7777777, 2.8888888, 3.4444444, 4.111111, -7.5555553, 6.888889, 0.58002645, -1.093148, positive
33.0, 98.0, 9.0, 0.0, 0.0, 0.6111111, 0.611616, 1.3333331, 0.9189368, 2.0370371, 0.5555556, 3.5555556, 2.0, -4.4444447, 4.5555553, -0.11111111, 3.5555556, 0.8833333, -2.5488977, negative
26.0, 93.0, 9.0, 0.0, 0.0, 2.4999993, 0.21111093, 2.1111114, 9.1407385, 20.37037, 18.88889, 26.777779, 15.444445, -4.4444447, 19.222221, -14.777778, 26.777779, 0.4192332, -1.7303063, positive
85.0, 121.0, 9.0, 0.0, 0.0, 1.611111, 1.0628405, 0.94444495, 0.71232516, 17.222221, 8.888889, 29.222221, 13.555555, -25.0, 36.0, -11.0, 29.222221, 0.696178, -2.3358712, negative
43.0, 141.0, 9.0, 0.0, 0.0, 0.44444442, 0.17213267, 0.16666667, 0.18257418, 0.7777778, 0.0, 2.3333335, 0.0, -2.3333333, 4.6666665, -2.3333333, 2.3333335, 1.0, -2.0943952, negative
238.0, 61.0, 9.0, 0.0, 0.0, 0.66666657, 0.4714045, 0.7222221, 0.49065334, 8.777778, 5.888889, 14.333333, 6.111111, -8.666667, 16.666666, -8.0, 14.333333, 0.5888227, -2.1218371, negative
45.0, 149.0, 9.0, 0.0, 0.0, 2.5, 3.322223, 0.6666663, 0.2666663, 16.814816, 13.444445, 23.777779, 13.222222, -10.111111, 20.88889, -10.777778, 23.777779, 0.45334122, -2.0692513, negative
