@relation segment0
@attribute Region-centroid-col real [1.0, 254.0]
@attribute Region-centroid-row real [11.0, 251.0]
@attribute Region-pixel-count real [9.0, 10.0]
@attribute Short-line-density-5 real [0.0, 0.33333334]
@attribute Short-line-density-2 real [0.0, 0.22222222]
@attribute Vedge-mean real [0.0, 29.222221]
@attribute Vegde-sd real [0.0, 991.7184]
@attribute Hedge-mean real [0.0, 44.722225]
@attribute Hedge-sd real [-1.5894573E-8, 1386.3292]
@attribute Intensity-mean real [0.0, 143.44444]
@attribute Rawred-mean real [0.0, 137.11111]
@attribute Rawblue-mean real [0.0, 150.88889]
@attribute Rawgreen-mean real [0.0, 142.55556]
@attribute Exred-mean real [-49.666668, 9.888889]
@attribute Exblue-mean real [-12.444445, 82.0]
@attribute Exgreen-mean real [-33.88889, 24.666666]
@attribute Value-mean real [0.0, 150.88889]
@attribute Saturatoin-mean real [0.0, 1.0]
@attribute Hue-mean real [-3.0441751, 2.9124804]
@attribute Class {positive,negative}
@inputs Region-centroid-col, Region-centroid-row, Region-pixel-count, Short-line-density-5, Short-line-density-2, Vedge-mean, Vegde-sd, Hedge-mean, Hedge-sd, Intensity-mean, Rawred-mean, Rawblue-mean, Rawgreen-mean, Exred-mean, Exblue-mean, Exgreen-mean, Value-mean, Saturatoin-mean, Hue-mean
@outputs Class
@data
202.0, 41.0, 9.0, 0.0, 0.0, 0.9444478, 0.7722018, 1.111112, 1.0255967, 123.03704, 111.888885, 139.77779, 117.44444, -33.444443, 50.22222, -16.777779, 139.77779, 0.19934683, -2.2999177, negative
197.0, 229.0, 9.0, 0.0, 0.0, 1.3888885, 1.5740727, 1.1666662, 0.5666664, 17.74074, 14.111111, 17.88889, 21.222221, -10.888889, 0.44444445, 10.444445, 21.222221, 0.3357168, 2.651605, negative
1.0, 81.0, 9.0, 0.0, 0.0, 12.166667, 267.45554, 9.222222, 205.36296, 21.333334, 14.0, 30.555555, 19.444445, -22.0, 27.666666, -5.6666665, 30.555555, 0.5952822, -2.438409, negative
137.0, 141.0, 9.0, 0.0, 0.0, 0.055555563, 0.13608278, 0.055555556, 0.13608277, 0.037037037, 0.0, 0.11111111, 0.0, -0.11111111, 0.22222222, -0.11111111, 0.11111111, 0.11111111, -2.0943952, negative
109.0, 146.0, 9.0, 0.0, 0.0, 0.055555556, 0.13608277, 0.055555556, 0.13608277, 0.037037037, 0.0, 0.11111111, 0.0, -0.11111111, 0.22222222, -0.11111111, 0.11111111, 0.11111111, -2.0943952, negative
209.0, 249.0, 9.0, 0.0, 0.0, 2.4444444, 3.6296306, 2.777778, 4.2074075, 10.518518, 7.5555553, 8.111112, 15.888889, -8.888889, -7.2222223, 16.11111, 15.888889, 0.5333069, 2.1567793, negative
33.0, 117.0, 9.0, 0.0, 0.0, 0.2777778, 0.018518511, 0.11111111, 0.029629635, 1.074074, 0.0, 3.1111112, 0.11111111, -3.2222223, 6.111111, -2.8888888, 3.1111112, 1.0, -2.132635, negative
50.0, 199.0, 9.0, 0.0, 0.0, 3.2222226, 2.9789395, 5.611111, 4.6159945, 55.666668, 49.11111, 69.77778, 48.11111, -19.666666, 42.333332, -22.666666, 69.77778, 0.31241447, -2.0454311, negative
41.0, 103.0, 9.0, 0.0, 0.0, 2.4444454, 3.0962982, 1.777778, 1.4962941, 61.25926, 56.0, 73.44444, 54.333332, -15.777778, 36.555557, -20.777779, 73.44444, 0.25960675, -2.0029202, negative
249.0, 58.0, 9.0, 0.0, 0.0, 1.3333334, 0.9428091, 0.27777767, 0.3277306, 8.851851, 6.0, 14.555555, 6.0, -8.555555, 17.11111, -8.555555, 14.555555, 0.6077675, -2.0853417, negative
180.0, 224.0, 9.0, 0.0, 0.0, 3.7222223, 3.7074065, 3.6111107, 5.618522, 15.185185, 11.666667, 13.333333, 20.555555, -10.555555, -5.5555553, 16.11111, 20.555555, 0.4433746, 2.2982552, negative
112.0, 90.0, 9.0, 0.0, 0.0, 7.38889, 6.9455557, 1.2777773, 0.87981415, 65.18519, 57.666668, 79.77778, 58.11111, -22.555555, 43.77778, -21.222221, 79.77778, 0.27834544, -2.108813, negative
225.0, 58.0, 9.0, 0.0, 0.0, 0.3333335, 0.42163706, 0.4444445, 0.34426522, 8.333333, 5.5555553, 14.111111, 5.3333335, -8.333333, 17.333334, -9.0, 14.111111, 0.62222224, -2.0685637, negative
88.0, 89.0, 9.0, 0.0, 0.0, 0.7777774, 0.38518468, 3.6666667, 4.0444417, 22.333334, 21.666666, 28.444445, 16.88889, -2.0, 18.333334, -16.333334, 28.444445, 0.40368655, -1.6255869, positive
57.0, 42.0, 9.0, 0.0, 0.0, 2.333334, 0.8692256, 0.99999875, 0.69920623, 37.444443, 32.77778, 47.77778, 31.777779, -14.0, 31.0, -17.0, 47.77778, 0.3346618, -2.029552, negative
37.0, 120.0, 9.0, 0.0, 0.0, 0.83333325, 0.3444444, 1.0555556, 0.46296284, 1.925926, 0.22222222, 4.4444447, 1.1111112, -5.111111, 7.5555553, -2.4444444, 4.4444447, 0.962963, -2.298085, negative
86.0, 88.0, 9.0, 0.11111111, 0.0, 2.055556, 1.8851848, 1.722222, 3.3962944, 21.148148, 21.444445, 26.333334, 15.666667, 0.8888889, 15.555555, -16.444445, 26.333334, 0.40511805, -1.5125551, positive
14.0, 138.0, 9.0, 0.0, 0.0, 0.50000006, 0.12222217, 0.50000006, 0.077777766, 4.962963, 6.7777777, 5.4444447, 2.6666667, 5.4444447, 1.4444444, -6.888889, 6.7777777, 0.603836, -0.72289366, positive
4.0, 210.0, 9.0, 0.0, 0.0, 4.7222233, 4.018937, 5.722222, 2.184966, 49.74074, 44.22222, 62.22222, 42.77778, -16.555555, 37.444443, -20.88889, 62.22222, 0.3142778, -2.0144343, negative
222.0, 114.0, 9.0, 0.0, 0.0, 0.27777776, 0.06296293, 0.44444433, 0.074074075, 5.4444447, 6.111111, 7.3333335, 2.8888888, 2.0, 5.6666665, -7.6666665, 7.3333335, 0.6031746, -1.3145328, positive
122.0, 123.0, 9.0, 0.0, 0.0, 0.6111111, 0.374074, 0.49999997, 0.21111104, 1.1851852, 0.0, 3.3333333, 0.22222222, -3.5555556, 6.4444447, -2.8888888, 3.3333333, 1.0, -2.142674, negative
211.0, 107.0, 9.0, 0.11111111, 0.0, 2.5555556, 2.251853, 2.0555558, 2.818519, 16.74074, 11.777778, 25.777779, 12.666667, -14.888889, 27.11111, -12.222222, 25.777779, 0.5471734, -2.1594636, negative
23.0, 85.0, 9.0, 0.0, 0.0, 1.4444445, 1.0518525, 1.777778, 0.96296287, 17.962963, 18.88889, 21.88889, 13.111111, 2.7777777, 11.777778, -14.555555, 21.88889, 0.39975148, -1.386867, positive
118.0, 167.0, 9.0, 0.11111111, 0.0, 0.88888866, 0.5185182, 2.0555553, 0.99629617, 14.592592, 12.888889, 13.777778, 17.11111, -5.111111, -2.4444444, 7.5555553, 17.11111, 0.24844901, 2.3057292, negative
98.0, 119.0, 9.0, 0.22222222, 0.0, 1.4444447, 0.51851857, 2.5555556, 5.585183, 21.592592, 21.333334, 27.333334, 16.11111, -0.7777778, 17.222221, -16.444445, 27.333334, 0.40821064, -1.5789601, positive
14.0, 28.0, 9.0, 0.0, 0.0, 0.55555344, 0.07407452, 1.2222214, 0.4296262, 110.48148, 97.888885, 131.11111, 102.44444, -37.77778, 61.88889, -24.11111, 131.11111, 0.25329855, -2.238865, negative
21.0, 64.0, 9.0, 0.0, 0.0, 16.277779, 12.948471, 20.222223, 17.629103, 31.0, 24.666666, 38.0, 30.333334, -19.0, 21.0, -2.0, 38.0, 0.40074632, -2.593825, negative
123.0, 183.0, 9.0, 0.0, 0.0, 1.111111, 0.6518524, 6.333334, 36.933327, 32.25926, 29.444445, 39.11111, 28.222221, -8.444445, 20.555555, -12.111111, 39.11111, 0.2664361, -1.970772, negative
115.0, 111.0, 9.0, 0.0, 0.0, 0.55555564, 0.40368685, 1.9444437, 1.0417223, 18.037037, 9.666667, 30.11111, 14.333333, -25.11111, 36.22222, -11.111111, 30.11111, 0.67951304, -2.3333182, negative
108.0, 123.0, 9.0, 0.0, 0.0, 0.6111112, 0.24074072, 0.66666675, 0.26666668, 6.740741, 8.222222, 8.0, 4.0, 4.4444447, 3.7777777, -8.222222, 8.444445, 0.5244709, -0.9857293, positive
129.0, 184.0, 9.0, 0.11111111, 0.0, 2.222222, 0.91084087, 3.6111114, 1.8186271, 45.22222, 41.77778, 54.444443, 39.444443, -10.333333, 27.666666, -17.333334, 54.444443, 0.2758183, -1.9301959, negative
73.0, 19.0, 9.0, 0.0, 0.0, 0.9444453, 0.38968116, 0.94444275, 0.68041587, 127.51852, 116.55556, 143.11111, 122.888885, -32.88889, 46.77778, -13.888889, 143.11111, 0.1855386, -2.344188, negative
253.0, 75.0, 9.0, 0.0, 0.0, 0.66666794, 0.26666564, 0.88888806, 0.38518703, 88.55556, 72.0, 115.888885, 77.77778, -49.666668, 82.0, -32.333332, 115.888885, 0.37868166, -2.2319996, negative
230.0, 117.0, 9.0, 0.0, 0.0, 3.2777786, 0.92895794, 1.4444433, 0.86066324, 39.037037, 33.555557, 49.77778, 33.77778, -16.444445, 32.22222, -15.777778, 49.77778, 0.33502588, -2.1062348, negative
199.0, 120.0, 9.0, 0.0, 0.0, 3.4999998, 4.077776, 8.333333, 53.95558, 39.333332, 35.444447, 47.77778, 34.77778, -11.666667, 25.333334, -13.666667, 47.77778, 0.2727516, -2.0467525, negative
202.0, 208.0, 9.0, 0.0, 0.0, 1.7222223, 1.3962964, 1.8333334, 3.0555542, 19.25926, 15.555555, 17.666668, 24.555555, -11.111111, -4.7777777, 15.888889, 24.555555, 0.36886615, 2.3967707, negative
63.0, 13.0, 9.0, 0.0, 0.0, 1.1666666, 1.011116, 0.9444453, 0.68518674, 141.81482, 137.11111, 148.88889, 139.44444, -14.111111, 21.222221, -7.111111, 148.88889, 0.07980576, -2.2767668, negative
93.0, 46.0, 9.0, 0.0, 0.0, 2.1111119, 1.6296306, 1.7777786, 1.8074079, 126.03704, 116.0, 141.0, 121.111115, -30.11111, 44.88889, -14.777778, 141.0, 0.17719495, -2.3044362, negative
182.0, 135.0, 9.0, 0.0, 0.0, 4.222222, 1.1287482, 1.1111103, 1.0255978, 32.703705, 28.555555, 41.0, 28.555555, -12.444445, 24.88889, -12.444445, 41.0, 0.30882394, -2.0932033, negative
32.0, 158.0, 9.0, 0.0, 0.0, 0.9444445, 0.8629626, 0.8333333, 0.6111108, 7.962963, 6.3333335, 11.888889, 5.6666665, -4.888889, 11.777778, -6.888889, 11.888889, 0.5205782, -1.9828341, negative
203.0, 61.0, 9.0, 0.0, 0.0, 0.16666675, 0.2788868, 0.7222221, 0.44305354, 7.0, 4.4444447, 12.333333, 4.2222223, -7.6666665, 16.0, -8.333333, 12.333333, 0.66625965, -2.0682037, negative
98.0, 107.0, 9.0, 0.0, 0.0, 4.6666665, 3.7333333, 3.9444447, 17.12963, 8.703704, 4.888889, 14.555555, 6.6666665, -11.444445, 17.555555, -6.111111, 14.555555, 0.69722587, -2.2801461, negative
38.0, 146.0, 9.0, 0.0, 0.0, 0.4999999, 0.12222217, 0.6666667, 0.26666668, 5.111111, 5.6666665, 6.7777777, 2.8888888, 1.6666666, 5.0, -6.6666665, 6.888889, 0.5714286, -1.2583578, positive
60.0, 52.0, 9.0, 0.0, 0.0, 0.7222226, 0.5963011, 0.7777774, 0.7407436, 111.62963, 101.0, 129.22223, 104.666664, -31.88889, 52.77778, -20.88889, 129.22223, 0.21837935, -2.2296848, negative
96.0, 92.0, 9.0, 0.11111111, 0.0, 3.3333337, 2.9777782, 1.777778, 0.6518514, 22.88889, 21.777779, 29.777779, 17.11111, -3.3333333, 20.666666, -17.333334, 29.777779, 0.422223, -1.6826507, positive
119.0, 153.0, 9.0, 0.0, 0.0, 5.0555553, 5.539421, 0.055555504, 0.13608263, 3.3703704, 3.0, 3.8888888, 3.2222223, -1.1111112, 1.5555556, -0.44444445, 3.8888888, 0.08501683, -2.2217164, negative
248.0, 53.0, 9.0, 0.0, 0.0, 0.722229, 0.2851884, 0.8333333, 0.70000815, 134.77777, 128.22223, 145.77777, 130.33334, -19.666666, 33.0, -13.333333, 145.77777, 0.12111875, -2.2174878, negative
33.0, 100.0, 9.0, 0.0, 0.0, 0.72222227, 0.53402746, 0.66666675, 0.3651482, 1.2222222, 0.11111111, 2.7777777, 0.7777778, -3.3333333, 4.6666665, -1.3333334, 2.7777777, 0.9777778, -2.3370957, negative
75.0, 75.0, 9.0, 0.0, 0.0, 2.8333337, 4.6111126, 2.2222223, 3.718518, 25.962963, 23.333334, 34.77778, 19.777779, -7.888889, 26.444445, -18.555555, 34.77778, 0.4296633, -1.8355997, positive
240.0, 63.0, 9.0, 0.0, 0.0, 0.55555564, 0.5443313, 0.38888916, 0.38968176, 8.962963, 6.3333335, 14.0, 6.5555553, -7.888889, 15.111111, -7.2222223, 14.0, 0.54770046, -2.1218371, negative
13.0, 191.0, 9.0, 0.0, 0.0, 3.5555556, 5.4074097, 7.777778, 40.02962, 25.296297, 23.555555, 29.88889, 22.444445, -5.2222223, 13.777778, -8.555555, 30.11111, 0.2371126, -1.8582636, negative
235.0, 86.0, 9.0, 0.0, 0.0, 0.27777782, 0.018518519, 0.27777782, 0.062963, 12.333333, 7.7777777, 21.11111, 8.111112, -13.666667, 26.333334, -12.666667, 21.11111, 0.63092834, -2.1201534, negative
34.0, 83.0, 9.0, 0.0, 0.0, 1.4444447, 0.34074098, 2.444445, 0.42963055, 19.444445, 19.555555, 24.444445, 14.333333, 0.33333334, 15.0, -15.333333, 24.444445, 0.41007325, -1.5070066, positive
251.0, 173.0, 9.0, 0.11111111, 0.0, 2.1666672, 1.8348475, 2.3888881, 1.2367805, 56.77778, 49.88889, 71.55556, 48.88889, -20.666666, 44.333332, -23.666666, 71.55556, 0.3183665, -2.048199, negative
172.0, 60.0, 9.0, 0.0, 0.0, 0.8333333, 0.38888627, 1.0555559, 0.32962748, 123.666664, 114.0, 138.33334, 118.666664, -29.0, 44.0, -15.0, 138.33334, 0.17584375, -2.2933865, negative
85.0, 200.0, 9.0, 0.0, 0.0, 4.4999995, 4.3243494, 6.0555553, 4.327775, 58.592594, 52.22222, 72.66667, 50.88889, -19.11111, 42.22222, -23.11111, 72.66667, 0.30018097, -2.02885, negative
6.0, 120.0, 9.0, 0.0, 0.0, 0.33333328, 0.08888888, 0.5, 0.077777766, 1.1481482, 0.22222222, 3.0, 0.22222222, -2.7777777, 5.5555553, -2.7777777, 3.0, 1.0, -2.0572872, negative
64.0, 196.0, 9.0, 0.0, 0.0, 2.6666667, 2.3758044, 3.4444447, 2.2770991, 49.88889, 44.333332, 61.444443, 43.88889, -16.666666, 34.666668, -18.0, 61.444443, 0.2899971, -2.0638638, negative
47.0, 175.0, 9.0, 0.0, 0.0, 1.3333327, 0.78881073, 1.166666, 0.88819396, 23.74074, 18.666668, 23.777779, 28.777779, -15.222222, 0.11111111, 15.111111, 28.777779, 0.35148725, 2.630157, negative
70.0, 98.0, 9.0, 0.11111111, 0.0, 1.2222221, 1.7185185, 1.7777777, 1.3185183, 4.6666665, 1.2222222, 9.222222, 3.5555556, -10.333333, 13.666667, -3.3333333, 9.222222, 0.89084005, -2.3954217, negative
222.0, 93.0, 9.0, 0.0, 0.0, 1.7222223, 0.0629626, 0.16666669, 0.033333343, 2.4444444, 1.0, 5.4444447, 0.8888889, -4.3333335, 9.0, -4.6666665, 5.4444447, 0.8783951, -2.0750706, negative
56.0, 107.0, 9.0, 0.0, 0.11111111, 4.555556, 13.407408, 6.7777786, 23.185177, 7.962963, 4.5555553, 13.0, 6.3333335, -10.222222, 15.111111, -4.888889, 13.0, 0.7305922, -2.2917624, negative
2.0, 44.0, 9.0, 0.0, 0.0, 2.1666672, 2.3888876, 2.3888896, 1.5296285, 18.74074, 17.333334, 25.222221, 13.666667, -4.2222223, 19.444445, -15.222222, 25.222221, 0.45768142, -1.7537255, positive
144.0, 139.0, 9.0, 0.0, 0.0, 5.5000005, 3.9444458, 1.3888893, 0.5962944, 64.666664, 57.88889, 78.77778, 57.333332, -20.333334, 42.333332, -22.0, 78.77778, 0.27568987, -2.065471, negative
155.0, 20.0, 9.0, 0.0, 0.0, 0.61111194, 0.32772934, 0.61111194, 0.32772934, 111.703705, 98.44444, 129.55556, 107.111115, -39.77778, 53.555557, -13.777778, 129.55556, 0.24010754, -2.3852131, negative
174.0, 77.0, 9.0, 0.0, 0.0, 1.0000025, 0.31110775, 1.2777761, 1.3518436, 135.92592, 128.55556, 147.33334, 131.88889, -22.11111, 34.22222, -12.111111, 147.33334, 0.12738518, -2.2771459, negative
22.0, 114.0, 9.0, 0.11111111, 0.0, 0.94444436, 1.1626916, 1.1666664, 0.40824813, 30.481482, 24.444445, 40.77778, 26.222221, -18.11111, 30.88889, -12.777778, 40.77778, 0.4005362, -2.2071579, negative
231.0, 233.0, 9.0, 0.0, 0.0, 1.4444442, 0.74074095, 1.1666664, 0.3444444, 12.592592, 8.888889, 11.888889, 17.0, -11.111111, -2.1111112, 13.222222, 17.0, 0.47822163, 2.4915802, negative
52.0, 196.0, 9.0, 0.0, 0.0, 1.4444447, 1.3277662, 6.777777, 4.1881666, 46.074074, 40.444443, 57.11111, 40.666668, -16.88889, 33.11111, -16.222221, 57.11111, 0.29404518, -2.1056774, negative
20.0, 134.0, 9.0, 0.0, 0.0, 0.6666667, 0.088888995, 0.61111116, 0.24074072, 2.9629629, 1.1111112, 6.4444447, 1.3333334, -5.5555553, 10.444445, -4.888889, 6.4444447, 0.8292328, -2.133095, negative
34.0, 13.0, 9.0, 0.0, 0.0, 0.22222011, 0.17213097, 1.5555534, 0.54433, 70.37037, 60.666668, 88.111115, 62.333332, -29.11111, 53.22222, -24.11111, 88.111115, 0.3114367, -2.1549888, negative
190.0, 162.0, 9.0, 0.0, 0.0, 2.1111107, 3.9851823, 13.944444, 155.12964, 41.333332, 35.0, 51.11111, 37.88889, -19.0, 29.333334, -10.333333, 51.333332, 0.2984709, -2.4946074, negative
191.0, 180.0, 9.0, 0.11111111, 0.0, 3.555556, 1.186343, 2.222222, 1.1088873, 60.074074, 53.22222, 75.44444, 51.555557, -20.555555, 46.11111, -25.555555, 75.44444, 0.31801003, -2.0221484, negative
71.0, 90.0, 9.0, 0.0, 0.0, 2.777778, 2.0740724, 5.111111, 3.2740743, 22.62963, 22.0, 29.11111, 16.777779, -1.8888888, 19.444445, -17.555555, 29.11111, 0.4204864, -1.6223308, positive
130.0, 102.0, 9.0, 0.0, 0.0, 7.277778, 73.7963, 9.444444, 90.91857, 14.37037, 10.111111, 20.222221, 12.777778, -12.777778, 17.555555, -4.7777777, 20.222221, 0.5751263, -2.3789442, negative
83.0, 81.0, 9.0, 0.0, 0.0, 0.44444337, 0.34426504, 0.7222214, 0.38968188, 59.444443, 51.88889, 74.44444, 52.0, -22.666666, 45.0, -22.333334, 74.44444, 0.30741948, -2.0988503, negative
181.0, 186.0, 9.0, 0.11111111, 0.0, 2.9444454, 2.7114286, 2.0555553, 1.6788442, 48.814816, 44.11111, 60.444443, 41.88889, -14.111111, 34.88889, -20.777779, 60.444443, 0.30702683, -1.9685109, negative
122.0, 91.0, 9.0, 0.0, 0.0, 2.2222223, 2.029629, 2.1666663, 1.2777776, 22.481482, 22.0, 28.777779, 16.666668, -1.4444444, 18.88889, -17.444445, 28.777779, 0.420716, -1.6304086, positive
76.0, 19.0, 9.0, 0.0, 0.0, 0.944444, 0.4430521, 0.88888806, 0.5837302, 114.25926, 101.0, 132.33334, 109.44444, -39.77778, 54.22222, -14.444445, 132.33334, 0.23673333, -2.3759847, negative
88.0, 88.0, 9.0, 0.0, 0.0, 0.833333, 0.4777776, 2.888889, 2.3851826, 22.148148, 21.333334, 28.444445, 16.666668, -2.4444444, 18.88889, -16.444445, 28.444445, 0.41330814, -1.6537874, positive
39.0, 111.0, 9.0, 0.0, 0.0, 0.72222227, 0.37407416, 0.8888889, 0.4296295, 6.037037, 7.0, 7.6666665, 3.4444444, 2.8888888, 4.888889, -7.7777777, 7.888889, 0.56291884, -1.1757725, positive
101.0, 42.0, 9.0, 0.0, 0.0, 1.1111145, 0.60740787, 1.1666692, 0.7444422, 137.07408, 130.44444, 147.44444, 133.33334, -19.88889, 31.11111, -11.222222, 147.44444, 0.115302496, -2.26361, negative
35.0, 112.0, 9.0, 0.11111111, 0.0, 0.88888913, 0.2962967, 0.55555564, 0.16296294, 16.185184, 12.111111, 23.88889, 12.555555, -12.222222, 23.11111, -10.888889, 23.88889, 0.492526, -2.1333125, negative
160.0, 210.0, 9.0, 0.0, 0.0, 1.611111, 1.129629, 1.222222, 1.0074075, 17.481482, 13.777778, 16.0, 22.666666, -11.111111, -4.4444447, 15.555555, 22.666666, 0.40393806, 2.3864515, negative
226.0, 83.0, 9.0, 0.0, 0.0, 0.8888893, 0.5185186, 1.0555521, 0.50740635, 90.62963, 74.55556, 116.888885, 80.44444, -48.22222, 78.77778, -30.555555, 116.888885, 0.36206177, -2.2390528, negative
133.0, 108.0, 9.0, 0.0, 0.0, 0.777777, 0.74074006, 22.444443, 104.91862, 45.592594, 41.22222, 55.444443, 40.11111, -13.111111, 29.555555, -16.444445, 55.444443, 0.27598566, -2.0155542, negative
18.0, 209.0, 9.0, 0.0, 0.11111111, 2.6111119, 0.7123263, 4.555556, 2.6722174, 48.77778, 43.0, 60.77778, 42.555557, -17.333334, 36.0, -18.666666, 60.77778, 0.30298224, -2.0669804, negative
83.0, 143.0, 9.0, 0.0, 0.0, 1.2777767, 1.1038657, 1.2222214, 0.54433095, 50.37037, 43.0, 64.77778, 43.333332, -22.11111, 43.22222, -21.11111, 64.77778, 0.3412286, -2.1089952, negative
78.0, 128.0, 9.0, 0.0, 0.0, 1.1666673, 0.88819444, 1.388888, 1.1238163, 49.925926, 42.666668, 64.22222, 42.88889, -21.777779, 42.88889, -21.11111, 64.22222, 0.34023675, -2.1024415, negative
4.0, 201.0, 9.0, 0.0, 0.22222222, 2.722222, 1.6788458, 5.2222214, 3.1245742, 53.703705, 47.11111, 67.22222, 46.77778, -19.777779, 40.555557, -20.777779, 67.22222, 0.30885938, -2.0752265, negative
245.0, 93.0, 9.0, 0.11111111, 0.0, 2.8888905, 3.8963084, 1.9444441, 4.9074087, 86.296295, 70.66667, 112.111115, 76.111115, -46.88889, 77.44444, -30.555555, 112.111115, 0.36963773, -2.2315576, negative
128.0, 140.0, 9.0, 0.0, 0.0, 7.8333335, 7.032464, 0.6666667, 0.29814258, 27.666666, 24.88889, 33.555557, 24.555555, -8.333333, 17.666666, -9.333333, 33.555557, 0.26620623, -2.0538902, negative
83.0, 117.0, 9.0, 0.0, 0.0, 1.8333334, 1.3784049, 0.7222223, 0.49065298, 17.11111, 14.555555, 23.0, 13.777778, -7.6666665, 17.666666, -10.0, 23.0, 0.40220302, -2.005139, negative
92.0, 56.0, 9.0, 0.0, 0.0, 0.44444275, 0.029629406, 0.8333333, 0.5666677, 126.0, 115.888885, 140.66667, 121.44444, -30.333334, 44.0, -13.666667, 140.66667, 0.17606053, -2.3267827, negative
4.0, 40.0, 9.0, 0.0, 0.0, 1.3333338, 2.711112, 1.1111115, 2.1185184, 17.185184, 15.666667, 23.333334, 12.555555, -4.5555553, 18.444445, -13.888889, 23.333334, 0.4630599, -1.7836024, positive
235.0, 120.0, 9.0, 0.0, 0.0, 0.44444442, 0.3407407, 0.49999997, 0.30000004, 1.4444444, 0.0, 4.0, 0.33333334, -4.3333335, 7.6666665, -3.3333333, 4.0, 1.0, -2.1563656, negative
87.0, 146.0, 9.0, 0.0, 0.0, 0.944444, 0.6116159, 5.111111, 4.712474, 43.148148, 36.88889, 55.88889, 36.666668, -18.777779, 38.22222, -19.444445, 55.88889, 0.34745374, -2.0818424, negative
123.0, 187.0, 9.0, 0.0, 0.0, 2.6666667, 1.8499243, 3.444444, 1.6555183, 58.666668, 52.555557, 72.55556, 50.88889, -18.333334, 41.666668, -23.333334, 72.55556, 0.29855335, -2.0135245, negative
51.0, 64.0, 9.0, 0.0, 0.0, 17.5, 1.206455, 0.6666673, 0.6992055, 40.0, 35.22222, 50.11111, 34.666668, -14.333333, 30.333334, -16.0, 50.11111, 0.31010145, -2.030269, negative
138.0, 116.0, 9.0, 0.0, 0.0, 0.6111111, 0.15185188, 0.4444445, 0.20740739, 6.4814816, 7.5555553, 8.222222, 3.6666667, 3.2222223, 5.2222223, -8.444445, 8.333334, 0.5591711, -1.1910701, positive
170.0, 226.0, 9.0, 0.0, 0.0, 1.5555553, 1.4246508, 2.3888888, 1.2895594, 11.888889, 10.111111, 8.0, 17.555555, -5.3333335, -11.666667, 17.0, 17.555555, 0.5483297, 1.872506, negative
178.0, 16.0, 9.0, 0.0, 0.0, 0.3333346, 0.298143, 1.4999987, 1.2064619, 112.96296, 99.55556, 131.0, 108.333336, -40.22222, 54.11111, -13.888889, 131.0, 0.23989888, -2.3850007, negative
189.0, 115.0, 9.0, 0.0, 0.0, 0.16666675, 0.033333365, 0.33333325, 0.13333328, 6.6666665, 8.222222, 7.888889, 3.8888888, 4.6666665, 3.6666667, -8.333333, 8.444445, 0.53858024, -0.96514446, positive
161.0, 190.0, 9.0, 0.0, 0.0, 3.7777774, 2.0940847, 4.5555553, 3.7277741, 58.11111, 51.666668, 71.111115, 51.555557, -19.333334, 39.0, -19.666666, 71.111115, 0.28591606, -2.102898, negative
53.0, 53.0, 9.0, 0.0, 0.0, 1.0000013, 0.44444403, 1.1111094, 0.42962876, 113.14815, 104.333336, 130.22223, 104.888885, -26.444445, 51.22222, -24.777779, 130.22223, 0.20048407, -2.117007, negative
216.0, 17.0, 9.0, 0.0, 0.0, 0.6666654, 0.51639974, 1.2777786, 1.0201668, 126.14815, 115.0, 141.88889, 121.55556, -33.444443, 47.22222, -13.777778, 141.88889, 0.18946369, -2.3484151, negative
188.0, 133.0, 9.0, 0.0, 0.0, 0.33333334, 0.26666674, 0.5, 0.077777736, 6.6666665, 8.333334, 7.7777777, 3.8888888, 5.0, 3.3333333, -8.333333, 8.444445, 0.53858024, -0.92481726, positive
248.0, 13.0, 9.0, 0.0, 0.0, 0.7777786, 0.20740782, 1.111112, 0.29629365, 104.111115, 88.22222, 128.44444, 95.666664, -47.666668, 73.0, -25.333334, 128.44444, 0.31315902, -2.2870803, negative
109.0, 111.0, 9.0, 0.0, 0.0, 1.4444447, 1.0886633, 1.5000006, 1.471961, 57.77778, 51.333332, 71.66667, 50.333332, -19.333334, 41.666668, -22.333334, 71.66667, 0.29889232, -2.045165, negative
92.0, 62.0, 9.0, 0.0, 0.0, 1.8888868, 1.3109239, 1.8888868, 0.72008234, 123.48148, 112.333336, 139.33334, 118.77778, -33.444443, 47.555557, -14.111111, 139.33334, 0.19369136, -2.3434038, negative
62.0, 223.0, 9.0, 0.0, 0.0, 2.5, 5.722223, 1.6666666, 2.4444442, 6.6666665, 4.888889, 4.666667, 10.444445, -5.3333335, -6.0, 11.333333, 10.444445, 0.5931498, 2.0465877, negative
233.0, 124.0, 9.0, 0.11111111, 0.0, 2.1111114, 1.5006171, 2.0555553, 0.49065465, 40.925926, 35.77778, 51.444443, 35.555557, -15.444445, 31.555555, -16.11111, 51.444443, 0.31709695, -2.0769668, negative
174.0, 181.0, 9.0, 0.0, 0.0, 3.2777786, 3.1511326, 4.1666675, 2.786875, 59.074074, 52.333332, 74.22222, 50.666668, -20.222221, 45.444443, -25.222221, 74.22222, 0.31734532, -2.0208647, negative
49.0, 240.0, 9.0, 0.0, 0.11111111, 3.0555553, 1.638654, 2.0555556, 1.7437719, 20.444445, 15.222222, 18.777779, 27.333334, -15.666667, -5.0, 20.666666, 27.333334, 0.44580838, 2.4207911, negative
102.0, 179.0, 9.0, 0.11111111, 0.0, 1.8333334, 1.5311582, 2.4444447, 1.8816848, 49.185184, 44.88889, 59.77778, 42.88889, -12.888889, 31.777779, -18.88889, 59.77778, 0.28268683, -1.970398, negative
185.0, 85.0, 9.0, 0.0, 0.0, 9.277779, 81.485176, 2.8333328, 9.188898, 49.148148, 45.0, 59.555557, 42.88889, -12.444445, 31.222221, -18.777779, 59.555557, 0.27872574, -1.9542203, negative
37.0, 78.0, 9.0, 0.0, 0.0, 1.0000006, 0.17777735, 2.5555565, 2.8740728, 43.814816, 41.11111, 51.88889, 38.444443, -8.111111, 24.222221, -16.11111, 51.88889, 0.25891644, -1.8860723, negative
45.0, 89.0, 9.0, 0.0, 0.0, 0.7777777, 0.3407409, 0.77777773, 0.47407398, 2.2962964, 0.11111111, 6.4444447, 0.33333334, -6.5555553, 12.444445, -5.888889, 6.4444447, 0.9861111, -2.1239047, negative
176.0, 187.0, 9.0, 0.0, 0.0, 1.7777773, 1.6009252, 2.333334, 2.0221, 54.77778, 49.0, 68.0, 47.333332, -17.333334, 39.666668, -22.333334, 68.0, 0.30412614, -2.0096147, negative
127.0, 118.0, 9.0, 0.22222222, 0.0, 1.722222, 1.5296288, 3.444444, 9.496296, 22.74074, 21.555555, 29.0, 17.666668, -3.5555556, 18.777779, -15.222222, 29.0, 0.3903984, -1.707392, positive
229.0, 104.0, 9.0, 0.0, 0.0, 0.49999985, 0.54772234, 2.8333333, 2.0412421, 19.777779, 16.333334, 26.11111, 16.88889, -10.333333, 19.0, -8.666667, 26.11111, 0.37553233, -2.1506376, negative
33.0, 132.0, 9.0, 0.11111111, 0.0, 1.0555555, 0.99814653, 1.7222222, 0.99814636, 1.962963, 0.6666667, 4.2222223, 1.0, -3.8888888, 6.7777777, -2.8888888, 4.2222223, 0.6768879, -2.1524317, negative
201.0, 161.0, 9.0, 0.0, 0.0, 2.555556, 0.5185191, 11.500001, 96.65553, 41.814816, 35.77778, 51.444443, 38.22222, -18.11111, 28.88889, -10.777778, 51.444443, 0.30298296, -2.338974, negative
110.0, 92.0, 9.0, 0.11111111, 0.0, 1.8888887, 4.0296297, 2.277778, 3.529629, 7.4444447, 3.2222223, 12.666667, 6.4444447, -12.666667, 15.666667, -3.0, 12.666667, 0.7590125, -2.452176, negative
62.0, 223.0, 9.0, 0.0, 0.0, 2.5, 5.722223, 1.6666666, 2.4444442, 6.6666665, 4.888889, 4.666667, 10.444445, -5.3333335, -6.0, 11.333333, 10.444445, 0.5931498, 2.0465877, negative
17.0, 98.0, 9.0, 0.11111111, 0.0, 0.72222215, 0.71232533, 0.6666667, 0.73029673, 1.5185186, 0.33333334, 2.8888888, 1.3333334, -3.5555556, 4.111111, -0.5555556, 2.8888888, 0.9166667, -2.4238, negative
31.0, 62.0, 9.0, 0.0, 0.0, 1.8333336, 0.83333385, 1.8333334, 0.9666677, 21.185184, 20.555555, 27.222221, 15.777778, -1.8888888, 18.11111, -16.222221, 27.222221, 0.4194691, -1.6501234, positive
38.0, 41.0, 9.0, 0.11111111, 0.0, 1.7777777, 1.6740736, 1.6666666, 1.7777781, 22.481482, 20.777779, 29.777779, 16.88889, -5.111111, 21.88889, -16.777779, 29.777779, 0.4320471, -1.7716596, positive
79.0, 47.0, 9.0, 0.11111111, 0.0, 0.6666692, 0.35555688, 1.0000013, 1.155558, 126.37037, 116.0, 141.66667, 121.44444, -31.11111, 45.88889, -14.777778, 141.66667, 0.18101238, -2.3157923, negative
201.0, 86.0, 9.0, 0.0, 0.11111111, 9.5, 222.70003, 8.777779, 105.54074, 13.407408, 8.777778, 19.88889, 11.555555, -13.888889, 19.444445, -5.5555553, 19.88889, 0.6309454, -2.363577, negative
76.0, 198.0, 9.0, 0.0, 0.0, 1.7777778, 1.2049282, 1.5000001, 0.69121444, 14.555555, 12.111111, 11.777778, 19.777779, -7.3333335, -8.333333, 15.666667, 19.777779, 0.4115727, 2.0556724, negative
238.0, 25.0, 9.0, 0.0, 0.0, 0.38888678, 0.25092345, 0.94444656, 0.8277594, 116.25926, 103.666664, 133.77779, 111.333336, -37.77778, 52.555557, -14.777778, 133.77779, 0.22497466, -2.3601954, negative
67.0, 64.0, 9.0, 0.0, 0.0, 2.1111107, 2.1185186, 2.388889, 3.440744, 22.481482, 22.0, 28.88889, 16.555555, -1.4444444, 19.222221, -17.777779, 28.88889, 0.42692268, -1.6256685, positive
228.0, 91.0, 9.0, 0.0, 0.0, 0.72222227, 0.1962963, 1.1111112, 0.38518512, 2.6296296, 0.44444445, 6.2222223, 1.2222222, -6.5555553, 10.777778, -4.2222223, 6.2222223, 0.9398148, -2.2257352, negative
233.0, 211.0, 9.0, 0.11111111, 0.0, 2.6666667, 6.0888896, 1.6666666, 1.7333333, 15.444445, 12.444445, 15.222222, 18.666668, -9.0, -0.6666667, 9.666667, 18.666668, 0.33542147, 2.5549645, negative
169.0, 102.0, 9.0, 0.0, 0.0, 1.0, 0.35555485, 0.8888893, 0.2962955, 58.22222, 53.444443, 69.66667, 51.555557, -14.333333, 34.333332, -20.0, 69.66667, 0.25975996, -1.9855843, negative
180.0, 179.0, 9.0, 0.0, 0.0, 2.2777784, 2.5074108, 4.555556, 7.274074, 35.48148, 31.333334, 44.11111, 31.0, -12.444445, 25.88889, -13.444445, 44.11111, 0.30116582, -2.0752, negative
96.0, 123.0, 9.0, 0.0, 0.0, 1.2777777, 0.1518523, 1.8333334, 2.0777776, 21.62963, 14.777778, 34.22222, 15.888889, -20.555555, 37.77778, -17.222221, 34.22222, 0.5595462, -2.149759, negative
49.0, 148.0, 9.0, 0.0, 0.0, 0.7777777, 0.25185102, 6.6666665, 33.422226, 15.962963, 12.0, 16.88889, 19.0, -11.888889, 2.7777777, 9.111111, 19.444445, 0.4037081, 2.9124804, negative
169.0, 66.0, 9.0, 0.0, 0.0, 2.0000007, 2.08889, 0.94444466, 0.41851884, 51.592594, 47.77778, 61.22222, 45.77778, -11.444445, 28.88889, -17.444445, 61.22222, 0.25210327, -1.9612544, negative
96.0, 130.0, 9.0, 0.0, 0.0, 0.5555555, 0.45542008, 1.2222222, 0.65546143, 2.4074075, 0.44444445, 5.0, 1.7777778, -5.888889, 7.7777777, -1.8888888, 5.0, 0.93121696, -2.3662155, negative
150.0, 158.0, 9.0, 0.0, 0.0, 2.166667, 1.6333338, 1.388889, 0.41851807, 8.444445, 7.0, 12.222222, 6.111111, -4.3333335, 11.333333, -7.0, 12.222222, 0.50308645, -1.9434487, negative
91.0, 115.0, 9.0, 0.11111111, 0.0, 1.7222223, 1.4407418, 3.888889, 2.8296306, 19.925926, 20.555555, 24.11111, 15.111111, 1.8888888, 12.555555, -14.444445, 24.11111, 0.37532148, -1.4409626, positive
207.0, 58.0, 9.0, 0.0, 0.0, 0.7777774, 0.34426582, 0.88888806, 0.58372843, 110.37037, 97.666664, 128.11111, 105.333336, -38.11111, 53.22222, -15.111111, 128.11111, 0.2375665, -2.3572707, negative
231.0, 123.0, 9.0, 0.0, 0.0, 0.66666675, 0.08888893, 0.38888893, 0.15185189, 5.814815, 7.111111, 6.888889, 3.4444444, 3.8888888, 3.2222223, -7.111111, 7.3333335, 0.53174603, -0.9884131, positive
133.0, 141.0, 9.0, 0.0, 0.0, 0.11111111, 0.17213261, 0.11111113, 0.1721326, 0.074074075, 0.0, 0.22222222, 0.0, -0.22222222, 0.44444445, -0.22222222, 0.22222222, 0.22222222, -2.0943952, negative
66.0, 160.0, 9.0, 0.0, 0.0, 3.0000007, 4.044447, 2.777778, 0.4296295, 22.851852, 18.222221, 31.555555, 18.777779, -13.888889, 26.11111, -12.222222, 31.555555, 0.4260139, -2.1387258, negative
52.0, 170.0, 9.0, 0.0, 0.0, 0.55555564, 0.4554201, 0.94444436, 0.38968262, 25.444445, 20.11111, 25.333334, 30.88889, -16.0, -0.33333334, 16.333334, 30.88889, 0.34911168, 2.6040132, negative
161.0, 89.0, 9.0, 0.0, 0.0, 4.6666665, 5.1164227, 0.16666682, 0.27888685, 3.1111112, 2.8888888, 3.7777777, 2.6666667, -0.6666667, 2.0, -1.3333334, 3.7777777, 0.0976431, -1.8904839, negative
58.0, 128.0, 9.0, 0.11111111, 0.0, 2.9444447, 1.75647, 2.4444444, 1.6821501, 16.481482, 10.111111, 25.88889, 13.444445, -19.11111, 28.222221, -9.111111, 25.88889, 0.6133847, -2.3163002, negative
27.0, 134.0, 9.0, 0.0, 0.0, 1.111111, 0.9813067, 1.6111113, 1.0628402, 8.703704, 3.6666667, 15.888889, 6.5555553, -15.111111, 21.555555, -6.4444447, 15.888889, 0.772831, -2.3430035, negative
150.0, 152.0, 9.0, 0.0, 0.0, 0.11111108, 0.029629618, 2.0555556, 3.5740747, 1.3703704, 1.0, 2.3333335, 0.7777778, -1.1111112, 2.8888888, -1.7777778, 2.3333335, 0.537037, -2.0073514, negative
72.0, 118.0, 9.0, 0.0, 0.0, 0.27777776, 0.06296293, 0.5555556, 0.11851845, 5.4814816, 6.5555553, 6.6666665, 3.2222223, 3.2222223, 3.5555556, -6.7777777, 7.111111, 0.5458554, -1.053347, positive
25.0, 116.0, 9.0, 0.0, 0.0, 0.94444484, 0.1518519, 4.777777, 3.0962973, 16.185184, 17.0, 20.0, 11.555555, 2.4444444, 11.444445, -13.888889, 21.222221, 0.44718736, -1.1628438, positive
60.0, 52.0, 9.0, 0.0, 0.0, 0.7222226, 0.5963011, 0.7777774, 0.7407436, 111.62963, 101.0, 129.22223, 104.666664, -31.88889, 52.77778, -20.88889, 129.22223, 0.21837935, -2.2296848, negative
100.0, 194.0, 9.0, 0.0, 0.0, 1.722222, 2.5941534, 3.2222233, 1.5006163, 61.555557, 54.77778, 76.22222, 53.666668, -20.333334, 44.0, -23.666666, 76.22222, 0.29590768, -2.0427177, negative
143.0, 24.0, 9.0, 0.0, 0.0, 1.2777773, 0.9074056, 0.88888806, 1.1407489, 127.62963, 117.666664, 141.66667, 123.55556, -29.88889, 42.11111, -12.222222, 141.66667, 0.16939692, -2.349252, negative
160.0, 41.0, 9.0, 0.0, 0.0, 0.8333333, 0.8096638, 0.22222225, 0.17213258, 0.7037037, 0.5555556, 1.2222222, 0.33333334, -0.44444445, 1.5555556, -1.1111112, 1.2222222, 0.537037, -1.8451205, negative
90.0, 122.0, 9.0, 0.11111111, 0.0, 1.6666669, 1.398412, 1.1666669, 0.69121486, 16.185184, 10.222222, 25.333334, 13.0, -17.88889, 27.444445, -9.555555, 25.333334, 0.584744, -2.2472665, negative
97.0, 176.0, 9.0, 0.0, 0.0, 0.77777797, 0.6554612, 2.3888893, 1.3066785, 22.185184, 19.0, 19.777779, 27.777779, -9.555555, -7.2222223, 16.777779, 27.777779, 0.31604066, 2.1798449, negative
42.0, 200.0, 9.0, 0.0, 0.0, 0.5555555, 0.4296296, 0.44444433, 0.25185174, 7.703704, 5.7777777, 5.888889, 11.444445, -5.7777777, -5.4444447, 11.222222, 11.444445, 0.5153199, 2.10726, negative
109.0, 76.0, 9.0, 0.0, 0.0, 1.5000006, 0.69121444, 0.3888887, 0.32773072, 51.77778, 47.666668, 61.555557, 46.11111, -12.333333, 29.333334, -17.0, 61.555557, 0.25070548, -1.9899223, negative
20.0, 70.0, 9.0, 0.0, 0.0, 11.499999, 8.767999, 7.944445, 6.9166985, 18.592592, 13.666667, 23.88889, 18.222221, -14.777778, 15.888889, -1.1111112, 23.88889, 0.47688422, -2.5891109, negative
6.0, 118.0, 9.0, 0.0, 0.0, 0.055555563, 0.13608278, 0.055555563, 0.13608278, 0.037037037, 0.0, 0.11111111, 0.0, -0.11111111, 0.22222222, -0.11111111, 0.11111111, 0.11111111, -2.0943952, negative
229.0, 124.0, 9.0, 0.0, 0.0, 0.888889, 0.074073985, 0.8888889, 0.3407407, 5.888889, 7.111111, 7.111111, 3.4444444, 3.6666667, 3.6666667, -7.3333335, 7.5555553, 0.5458554, -1.0376626, positive
201.0, 92.0, 9.0, 0.0, 0.0, 0.8333346, 0.2111112, 0.7777799, 0.2962967, 90.333336, 74.888885, 115.44444, 80.66667, -46.333332, 75.333336, -29.0, 115.44444, 0.35122013, -2.2428021, negative
222.0, 62.0, 9.0, 0.0, 0.0, 0.27777782, 0.2509242, 0.6666667, 0.55777335, 6.4074073, 4.111111, 11.444445, 3.6666667, -6.888889, 15.111111, -8.222222, 11.444445, 0.68080807, -2.0341523, negative
243.0, 120.0, 9.0, 0.0, 0.0, 4.4444447, 4.359749, 1.5555547, 1.8338387, 47.851852, 44.77778, 56.333332, 42.444443, -9.222222, 25.444445, -16.222221, 56.333332, 0.2453213, -1.9107349, negative
152.0, 152.0, 9.0, 0.0, 0.0, 0.16666669, 0.033333343, 2.1111112, 4.340741, 1.4074074, 1.0, 2.4444444, 0.7777778, -1.2222222, 3.1111112, -1.8888888, 2.4444444, 0.43915343, -2.000272, negative
200.0, 165.0, 9.0, 0.11111111, 0.0, 2.277778, 3.9740758, 1.7777776, 0.9185186, 17.333334, 12.888889, 16.444445, 22.666666, -13.333333, -2.6666667, 16.0, 22.666666, 0.43081954, 2.4711971, negative
143.0, 89.0, 9.0, 0.0, 0.0, 2.6666665, 2.1908906, 0.33333316, 0.0, 18.0, 14.0, 25.777779, 14.222222, -12.0, 23.333334, -11.333333, 25.777779, 0.45909294, -2.1130323, negative
33.0, 99.0, 9.0, 0.0, 0.0, 1.5555557, 1.2590411, 2.4444444, 1.128749, 15.481482, 11.222222, 23.777779, 11.444445, -12.777778, 24.88889, -12.111111, 23.777779, 0.54147977, -2.112503, negative
142.0, 182.0, 9.0, 0.0, 0.0, 2.499999, 1.0999985, 2.277777, 3.618518, 34.51852, 31.555555, 42.22222, 29.777779, -8.888889, 23.11111, -14.222222, 42.22222, 0.29320765, -1.9430385, negative
86.0, 67.0, 9.0, 0.0, 0.0, 1.0, 0.62222165, 1.0555559, 0.68518525, 108.85185, 99.44444, 125.55556, 101.55556, -28.222221, 50.11111, -21.88889, 125.55556, 0.20770195, -2.1730993, negative
105.0, 193.0, 9.0, 0.0, 0.0, 3.222222, 1.9051597, 2.8888893, 2.1773255, 60.11111, 53.11111, 75.111115, 52.11111, -21.0, 45.0, -24.0, 75.111115, 0.30846536, -2.047766, negative
47.0, 189.0, 9.0, 0.0, 0.0, 2.2777774, 4.5518537, 5.8888893, 14.6074095, 29.62963, 26.777779, 36.555557, 25.555555, -8.555555, 20.777779, -12.222222, 36.555557, 0.29741284, -1.9545742, negative
9.0, 76.0, 9.0, 0.0, 0.0, 1.2777778, 1.4207457, 1.6666666, 1.8618987, 2.4444444, 0.8888889, 4.666667, 1.7777778, -4.6666665, 6.6666665, -2.0, 4.666667, 0.87222224, -2.3408008, negative
62.0, 177.0, 9.0, 0.0, 0.0, 1.2777786, 0.8798145, 1.6666673, 0.9428091, 51.074074, 46.333332, 63.11111, 43.77778, -14.222222, 36.11111, -21.88889, 63.11111, 0.30621472, -1.9560046, negative
45.0, 121.0, 9.0, 0.0, 0.0, 2.0555573, 1.2546208, 6.6111107, 2.678445, 54.962963, 47.77778, 68.66667, 48.444443, -21.555555, 41.11111, -19.555555, 68.66667, 0.3071933, -2.1269433, negative
161.0, 144.0, 9.0, 0.0, 0.0, 0.0, 0.0, 0.0, 0.0, 0.0, 0.0, 0.0, 0.0, 0.0, 0.0, 0.0, 0.0, 0.0, 0.0, negative
238.0, 73.0, 9.0, 0.0, 0.0, 2.277776, 1.4050171, 1.5, 0.7817362, 43.51852, 38.77778, 53.0, 38.77778, -14.222222, 28.444445, -14.222222, 53.0, 0.27433428, -2.0964146, negative
136.0, 70.0, 9.0, 0.0, 0.0, 1.0, 0.31111133, 1.7222223, 2.196296, 26.037037, 24.444445, 34.0, 19.666668, -4.7777777, 23.88889, -19.11111, 34.0, 0.42128146, -1.7451795, positive
31.0, 68.0, 9.0, 0.0, 0.0, 27.944443, 203.35188, 18.277777, 338.64075, 47.185184, 38.555557, 60.11111, 42.88889, -25.88889, 38.77778, -12.888889, 60.11111, 0.41303283, -2.3086562, negative
162.0, 159.0, 9.0, 0.0, 0.0, 2.1666667, 0.9603238, 2.2222223, 1.4555128, 26.11111, 25.222221, 29.555555, 23.555555, -2.6666667, 10.333333, -7.6666665, 29.555555, 0.20284556, -1.8025542, negative
2.0, 198.0, 9.0, 0.11111111, 0.0, 0.888889, 0.6206327, 1.9444448, 1.3567389, 12.185185, 9.666667, 10.555555, 16.333334, -7.5555553, -4.888889, 12.444445, 16.333334, 0.4157716, 2.2212758, negative
56.0, 196.0, 9.0, 0.0, 0.0, 2.38889, 1.4207458, 4.444445, 4.3902254, 50.074074, 44.333332, 62.22222, 43.666668, -17.222221, 36.444443, -19.222221, 62.22222, 0.2979628, -2.0547533, negative
103.0, 195.0, 9.0, 0.11111111, 0.0, 2.0555556, 1.5740733, 2.0555556, 3.7962956, 8.518518, 6.3333335, 6.888889, 12.333333, -6.5555553, -4.888889, 11.444445, 12.333333, 0.5016835, 2.1870224, negative
196.0, 244.0, 9.0, 0.0, 0.0, 1.277778, 0.5518518, 3.6111114, 6.9518504, 7.740741, 6.6666665, 7.0, 9.555555, -3.2222223, -2.2222223, 5.4444447, 9.555555, 0.3833719, 2.340587, negative
174.0, 50.0, 9.0, 0.0, 0.0, 1.0000013, 0.7601153, 0.9444453, 0.9525792, 107.44444, 94.666664, 125.77778, 101.888885, -38.333332, 55.0, -16.666666, 125.77778, 0.2473368, -2.3372955, negative
78.0, 100.0, 9.0, 0.0, 0.0, 1.5555553, 8.296297, 2.5555556, 8.829631, 4.5925927, 1.4444444, 9.444445, 2.8888888, -9.444445, 14.555555, -5.111111, 9.444445, 0.87633204, -2.2805398, negative
231.0, 124.0, 9.0, 0.0, 0.0, 3.4444447, 14.962965, 1.8333334, 6.4333353, 3.0, 1.4444444, 5.888889, 1.6666666, -4.6666665, 8.666667, -4.0, 5.888889, 0.895369, -2.118937, negative
142.0, 183.0, 9.0, 0.11111111, 0.0, 1.0, 0.8692275, 1.5555553, 1.4857352, 43.185184, 40.22222, 52.0, 37.333336, -8.888889, 26.444445, -17.555555, 52.0, 0.28154, -1.8877307, negative
187.0, 120.0, 9.0, 0.0, 0.0, 2.2222214, 2.083445, 1.2777786, 0.6469289, 60.037037, 56.88889, 69.333336, 53.88889, -9.444445, 27.88889, -18.444445, 69.333336, 0.22280817, -1.8929771, negative
90.0, 189.0, 9.0, 0.0, 0.0, 0.88888884, 0.7793635, 1.0555555, 0.82775915, 12.888889, 10.444445, 9.444445, 18.777779, -7.3333335, -10.333333, 17.666666, 18.777779, 0.49709514, 1.9855517, negative
186.0, 28.0, 9.0, 0.0, 0.0, 0.94444275, 0.38968328, 1.4444414, 1.29386, 122.51852, 111.0, 138.66667, 117.888885, -34.555557, 48.444443, -13.888889, 138.66667, 0.19951321, -2.35398, negative
14.0, 95.0, 9.0, 0.0, 0.0, 1.3333334, 0.699206, 1.1111112, 0.62063295, 2.2592592, 0.6666667, 3.8888888, 2.2222223, -4.7777777, 4.888889, -0.11111111, 3.8888888, 0.8740741, -2.5527236, negative
119.0, 191.0, 9.0, 0.0, 0.0, 3.11111, 2.9489486, 5.2222233, 3.4297178, 59.592594, 52.333332, 75.22222, 51.22222, -21.777779, 46.88889, -25.11111, 75.22222, 0.31901047, -2.047053, negative
197.0, 156.0, 9.0, 0.0, 0.0, 0.9444439, 0.49065349, 2.0555558, 1.705112, 16.925926, 13.444445, 15.555555, 21.777779, -10.444445, -4.111111, 14.555555, 21.777779, 0.38463837, 2.3635807, negative
196.0, 100.0, 9.0, 0.0, 0.0, 7.277777, 83.351845, 5.777778, 68.87406, 8.148149, 4.666667, 13.333333, 6.4444447, -10.444445, 15.555555, -5.111111, 13.333333, 0.7380342, -2.2898738, negative
46.0, 131.0, 9.0, 0.0, 0.0, 0.27777776, 0.06296298, 1.7777777, 1.8518522, 1.4074074, 0.7777778, 2.7777777, 0.6666667, -1.8888888, 4.111111, -2.2222223, 2.7777777, 0.77037036, -2.0513444, negative
235.0, 88.0, 9.0, 0.0, 0.0, 0.6111111, 0.24074072, 0.9444445, 0.32962963, 2.7777777, 0.44444445, 6.4444447, 1.4444444, -7.0, 11.0, -4.0, 6.4444447, 0.93849206, -2.2695446, negative
46.0, 88.0, 9.0, 0.0, 0.0, 1.5, 1.3666672, 1.5555557, 1.2740738, 3.2962964, 0.6666667, 7.6666665, 1.5555556, -7.888889, 13.111111, -5.2222223, 7.6666665, 0.92957354, -2.2165444, negative
26.0, 91.0, 9.0, 0.11111111, 0.0, 2.0, 2.177777, 2.5555556, 2.1629624, 19.74074, 19.777779, 24.555555, 14.888889, 0.11111111, 14.444445, -14.555555, 24.555555, 0.39415666, -1.5522503, positive
127.0, 121.0, 9.0, 0.0, 0.0, 1.6666664, 0.8000008, 2.0000002, 2.4444427, 23.11111, 21.666666, 30.11111, 17.555555, -4.3333335, 21.0, -16.666666, 30.11111, 0.4155243, -1.7407364, positive
44.0, 162.0, 9.0, 0.0, 0.0, 0.88888836, 0.4554205, 1.9444447, 1.3567389, 24.518518, 19.555555, 24.11111, 29.88889, -14.888889, -1.2222222, 16.11111, 29.88889, 0.34703225, 2.5573888, negative
187.0, 162.0, 9.0, 0.0, 0.0, 1.500001, 1.1444442, 11.666667, 73.1111, 43.22222, 36.77778, 53.666668, 39.22222, -19.333334, 31.333334, -12.0, 53.666668, 0.30018225, -2.3916814, negative
14.0, 66.0, 9.0, 0.0, 0.0, 1.5555553, 1.0074071, 1.5, 1.0111104, 18.666666, 18.555555, 24.0, 13.444445, -0.33333334, 16.0, -15.666667, 24.0, 0.43785483, -1.5692534, positive
146.0, 238.0, 9.0, 0.0, 0.0, 2.0555556, 0.59629667, 2.6666665, 1.8666656, 17.777779, 15.0, 16.555555, 21.777779, -8.333333, -3.6666667, 12.0, 21.777779, 0.3152556, 2.3374724, negative
77.0, 185.0, 9.0, 0.0, 0.0, 2.944445, 7.6629586, 6.2222214, 32.118523, 32.555557, 29.222221, 39.666668, 28.777779, -10.0, 21.333334, -11.333333, 39.666668, 0.27036038, -2.0852716, negative
15.0, 189.0, 9.0, 0.0, 0.0, 1.499999, 0.9222211, 2.0, 2.8888876, 32.11111, 28.333334, 40.333336, 27.666666, -11.333333, 24.666666, -13.333333, 40.333336, 0.31536263, -2.0379822, negative
73.0, 194.0, 9.0, 0.0, 0.0, 3.222222, 2.3349202, 4.611112, 3.3560352, 60.77778, 53.444443, 76.111115, 52.77778, -22.0, 46.0, -24.0, 76.111115, 0.30925295, -2.0605488, negative
79.0, 104.0, 9.0, 0.11111111, 0.0, 0.9444453, 0.3740738, 1.5, 1.0111135, 65.296295, 59.77778, 78.0, 58.11111, -16.555555, 38.11111, -21.555555, 78.0, 0.25469732, -2.0078323, negative
237.0, 137.0, 9.0, 0.0, 0.0, 8.944446, 8.654905, 2.6111104, 1.5551589, 36.925926, 34.88889, 42.333336, 33.555557, -6.111111, 16.222221, -10.111111, 42.333336, 0.2144562, -1.9409745, negative
236.0, 194.0, 9.0, 0.0, 0.0, 2.666666, 1.9321826, 2.4444435, 1.7971164, 50.11111, 44.22222, 62.444443, 43.666668, -17.666666, 37.0, -19.333334, 62.444443, 0.30066735, -2.0642767, negative
162.0, 159.0, 9.0, 0.0, 0.0, 2.1666667, 0.9603238, 2.2222223, 1.4555128, 26.11111, 25.222221, 29.555555, 23.555555, -2.6666667, 10.333333, -7.6666665, 29.555555, 0.20284556, -1.8025542, negative
115.0, 75.0, 9.0, 0.0, 0.0, 0.9444453, 0.774077, 1.0555586, 0.59629595, 126.07407, 115.888885, 141.22223, 121.111115, -30.555555, 45.444443, -14.888889, 141.22223, 0.17935319, -2.309804, negative
136.0, 139.0, 9.0, 0.0, 0.0, 0.6666667, 0.17777774, 0.7777776, 0.20740725, 5.3333335, 6.5555553, 6.4444447, 3.0, 3.6666667, 3.3333333, -7.0, 6.888889, 0.5667989, -1.004936, positive
9.0, 92.0, 9.0, 0.0, 0.0, 1.3888887, 2.4185164, 2.4999998, 0.87777764, 19.074074, 18.777779, 24.11111, 14.333333, -0.8888889, 15.111111, -14.222222, 24.11111, 0.40102458, -1.5705879, positive
134.0, 29.0, 9.0, 0.0, 0.0, 0.7777774, 0.40368682, 0.44444275, 0.40368643, 112.07407, 98.55556, 130.55556, 107.111115, -40.555557, 55.444443, -14.888889, 130.55556, 0.24509327, -2.3732064, negative
16.0, 246.0, 9.0, 0.11111111, 0.0, 2.3888888, 1.0851847, 1.722222, 1.7518522, 9.407408, 9.555555, 10.111111, 8.555555, 0.44444445, 2.1111112, -2.5555556, 10.333334, 0.16335146, -1.1905607, negative
220.0, 39.0, 9.0, 0.11111111, 0.0, 0.66666794, 0.73029673, 1.3333334, 1.3333335, 113.0, 99.44444, 131.11111, 108.44444, -40.666668, 54.333332, -13.666667, 131.11111, 0.24145858, -2.393564, negative
69.0, 139.0, 9.0, 0.0, 0.0, 2.8333328, 1.7732588, 2.1111112, 1.6688871, 18.074074, 16.0, 22.555555, 15.666667, -6.2222223, 13.444445, -7.2222223, 23.88889, 0.38661182, -1.7028334, negative
73.0, 105.0, 9.0, 0.0, 0.0, 2.1111114, 1.0962937, 1.1666666, 0.52222216, 58.62963, 53.333332, 70.333336, 52.22222, -15.888889, 35.11111, -19.222221, 70.333336, 0.25904787, -2.032243, negative
192.0, 239.0, 9.0, 0.11111111, 0.0, 2.4999998, 2.4333322, 2.277778, 1.3074071, 15.148149, 12.222222, 14.555555, 18.666668, -8.777778, -1.7777778, 10.555555, 18.666668, 0.34430414, 2.482445, negative
120.0, 108.0, 9.0, 0.11111111, 0.0, 0.611111, 0.6407408, 0.944444, 0.1518519, 21.925926, 21.0, 28.222221, 16.555555, -2.7777777, 18.88889, -16.11111, 28.222221, 0.41213372, -1.6835289, positive
78.0, 62.0, 9.0, 0.11111111, 0.0, 0.6666667, 0.399999, 1.6111094, 0.86296284, 110.03704, 100.77778, 126.333336, 103.0, -27.777779, 48.88889, -21.11111, 126.333336, 0.20227888, -2.1854193, negative
239.0, 93.0, 9.0, 0.0, 0.0, 3.444444, 13.496301, 1.0555555, 0.86296237, 14.407408, 9.888889, 22.88889, 10.444445, -13.555555, 25.444445, -11.888889, 22.88889, 0.57700235, -2.1374934, negative
170.0, 143.0, 9.0, 0.0, 0.0, 0.0, 0.0, 0.0, 0.0, 0.0, 0.0, 0.0, 0.0, 0.0, 0.0, 0.0, 0.0, 0.0, 0.0, negative
254.0, 159.0, 9.0, 0.0, 0.0, 3.5555553, 7.54074, 14.833333, 152.7, 36.62963, 31.333334, 46.22222, 32.333336, -15.888889, 28.777779, -12.888889, 46.22222, 0.29484537, -2.316872, negative
210.0, 232.0, 9.0, 0.0, 0.0, 1.8333335, 1.2064636, 1.4999999, 1.7224014, 8.814815, 6.5555553, 7.2222223, 12.666667, -6.7777777, -4.7777777, 11.555555, 12.666667, 0.49138823, 2.2013178, negative
132.0, 124.0, 9.0, 0.0, 0.0, 0.22222221, 0.074074075, 0.22222221, 0.074074045, 1.074074, 0.0, 3.2222223, 0.0, -3.2222223, 6.4444447, -3.2222223, 3.2222223, 1.0, -2.0943952, negative
242.0, 65.0, 9.0, 0.0, 0.0, 0.5555553, 0.27216578, 1.0, 0.42163682, 8.925926, 6.111111, 14.333333, 6.3333335, -8.444445, 16.222221, -7.7777777, 14.333333, 0.5834605, -2.1218784, negative
30.0, 251.0, 9.0, 0.0, 0.0, 2.444444, 1.8816857, 8.0, 1.6055425, 20.666666, 21.444445, 17.777779, 22.777779, 2.3333333, -8.666667, 6.3333335, 22.777779, 0.23141664, 1.2870604, negative
237.0, 192.0, 9.0, 0.11111111, 0.0, 0.8333333, 0.54772305, 4.3888893, 3.5239923, 46.37037, 41.11111, 57.666668, 40.333336, -15.777778, 33.88889, -18.11111, 57.666668, 0.3026748, -2.047243, negative
94.0, 80.0, 9.0, 0.0, 0.0, 2.1666653, 1.1879028, 0.83333397, 0.50552523, 58.333332, 51.22222, 72.111115, 51.666668, -21.333334, 41.333332, -20.0, 72.111115, 0.2908336, -2.1163511, negative
139.0, 187.0, 9.0, 0.0, 0.0, 2.055556, 1.1238163, 1.8333334, 1.0697875, 60.444443, 53.666668, 74.77778, 52.88889, -20.333334, 43.0, -22.666666, 74.77778, 0.29269224, -2.0582106, negative
209.0, 191.0, 9.0, 0.0, 0.11111111, 3.0555553, 2.3037815, 5.722222, 6.071487, 48.22222, 43.88889, 58.666668, 42.11111, -13.0, 31.333334, -18.333334, 58.666668, 0.27976418, -1.964901, negative
36.0, 189.0, 9.0, 0.0, 0.0, 1.9444441, 2.4629607, 5.8333335, 21.588884, 31.37037, 28.444445, 38.0, 27.666666, -8.777778, 19.88889, -11.111111, 38.0, 0.2663022, -2.0203454, negative
9.0, 180.0, 9.0, 0.0, 0.0, 1.166667, 0.7226493, 1.1666673, 0.9831922, 22.555555, 17.444445, 22.0, 28.222221, -15.333333, -1.6666666, 17.0, 28.222221, 0.38142902, 2.5416608, negative
223.0, 150.0, 9.0, 0.0, 0.0, 0.0, 0.0, 0.0, 0.0, 0.0, 0.0, 0.0, 0.0, 0.0, 0.0, 0.0, 0.0, 0.0, 0.0, negative
241.0, 90.0, 9.0, 0.0, 0.11111111, 5.6666665, 23.377783, 6.7777786, 63.76296, 9.0, 4.7777777, 15.666667, 6.5555553, -12.666667, 20.0, -7.3333335, 15.666667, 0.7629189, -2.2663894, negative
185.0, 102.0, 9.0, 0.0, 0.0, 11.055557, 73.70736, 0.44444528, 0.20740719, 56.77778, 51.11111, 69.111115, 50.11111, -17.0, 37.0, -20.0, 69.111115, 0.27435303, -2.034054, negative
41.0, 150.0, 9.0, 0.0, 0.0, 1.777778, 1.94074, 2.1666667, 1.4999995, 20.74074, 16.222223, 29.222221, 16.777779, -13.555555, 25.444445, -11.888889, 29.222221, 0.44157267, -2.1348755, negative
91.0, 247.0, 9.0, 0.0, 0.0, 2.6666665, 1.2472191, 2.222222, 1.4246507, 12.62963, 9.555555, 12.444445, 15.888889, -9.222222, -0.5555556, 9.777778, 15.888889, 0.4018332, 2.55309, negative
156.0, 86.0, 9.0, 0.0, 0.0, 2.2777777, 0.38968182, 0.27777767, 0.250924, 20.444445, 15.888889, 28.555555, 16.88889, -13.666667, 24.333334, -10.666667, 28.555555, 0.44469786, -2.1782806, negative
89.0, 68.0, 9.0, 0.0, 0.0, 4.055556, 3.0407388, 2.3888886, 1.2185171, 17.703703, 17.666668, 23.0, 12.444445, -0.11111111, 15.888889, -15.777778, 23.0, 0.46200204, -1.5639724, positive
134.0, 194.0, 9.0, 0.0, 0.0, 2.6111107, 1.218682, 5.222222, 4.435546, 58.962963, 52.88889, 71.55556, 52.444443, -18.222221, 37.77778, -19.555555, 71.55556, 0.27344358, -2.0818913, negative
196.0, 161.0, 9.0, 0.0, 0.0, 2.7777774, 5.540735, 11.777776, 93.98522, 41.962963, 36.555557, 51.22222, 38.11111, -16.222221, 27.777779, -11.555555, 51.333332, 0.28212494, -2.38829, negative
76.0, 106.0, 9.0, 0.0, 0.0, 1.8333334, 3.5444427, 2.2222223, 3.718517, 3.6666667, 1.0, 7.888889, 2.1111112, -8.0, 12.666667, -4.6666665, 7.888889, 0.9035714, -2.2555406, negative
137.0, 66.0, 9.0, 0.0, 0.0, 2.611111, 3.040741, 2.9444444, 3.8851848, 28.407408, 25.333334, 38.22222, 21.666666, -9.222222, 29.444445, -20.222221, 38.22222, 0.4305578, -1.8449929, positive
131.0, 144.0, 9.0, 0.0, 0.0, 0.0, 0.0, 0.0, 0.0, 0.0, 0.0, 0.0, 0.0, 0.0, 0.0, 0.0, 0.0, 0.0, 0.0, negative
27.0, 106.0, 9.0, 0.0, 0.0, 0.6111111, 0.41851848, 1.2777778, 0.5962963, 2.1851852, 0.33333334, 4.888889, 1.3333334, -5.5555553, 8.111111, -2.5555556, 4.888889, 0.9517196, -2.2740705, negative
74.0, 127.0, 9.0, 0.0, 0.0, 4.8333335, 3.6499624, 1.6666666, 1.2472203, 45.25926, 39.444443, 57.333332, 39.0, -17.444445, 36.22222, -18.777779, 57.333332, 0.31732458, -2.061036, negative
138.0, 133.0, 9.0, 0.0, 0.0, 0.6666667, 0.44444433, 1.1666666, 0.21111093, 6.4444447, 7.7777777, 7.888889, 3.6666667, 4.0, 4.3333335, -8.333333, 8.222222, 0.5582011, -1.0776595, positive
118.0, 126.0, 9.0, 0.0, 0.0, 0.6666667, 0.39999974, 1.8333336, 2.1222224, 20.555555, 16.11111, 28.666666, 16.88889, -13.333333, 24.333334, -11.0, 28.666666, 0.437078, -2.1588047, negative
252.0, 36.0, 9.0, 0.0, 0.0, 0.94444275, 0.19630012, 1.0, 0.22221552, 135.2963, 128.55556, 146.11111, 131.22223, -20.222221, 32.444443, -12.222222, 146.11111, 0.12003023, -2.247156, negative
183.0, 185.0, 9.0, 0.0, 0.0, 2.8888881, 1.4246495, 5.777777, 5.556445, 44.962963, 40.666668, 55.0, 39.22222, -12.888889, 30.11111, -17.222221, 55.0, 0.28574014, -2.0049882, negative
188.0, 186.0, 9.0, 0.0, 0.0, 0.88888836, 0.1629624, 0.77777797, 0.2074075, 18.518518, 15.333333, 18.222221, 22.0, -9.555555, -0.8888889, 10.444445, 22.0, 0.30188268, 2.5873964, negative
112.0, 90.0, 9.0, 0.0, 0.0, 7.38889, 6.9455557, 1.2777773, 0.87981415, 65.18519, 57.666668, 79.77778, 58.11111, -22.555555, 43.77778, -21.222221, 79.77778, 0.27834544, -2.108813, negative
186.0, 98.0, 9.0, 0.0, 0.0, 1.2777783, 1.1816506, 5.944444, 3.0798028, 33.962963, 31.0, 41.0, 29.88889, -8.888889, 21.11111, -12.222222, 41.0, 0.2656978, -1.9603096, negative
121.0, 82.0, 9.0, 0.0, 0.0, 0.555556, 0.34426636, 0.6111107, 0.44305366, 106.51852, 92.888885, 125.888885, 100.77778, -40.88889, 58.11111, -17.222221, 125.888885, 0.2620926, -2.3448718, negative
107.0, 210.0, 9.0, 0.0, 0.0, 0.9444445, 0.5962963, 1.8333335, 0.65555495, 15.111111, 11.222222, 14.222222, 19.88889, -11.666667, -2.6666667, 14.333333, 19.88889, 0.43576914, 2.4615993, negative
39.0, 124.0, 9.0, 0.0, 0.11111111, 5.3333335, 4.774935, 6.5000005, 4.544838, 7.5925927, 4.111111, 12.888889, 5.7777777, -10.444445, 15.888889, -5.4444447, 12.888889, 0.7721516, -2.2657473, negative
77.0, 199.0, 9.0, 0.0, 0.0, 2.666668, 1.8618976, 4.666666, 3.025815, 57.0, 50.555557, 71.0, 49.444443, -19.333334, 42.0, -22.666666, 71.0, 0.30349702, -2.0408664, negative
76.0, 116.0, 9.0, 0.0, 0.0, 0.833333, 0.43333372, 0.16666667, 0.07777769, 16.851852, 13.555555, 23.222221, 13.777778, -9.888889, 19.11111, -9.222222, 23.222221, 0.42083883, -2.1211753, negative
11.0, 108.0, 9.0, 0.0, 0.0, 1.3333335, 0.80000025, 1.3888888, 0.95185167, 17.666666, 19.0, 21.11111, 12.888889, 4.0, 10.333333, -14.333333, 21.11111, 0.38875645, -1.3021333, positive
75.0, 107.0, 9.0, 0.11111111, 0.0, 1.1666665, 0.34444454, 1.7777777, 1.5407407, 16.703703, 18.777779, 19.444445, 11.888889, 6.2222223, 8.222222, -14.444445, 19.777779, 0.39931142, -1.1319735, positive
240.0, 192.0, 9.0, 0.0, 0.0, 2.3888881, 0.6469305, 4.3888893, 2.3796992, 45.962963, 40.555557, 58.11111, 39.22222, -16.222221, 36.444443, -20.222221, 58.11111, 0.32560807, -2.0165784, negative
190.0, 188.0, 9.0, 0.0, 0.0, 2.0000007, 1.5634717, 2.2777774, 1.7815938, 49.703705, 44.666668, 61.77778, 42.666668, -15.111111, 36.22222, -21.11111, 61.77778, 0.30923617, -1.9845647, negative
169.0, 184.0, 9.0, 0.11111111, 0.0, 1.2222227, 0.54433143, 2.4999993, 1.9293057, 56.25926, 51.22222, 69.0, 48.555557, -15.111111, 38.22222, -23.11111, 69.0, 0.2956001, -1.958014, negative
74.0, 122.0, 9.0, 0.0, 0.0, 1.2222222, 1.2412658, 1.3333331, 0.6992059, 16.148148, 8.0, 28.333334, 12.111111, -24.444445, 36.555557, -12.111111, 28.333334, 0.71822083, -2.305989, negative
171.0, 187.0, 9.0, 0.0, 0.11111111, 2.9444454, 1.7309813, 2.6666672, 2.4312778, 48.37037, 43.333332, 60.11111, 41.666668, -15.111111, 35.22222, -20.11111, 60.11111, 0.3067255, -1.9985466, negative
136.0, 92.0, 9.0, 0.0, 0.0, 8.055554, 44.774082, 1.0, 0.17777748, 15.407408, 11.666667, 22.666666, 11.888889, -11.222222, 21.777779, -10.555555, 22.666666, 0.53354967, -2.1132734, negative
211.0, 154.0, 9.0, 0.0, 0.0, 0.11111113, 0.029629631, 0.38888893, 0.062962964, 0.25925925, 0.0, 0.7777778, 0.0, -0.7777778, 1.5555556, -0.7777778, 0.7777778, 0.5555556, -2.0943952, negative
187.0, 75.0, 9.0, 0.0, 0.0, 1.5555559, 0.9108403, 5.6666665, 4.8027763, 39.703705, 35.77778, 48.22222, 35.11111, -11.777778, 25.555555, -13.777778, 48.22222, 0.27505925, -2.036435, negative
191.0, 101.0, 9.0, 0.0, 0.0, 1.111112, 0.7793635, 1.1111113, 1.186342, 45.037037, 39.0, 57.11111, 39.0, -18.11111, 36.22222, -18.11111, 57.11111, 0.32273299, -2.0943027, negative
249.0, 200.0, 9.0, 0.0, 0.0, 2.5555546, 2.6218467, 2.5, 1.2064643, 45.296295, 40.666668, 55.77778, 39.444443, -13.888889, 31.444445, -17.555555, 55.77778, 0.29278436, -2.0166461, negative
249.0, 173.0, 9.0, 0.11111111, 0.0, 1.6666654, 1.6465437, 3.6111107, 2.1125717, 55.185184, 48.555557, 69.55556, 47.444443, -19.88889, 43.11111, -23.222221, 69.55556, 0.32108474, -2.0417202, negative
140.0, 25.0, 9.0, 0.0, 0.0, 0.99999875, 1.4666697, 1.1111107, 0.118517555, 128.0, 117.77778, 142.33334, 123.888885, -30.666666, 43.0, -12.333333, 142.33334, 0.17250364, -2.3545518, negative
140.0, 25.0, 9.0, 0.0, 0.0, 0.99999875, 1.4666697, 1.1111107, 0.118517555, 128.0, 117.77778, 142.33334, 123.888885, -30.666666, 43.0, -12.333333, 142.33334, 0.17250364, -2.3545518, negative
103.0, 39.0, 9.0, 0.0, 0.0, 0.49999747, 0.29999694, 1.1111107, 0.42962748, 127.51852, 116.55556, 142.88889, 123.111115, -32.88889, 46.11111, -13.222222, 142.88889, 0.18426341, -2.352961, negative
96.0, 115.0, 9.0, 0.0, 0.0, 0.38888893, 0.15185183, 0.33333334, 0.17777777, 6.7777777, 7.7777777, 8.555555, 4.0, 3.0, 5.3333335, -8.333333, 8.666667, 0.53858024, -1.2103575, positive
177.0, 130.0, 9.0, 0.0, 0.0, 0.055555552, 0.13608275, 0.22222225, 0.27216554, 1.1851852, 0.6666667, 2.8888888, 0.0, -1.5555556, 5.111111, -3.5555556, 2.8888888, 1.0, -1.8611541, negative
166.0, 180.0, 9.0, 0.0, 0.0, 1.4444437, 1.5851855, 7.3333325, 45.955563, 31.444445, 28.666666, 37.77778, 27.88889, -8.333333, 19.0, -10.666667, 37.77778, 0.25295278, -2.0210319, negative
52.0, 66.0, 9.0, 0.11111111, 0.0, 1.1666654, 0.2555565, 1.8333346, 2.122228, 114.22222, 106.888885, 128.77779, 107.0, -22.0, 43.666668, -21.666666, 128.77779, 0.17412825, -2.0989902, negative
214.0, 195.0, 9.0, 0.0, 0.0, 0.8333333, 0.6582802, 2.0, 0.9660913, 46.555557, 41.11111, 57.333332, 41.22222, -16.333334, 32.333332, -16.0, 57.333332, 0.2902986, -2.1013772, negative
136.0, 45.0, 9.0, 0.0, 0.0, 1.222222, 1.5444059, 2.0555553, 1.5263131, 53.074074, 48.11111, 63.77778, 47.333332, -14.888889, 32.11111, -17.222221, 63.77778, 0.25936732, -2.0459049, negative
99.0, 198.0, 9.0, 0.0, 0.0, 5.055554, 6.4339952, 5.6666665, 5.7927146, 58.333332, 51.88889, 72.333336, 50.77778, -19.333334, 42.0, -22.666666, 72.333336, 0.29965425, -2.0358741, negative
120.0, 136.0, 9.0, 0.0, 0.0, 0.61111116, 0.4185187, 1.0000001, 0.4444444, 6.259259, 7.7777777, 7.2222223, 3.7777777, 4.5555553, 2.8888888, -7.4444447, 8.0, 0.52954143, -0.92460656, positive
104.0, 139.0, 9.0, 0.0, 0.0, 0.33333334, 0.5163977, 0.33333334, 0.5163977, 0.6666667, 0.0, 1.7777778, 0.22222222, -2.0, 3.3333333, -1.3333334, 1.7777778, 1.0, -2.1507304, negative
104.0, 134.0, 9.0, 0.0, 0.0, 0.5, 0.18257418, 0.8333333, 0.27888662, 1.7777778, 0.11111111, 3.8888888, 1.3333334, -5.0, 6.3333335, -1.3333334, 3.8888888, 0.9777778, -2.4225056, negative
151.0, 114.0, 9.0, 0.0, 0.0, 0.6111111, 0.19629627, 1.0000001, 0.53333306, 6.2222223, 7.5555553, 7.4444447, 3.6666667, 4.0, 3.6666667, -7.6666665, 7.888889, 0.53791887, -1.0108004, positive
58.0, 113.0, 9.0, 0.0, 0.0, 3.4444447, 1.2232318, 0.7222223, 0.38968182, 20.851852, 16.88889, 28.444445, 17.222223, -11.888889, 22.777779, -10.888889, 28.444445, 0.4148072, -2.1256926, negative
87.0, 196.0, 9.0, 0.11111111, 0.0, 1.3333321, 0.8692278, 2.222222, 1.6688869, 61.592594, 55.0, 75.66667, 54.11111, -19.777779, 42.22222, -22.444445, 75.66667, 0.28752622, -2.0487363, negative
191.0, 119.0, 9.0, 0.0, 0.0, 1.1111107, 1.2938615, 0.9444459, 0.772202, 39.851852, 36.22222, 48.22222, 35.11111, -10.888889, 25.11111, -14.222222, 48.22222, 0.27171725, -2.0059998, negative
111.0, 235.0, 9.0, 0.0, 0.0, 1.6111107, 1.3074071, 2.7222216, 2.5518525, 15.62963, 11.777778, 15.888889, 19.222221, -11.555555, 0.7777778, 10.777778, 19.222221, 0.3880957, 2.6707714, negative
38.0, 106.0, 9.0, 0.0, 0.0, 2.2222223, 2.5185175, 2.1111114, 3.1407404, 20.0, 20.0, 25.11111, 14.888889, 0.0, 15.333333, -15.333333, 25.11111, 0.40815476, -1.5576197, positive
100.0, 111.0, 9.0, 0.0, 0.0, 3.7222223, 20.951847, 4.111111, 19.496296, 4.888889, 2.2222223, 9.111111, 3.3333333, -8.0, 12.666667, -4.6666665, 9.111111, 0.8646644, -2.2164733, negative
133.0, 125.0, 9.0, 0.0, 0.0, 1.4444433, 2.8296287, 2.1111114, 1.3185211, 66.25926, 61.11111, 79.111115, 58.555557, -15.444445, 38.555557, -23.11111, 79.111115, 0.2598418, -1.9632003, negative
179.0, 101.0, 9.0, 0.0, 0.0, 0.44444785, 0.3851871, 0.61110944, 0.32963282, 134.92592, 126.44444, 147.22223, 131.11111, -25.444445, 36.88889, -11.444445, 147.22223, 0.14110672, -2.3287346, negative
176.0, 132.0, 9.0, 0.0, 0.0, 0.5, 0.12222223, 0.9444444, 0.3296295, 5.740741, 7.4444447, 6.2222223, 3.5555556, 5.111111, 1.4444444, -6.5555553, 7.5555553, 0.5299824, -0.72601837, positive
9.0, 80.0, 9.0, 0.0, 0.0, 2.9444444, 13.751853, 16.666666, 71.5111, 23.62963, 17.333334, 31.666666, 21.88889, -18.88889, 24.11111, -5.2222223, 31.666666, 0.5142537, -2.4315135, negative
6.0, 217.0, 9.0, 0.0, 0.0, 2.111111, 5.0962963, 3.944444, 12.50741, 14.555555, 11.444445, 13.333333, 18.88889, -9.333333, -3.6666667, 13.0, 18.88889, 0.39533988, 2.3638706, negative
169.0, 102.0, 9.0, 0.0, 0.0, 1.0, 0.35555485, 0.8888893, 0.2962955, 58.22222, 53.444443, 69.66667, 51.555557, -14.333333, 34.333332, -20.0, 69.66667, 0.25975996, -1.9855843, negative
135.0, 185.0, 9.0, 0.11111111, 0.0, 2.2222214, 2.8100352, 2.2777793, 1.2895584, 47.962963, 44.11111, 57.333332, 42.444443, -11.555555, 28.11111, -16.555555, 57.333332, 0.2591888, -1.9820988, negative
155.0, 27.0, 9.0, 0.0, 0.0, 1.0555573, 0.24073716, 1.4444453, 0.25185013, 137.51852, 132.55556, 146.55556, 133.44444, -14.888889, 27.11111, -12.222222, 146.55556, 0.09847229, -2.146716, negative
227.0, 196.0, 9.0, 0.0, 0.0, 2.6111114, 2.360949, 3.5555565, 1.6953094, 47.185184, 42.11111, 58.22222, 41.22222, -15.222222, 33.11111, -17.88889, 58.22222, 0.2924689, -2.0394914, negative
196.0, 124.0, 9.0, 0.0, 0.0, 0.22222209, 0.029629592, 0.8333332, 0.38888887, 6.2222223, 7.5555553, 7.4444447, 3.6666667, 4.0, 3.6666667, -7.6666665, 8.0, 0.5421076, -1.0114845, positive
214.0, 79.0, 9.0, 0.0, 0.0, 1.2777778, 0.86296296, 1.3333334, 0.53333336, 4.851852, 2.0, 9.222222, 3.3333333, -8.555555, 13.111111, -4.5555553, 9.222222, 0.7916667, -2.2889814, negative
47.0, 89.0, 9.0, 0.0, 0.0, 0.55555564, 0.17213255, 3.611111, 3.83792, 14.222222, 10.222222, 22.11111, 10.333334, -12.0, 23.666666, -11.666667, 22.11111, 0.5488248, -2.1073112, negative
97.0, 123.0, 9.0, 0.0, 0.0, 0.38888887, 0.01851856, 0.16666666, 0.077777766, 1.1481482, 0.0, 3.4444444, 0.0, -3.4444444, 6.888889, -3.4444444, 3.4444444, 1.0, -2.0943952, negative
134.0, 54.0, 9.0, 0.0, 0.0, 0.61111194, 0.64693147, 1.2222214, 1.0036972, 124.37037, 112.666664, 141.33334, 119.111115, -35.11111, 50.88889, -15.777778, 141.33334, 0.2027078, -2.3286614, negative
142.0, 111.0, 9.0, 0.0, 0.0, 1.1111113, 0.45541987, 0.55555534, 0.34426492, 28.74074, 24.555555, 35.88889, 25.777779, -12.555555, 21.444445, -8.888889, 35.88889, 0.31548372, -2.2026672, negative
153.0, 208.0, 9.0, 0.0, 0.0, 2.4444444, 2.429628, 1.9444442, 3.0851858, 16.851852, 13.0, 16.0, 21.555555, -11.555555, -2.5555556, 14.111111, 21.555555, 0.3969092, 2.4832914, negative
215.0, 89.0, 9.0, 0.22222222, 0.0, 1.888889, 1.5869839, 2.3333328, 1.7256241, 18.037037, 14.444445, 25.11111, 14.555555, -10.777778, 21.222221, -10.444445, 25.11111, 0.43137968, -2.102295, negative
226.0, 176.0, 9.0, 0.0, 0.0, 3.0555546, 3.2756119, 2.3888893, 2.870668, 56.925926, 50.444443, 71.44444, 48.88889, -19.444445, 43.555557, -24.11111, 71.44444, 0.3158616, -2.0217843, negative
135.0, 104.0, 9.0, 0.0, 0.0, 0.94444466, 0.10740852, 1.9999994, 0.7111114, 63.62963, 58.22222, 76.55556, 56.11111, -16.222221, 38.77778, -22.555555, 76.55556, 0.26721877, -1.986567, negative
102.0, 203.0, 9.0, 0.0, 0.0, 0.6666665, 0.760117, 1.3333331, 0.8944272, 9.777778, 7.4444447, 6.4444447, 15.444445, -7.0, -10.0, 17.0, 15.444445, 0.5918262, 1.9847853, negative
66.0, 41.0, 9.0, 0.0, 0.0, 0.61111194, 0.32773077, 0.38889185, 0.32773316, 109.703705, 95.111115, 128.88889, 105.111115, -43.77778, 57.555557, -13.777778, 128.88889, 0.26204562, -2.404745, negative
204.0, 156.0, 9.0, 0.0, 0.0, 0.5000003, 0.27888626, 1.9999996, 0.55777323, 23.703703, 17.333334, 25.444445, 28.333334, -19.11111, 5.2222223, 13.888889, 28.333334, 0.38903406, 2.8649306, negative
10.0, 112.0, 9.0, 0.0, 0.0, 0.33333334, 0.42163706, 0.50000006, 0.1825741, 0.44444445, 0.0, 1.2222222, 0.11111111, -1.3333334, 2.3333333, -1.0, 1.2222222, 0.6666667, -2.1519136, negative
78.0, 69.0, 9.0, 0.0, 0.0, 1.4999996, 1.1444438, 1.6111107, 1.4407405, 24.333334, 22.0, 32.555557, 18.444445, -7.0, 24.666666, -17.666666, 32.555557, 0.4315472, -1.8112034, positive
224.0, 124.0, 9.0, 0.0, 0.0, 3.1666667, 9.544442, 7.388889, 70.1963, 43.148148, 39.22222, 52.666668, 37.555557, -11.777778, 28.555555, -16.777779, 52.666668, 0.2909818, -1.9809769, negative
214.0, 161.0, 9.0, 0.0, 0.0, 3.7222223, 0.72963357, 11.5, 18.922234, 40.444443, 35.333336, 49.666668, 36.333336, -15.333333, 27.666666, -12.333333, 49.666668, 0.29805613, -2.198939, negative
237.0, 191.0, 9.0, 0.0, 0.0, 1.0, 0.31111106, 1.5, 1.0111109, 7.3333335, 5.3333335, 5.4444447, 11.222222, -6.0, -5.6666665, 11.666667, 11.222222, 0.5358197, 2.1224225, negative
37.0, 189.0, 9.0, 0.0, 0.0, 1.3888893, 1.4851844, 5.722223, 23.885176, 30.0, 27.11111, 36.333336, 26.555555, -8.666667, 19.0, -10.333333, 36.333336, 0.26524833, -2.050282, negative
208.0, 240.0, 9.0, 0.11111111, 0.0, 1.0555557, 0.86296326, 2.4444444, 5.007407, 14.148149, 10.888889, 13.0, 18.555555, -9.777778, -3.4444444, 13.222222, 18.555555, 0.42162097, 2.3924873, negative
195.0, 136.0, 9.0, 0.0, 0.0, 1.1666666, 0.52222216, 1.1666667, 0.47777748, 2.4444444, 0.6666667, 5.7777777, 0.8888889, -5.3333335, 10.0, -4.6666665, 5.7777777, 0.9111552, -2.1303394, negative
66.0, 41.0, 9.0, 0.0, 0.0, 0.61111194, 0.32773077, 0.38889185, 0.32773316, 109.703705, 95.111115, 128.88889, 105.111115, -43.77778, 57.555557, -13.777778, 128.88889, 0.26204562, -2.404745, negative
202.0, 193.0, 9.0, 0.0, 0.0, 1.111112, 0.7503075, 3.3888881, 2.489236, 41.703705, 37.88889, 50.666668, 36.555557, -11.444445, 26.88889, -15.444445, 50.666668, 0.27838665, -1.9929975, negative
196.0, 95.0, 9.0, 0.0, 0.0, 1.722222, 1.1238165, 1.3333335, 1.264911, 7.6296296, 6.7777777, 10.777778, 5.3333335, -2.5555556, 9.444445, -6.888889, 10.777778, 0.51256585, -1.7492584, negative
85.0, 56.0, 9.0, 0.0, 0.0, 1.3333334, 0.40000024, 1.2777773, 1.8407404, 26.444445, 23.333334, 36.0, 20.0, -9.333333, 28.666666, -19.333334, 36.0, 0.4427882, -1.8631825, positive
13.0, 15.0, 9.0, 0.11111111, 0.0, 1.2222227, 0.8861077, 1.2222227, 1.0256, 68.96296, 59.333332, 86.888885, 60.666668, -28.88889, 53.77778, -24.88889, 86.888885, 0.3169049, -2.145323, negative
105.0, 65.0, 9.0, 0.0, 0.0, 0.94444275, 0.61161804, 1.5000013, 1.224745, 123.0, 111.666664, 140.0, 117.333336, -34.0, 51.0, -17.0, 140.0, 0.20236506, -2.3039913, negative
199.0, 120.0, 9.0, 0.0, 0.0, 5.777777, 4.9516163, 0.944444, 0.4430521, 51.074074, 48.22222, 59.22222, 45.77778, -8.555555, 24.444445, -15.888889, 59.22222, 0.2246171, -1.8964247, negative
76.0, 89.0, 9.0, 0.0, 0.0, 1.0555558, 0.952579, 3.2777784, 2.4532664, 16.814816, 12.888889, 24.444445, 13.111111, -11.777778, 22.88889, -11.111111, 24.444445, 0.47304532, -2.11184, negative
132.0, 91.0, 9.0, 0.0, 0.11111111, 18.944445, 188.50739, 33.444447, 889.3629, 42.814816, 35.88889, 52.666668, 39.88889, -20.777779, 29.555555, -8.777778, 52.666668, 0.39882392, -2.3460567, negative
173.0, 186.0, 9.0, 0.0, 0.11111111, 3.2222226, 2.115201, 5.5, 3.5071344, 53.444443, 48.22222, 65.88889, 46.22222, -15.666667, 37.333332, -21.666666, 65.88889, 0.2983021, -1.9882493, negative
156.0, 123.0, 9.0, 0.0, 0.0, 0.38888884, 0.15185185, 0.38888893, 0.062963024, 6.111111, 8.0, 6.7777777, 3.5555556, 5.6666665, 2.0, -7.6666665, 8.0, 0.555776, -0.7616482, positive
64.0, 74.0, 9.0, 0.0, 0.0, 1.333333, 0.5777771, 1.3888893, 0.9074071, 21.148148, 21.0, 26.88889, 15.555555, -0.44444445, 17.222221, -16.777779, 26.88889, 0.41920358, -1.5542339, positive
229.0, 195.0, 9.0, 0.0, 0.0, 4.166666, 2.2779152, 4.111111, 2.2476342, 47.703705, 42.444443, 58.88889, 41.77778, -15.777778, 33.555557, -17.777779, 58.88889, 0.29027814, -2.0527046, negative
109.0, 100.0, 9.0, 0.0, 0.0, 0.944444, 0.49065506, 0.44444466, 0.40368706, 57.148148, 51.555557, 69.66667, 50.22222, -16.777779, 37.555557, -20.777779, 69.66667, 0.27896288, -2.024061, negative
205.0, 106.0, 9.0, 0.0, 0.0, 0.7777777, 0.4554203, 0.3888893, 0.1360822, 17.481482, 14.111111, 24.0, 14.333333, -10.111111, 19.555555, -9.444445, 24.0, 0.41640097, -2.1176713, negative
230.0, 124.0, 9.0, 0.0, 0.0, 0.2777778, 0.10740743, 0.2777778, 0.15185183, 0.6666667, 0.0, 2.0, 0.0, -2.0, 4.0, -2.0, 2.0, 1.0, -2.0943952, negative
104.0, 129.0, 9.0, 0.0, 0.0, 19.277777, 28.907421, 1.1111107, 1.0962967, 37.88889, 33.11111, 47.444443, 33.11111, -14.333333, 28.666666, -14.333333, 47.444443, 0.3206125, -2.097799, negative
164.0, 178.0, 9.0, 0.22222222, 0.0, 1.3888887, 0.86296487, 2.5000002, 1.4555563, 23.814816, 20.222221, 21.11111, 30.11111, -10.777778, -8.111111, 18.88889, 30.11111, 0.32921228, 2.1903052, negative
142.0, 99.0, 9.0, 0.0, 0.0, 0.77777797, 0.45542175, 1.722222, 1.3402593, 51.88889, 51.88889, 56.0, 47.77778, 0.0, 12.333333, -12.333333, 56.0, 0.14661072, -1.5674635, negative
236.0, 240.0, 9.0, 0.0, 0.0, 2.5555553, 1.6688874, 3.3888886, 2.4532666, 22.481482, 19.555555, 19.777779, 28.11111, -8.777778, -8.111111, 16.88889, 28.11111, 0.329382, 2.1418114, negative
232.0, 126.0, 9.0, 0.0, 0.11111111, 2.3888888, 11.885187, 1.2222223, 6.2962966, 1.5185186, 0.44444445, 3.5555556, 0.5555556, -3.2222223, 6.111111, -2.8888888, 3.5555556, 0.96581197, -2.1073034, negative
47.0, 209.0, 9.0, 0.0, 0.0, 1.7222222, 1.2895589, 1.388889, 0.92895794, 11.62963, 9.555555, 9.222222, 16.11111, -6.2222223, -7.2222223, 13.444445, 16.11111, 0.46432462, 2.0609548, negative
14.0, 135.0, 9.0, 0.0, 0.0, 0.27777776, 0.062962964, 0.27777776, 0.06296293, 2.8888888, 1.6666666, 6.0, 1.0, -3.6666667, 9.333333, -5.6666665, 6.0, 0.83227515, -1.958546, negative
14.0, 90.0, 9.0, 0.11111111, 0.0, 2.9444447, 2.435083, 3.3333333, 3.211092, 5.0, 2.5555556, 7.3333335, 5.111111, -7.3333335, 7.0, 0.33333334, 7.3333335, 0.7252886, -2.6393893, negative
156.0, 32.0, 9.0, 0.0, 0.0, 0.77777356, 0.16296418, 2.6111095, 1.0407379, 136.2963, 129.77779, 146.33334, 132.77779, -19.555555, 30.11111, -10.555555, 146.33334, 0.113055356, -2.280755, negative
79.0, 95.0, 9.0, 0.0, 0.0, 1.6666666, 3.7333338, 2.4999993, 7.188887, 21.11111, 21.11111, 26.222221, 16.0, 0.0, 15.333333, -15.333333, 26.222221, 0.38836312, -1.555549, positive
204.0, 131.0, 9.0, 0.0, 0.0, 0.11111111, 0.17213261, 0.11111111, 0.17213261, 0.22222222, 0.0, 0.6666667, 0.0, -0.6666667, 1.3333334, -0.6666667, 0.6666667, 0.6666667, -2.0943952, negative
73.0, 117.0, 9.0, 0.0, 0.0, 1.5555553, 0.96296364, 0.6111111, 0.7740742, 1.3333334, 0.22222222, 3.5555556, 0.22222222, -3.3333333, 6.6666665, -3.3333333, 3.5555556, 0.96825397, -2.0943952, negative
200.0, 193.0, 9.0, 0.0, 0.0, 2.555556, 2.0403337, 4.6111107, 3.5926886, 41.185184, 37.444443, 50.0, 36.11111, -11.222222, 26.444445, -15.222222, 50.0, 0.27987626, -1.9958013, negative
115.0, 130.0, 9.0, 0.0, 0.0, 0.55555534, 0.3407407, 0.83333325, 0.5666664, 7.296296, 8.555555, 8.666667, 4.666667, 3.7777777, 4.111111, -7.888889, 9.0, 0.48159373, -1.0566586, positive
225.0, 90.0, 9.0, 0.0, 0.0, 0.38888893, 0.2509241, 0.55555564, 0.45542005, 6.5925927, 4.666667, 11.222222, 3.8888888, -5.7777777, 13.888889, -8.111111, 11.222222, 0.65115255, -1.987466, negative
221.0, 201.0, 9.0, 0.11111111, 0.0, 1.4444443, 1.1287485, 2.4444447, 0.8344436, 19.148148, 14.666667, 17.666668, 25.11111, -13.444445, -4.4444447, 17.88889, 25.11111, 0.41676173, 2.389747, negative
11.0, 163.0, 9.0, 0.0, 0.0, 1.0555553, 0.928958, 2.5000002, 1.3123353, 19.814816, 17.444445, 16.666668, 25.333334, -7.111111, -9.444445, 16.555555, 25.333334, 0.34426668, 2.0016809, negative
252.0, 71.0, 9.0, 0.0, 0.0, 0.7222214, 0.32962844, 1.3333334, 0.71110994, 89.14815, 72.77778, 115.55556, 79.111115, -49.11111, 79.22222, -30.11111, 115.55556, 0.37009746, -2.2494755, negative
119.0, 169.0, 9.0, 0.0, 0.0, 1.166667, 0.98319227, 0.9999997, 0.91893625, 25.962963, 20.88889, 25.0, 32.0, -15.222222, -2.8888888, 18.11111, 32.0, 0.34778315, 2.4790645, negative
52.0, 170.0, 9.0, 0.0, 0.0, 0.55555564, 0.4554201, 0.94444436, 0.38968262, 25.444445, 20.11111, 25.333334, 30.88889, -16.0, -0.33333334, 16.333334, 30.88889, 0.34911168, 2.6040132, negative
216.0, 126.0, 9.0, 0.0, 0.0, 0.5555555, 0.20740744, 0.5555556, 0.07407395, 4.9259257, 6.4444447, 5.7777777, 2.5555556, 4.5555553, 2.5555556, -7.111111, 6.5555553, 0.6111111, -0.877707, positive
2.0, 190.0, 9.0, 0.0, 0.0, 2.555555, 1.4518529, 2.5, 2.9666677, 31.666666, 28.0, 40.11111, 26.88889, -11.0, 25.333334, -14.333333, 40.11111, 0.32900727, -2.0083811, negative
9.0, 171.0, 9.0, 0.0, 0.0, 1.4999994, 1.0055392, 2.7777774, 1.64204, 45.925926, 41.0, 57.22222, 39.555557, -14.777778, 33.88889, -19.11111, 57.22222, 0.30794257, -2.0107226, negative
93.0, 29.0, 9.0, 0.0, 0.0, 1.2222239, 1.2296363, 1.3888906, 1.5740819, 128.48148, 119.0, 142.77777, 123.666664, -28.444445, 42.88889, -14.444445, 142.77777, 0.16648434, -2.2977605, negative
210.0, 153.0, 9.0, 0.0, 0.0, 0.0, 0.0, 0.0, 0.0, 0.0, 0.0, 0.0, 0.0, 0.0, 0.0, 0.0, 0.0, 0.0, 0.0, negative
233.0, 197.0, 9.0, 0.0, 0.11111111, 3.8888874, 2.78621, 2.0, 1.2649122, 49.74074, 44.333332, 61.444443, 43.444443, -16.222221, 35.11111, -18.88889, 61.444443, 0.29465598, -2.0433986, negative
4.0, 189.0, 9.0, 0.0, 0.0, 2.0555565, 3.8851852, 11.722221, 114.59634, 26.444445, 23.444445, 33.0, 22.88889, -9.0, 19.666666, -10.666667, 33.0, 0.27147257, -2.1010017, negative
204.0, 116.0, 9.0, 0.0, 0.0, 1.0555555, 1.262963, 1.0555556, 1.4407407, 2.1851852, 0.33333334, 5.111111, 1.1111112, -5.5555553, 8.777778, -3.2222223, 5.111111, 0.96141976, -2.2490795, negative
191.0, 165.0, 9.0, 0.0, 0.0, 0.33333334, 0.17777783, 2.4444442, 1.140741, 14.296296, 12.0, 14.111111, 16.777779, -6.888889, -0.5555556, 7.4444447, 17.555555, 0.31812865, 2.5935428, negative
217.0, 148.0, 9.0, 0.0, 0.0, 2.0555556, 2.551854, 1.0555553, 0.5074078, 29.074074, 21.444445, 41.555557, 24.222221, -22.88889, 37.444443, -14.555555, 41.555557, 0.4837708, -2.2379715, negative
42.0, 135.0, 9.0, 0.0, 0.0, 0.38888893, 0.15185186, 0.44444445, 0.16296294, 2.4074075, 1.3333334, 5.111111, 0.7777778, -3.2222223, 8.111111, -4.888889, 5.111111, 0.84973544, -1.9721864, negative
194.0, 178.0, 9.0, 0.0, 0.0, 1.222222, 1.0518546, 8.0, 12.577775, 33.666668, 29.666666, 41.88889, 29.444445, -12.0, 24.666666, -12.666667, 41.88889, 0.29696295, -2.103758, negative
137.0, 147.0, 9.0, 0.11111111, 0.0, 1.5555557, 1.2740756, 2.0555556, 2.8185174, 27.222221, 20.555555, 38.666668, 22.444445, -20.0, 34.333332, -14.333333, 38.666668, 0.4681647, -2.2045748, negative
86.0, 74.0, 9.0, 0.11111111, 0.0, 1.3333336, 1.5555557, 0.6666673, 0.13333334, 22.407408, 21.666666, 28.88889, 16.666668, -2.2222223, 19.444445, -17.222221, 28.88889, 0.42220616, -1.6466708, positive
186.0, 130.0, 9.0, 0.0, 0.0, 0.5000002, 0.12222223, 0.38888893, 0.15185189, 5.3333335, 6.888889, 6.2222223, 2.8888888, 4.6666665, 2.6666667, -7.3333335, 7.0, 0.587963, -0.8890237, positive
97.0, 63.0, 9.0, 0.0, 0.0, 0.7222214, 0.4430521, 0.33333206, 0.21081766, 108.92593, 96.22222, 126.111115, 104.44444, -38.11111, 51.555557, -13.444445, 126.111115, 0.23688999, -2.3824377, negative
130.0, 189.0, 9.0, 0.11111111, 0.0, 2.4999993, 0.9831926, 2.1111114, 2.8100357, 58.62963, 51.77778, 73.333336, 50.77778, -20.555555, 44.11111, -23.555555, 73.333336, 0.30798513, -2.0480576, negative
142.0, 163.0, 9.0, 0.0, 0.0, 1.4999994, 0.87777835, 17.666666, 3.2444987, 40.444443, 35.0, 48.555557, 37.77778, -16.333334, 24.333334, -8.0, 48.555557, 0.2689782, -2.3927407, negative
153.0, 204.0, 9.0, 0.11111111, 0.0, 2.388889, 1.6920295, 3.3333333, 1.3824291, 19.407408, 15.333333, 16.88889, 26.0, -12.222222, -7.5555553, 19.777779, 26.0, 0.4203661, 2.2444103, negative
163.0, 166.0, 9.0, 0.0, 0.0, 1.7777776, 1.0962971, 2.444445, 1.0518519, 16.962963, 12.333333, 16.333334, 22.222221, -13.888889, -1.8888888, 15.777778, 22.222221, 0.4462137, 2.5158255, negative
247.0, 108.0, 9.0, 0.11111111, 0.0, 0.72222215, 0.611616, 2.1111114, 1.9512583, 14.518518, 11.333333, 20.555555, 11.666667, -9.555555, 18.11111, -8.555555, 20.555555, 0.4560301, -2.1271605, negative
104.0, 191.0, 9.0, 0.0, 0.0, 3.222222, 1.9739053, 3.777778, 2.9033842, 63.074074, 55.333332, 79.22222, 54.666668, -23.222221, 48.444443, -25.222221, 79.22222, 0.31158692, -2.0659478, negative
18.0, 138.0, 9.0, 0.0, 0.0, 0.88888884, 0.5629629, 0.83333325, 0.29999986, 5.740741, 7.3333335, 6.5555553, 3.3333333, 4.7777777, 2.4444444, -7.2222223, 7.3333335, 0.5438712, -0.8621077, positive
252.0, 76.0, 9.0, 0.0, 0.0, 1.7222214, 1.1434186, 0.5555547, 0.34426576, 42.296295, 36.0, 54.11111, 36.77778, -18.88889, 35.444443, -16.555555, 54.11111, 0.334876, -2.1390018, negative
35.0, 167.0, 9.0, 0.0, 0.0, 1.611111, 0.9289586, 1.5, 1.130388, 19.037037, 16.777779, 15.666667, 24.666666, -6.7777777, -10.111111, 16.88889, 24.666666, 0.36550307, 1.9715719, negative
139.0, 115.0, 9.0, 0.11111111, 0.0, 2.1111107, 0.95839214, 0.7222214, 0.6469293, 46.74074, 42.444443, 56.333332, 41.444443, -12.888889, 28.777779, -15.888889, 56.333332, 0.2641149, -2.0211253, negative
121.0, 134.0, 9.0, 0.0, 0.0, 0.22222228, 0.029629644, 0.8333333, 0.07777786, 1.6666666, 0.6666667, 4.0, 0.33333334, -3.0, 7.0, -4.0, 4.0, 0.93703705, -2.0131435, negative
145.0, 170.0, 9.0, 0.0, 0.0, 1.277778, 0.57413363, 1.222222, 0.86066276, 16.407408, 12.777778, 16.88889, 19.555555, -10.888889, 1.4444444, 9.444445, 19.555555, 0.34671864, 2.7370737, negative
186.0, 188.0, 9.0, 0.0, 0.0, 1.8333321, 1.2605107, 1.9444433, 1.2546208, 49.962963, 45.11111, 61.444443, 43.333332, -14.555555, 34.444443, -19.88889, 61.444443, 0.29477406, -1.9934397, negative
2.0, 89.0, 9.0, 0.0, 0.0, 1.2222224, 1.7629623, 2.5555556, 3.4962957, 18.962963, 18.777779, 23.88889, 14.222222, -0.5555556, 14.777778, -14.222222, 23.88889, 0.40250653, -1.544214, positive
112.0, 120.0, 9.0, 0.11111111, 0.0, 1.3333334, 1.0327947, 2.222222, 1.7083671, 21.555555, 17.555555, 28.666666, 18.444445, -12.0, 21.333334, -9.333333, 28.666666, 0.38675025, -2.1774175, negative
167.0, 135.0, 9.0, 0.0, 0.0, 0.61111134, 0.107407376, 0.61111134, 0.15185179, 31.185184, 24.0, 43.11111, 26.444445, -21.555555, 35.77778, -14.222222, 43.11111, 0.44313568, -2.2278013, negative
188.0, 190.0, 9.0, 0.0, 0.0, 1.9444447, 0.9756285, 2.055556, 1.103865, 48.88889, 44.22222, 60.0, 42.444443, -14.0, 33.333332, -19.333334, 60.0, 0.29230747, -1.9863075, negative
57.0, 117.0, 9.0, 0.0, 0.0, 0.4444445, 0.20740739, 0.38888893, 0.06296291, 6.3333335, 7.6666665, 7.4444447, 3.8888888, 4.0, 3.3333333, -7.3333335, 8.0, 0.51036155, -0.98394656, positive
75.0, 49.0, 9.0, 0.0, 0.0, 0.8333359, 0.3888883, 1.1666679, 0.70000154, 127.40741, 117.0, 143.11111, 122.111115, -31.222221, 47.11111, -15.888889, 143.11111, 0.18239816, -2.2978394, negative
240.0, 190.0, 9.0, 0.0, 0.0, 1.5555553, 0.75030917, 1.3333334, 1.0954453, 20.11111, 15.888889, 17.555555, 26.88889, -12.666667, -7.6666665, 20.333334, 26.88889, 0.4093088, 2.252231, negative
114.0, 145.0, 9.0, 0.11111111, 0.0, 2.166666, 1.3123348, 0.99999934, 0.6992059, 61.11111, 52.444443, 76.77778, 54.11111, -26.0, 47.0, -21.0, 76.77778, 0.31713998, -2.1661513, negative
28.0, 188.0, 9.0, 0.0, 0.0, 1.4444441, 1.4962955, 5.111111, 19.007412, 29.962963, 26.88889, 36.444443, 26.555555, -9.222222, 19.444445, -10.222222, 36.444443, 0.2758629, -2.083566, negative
123.0, 104.0, 9.0, 0.0, 0.0, 2.2777777, 2.107407, 4.0, 2.0000021, 21.925926, 20.555555, 28.666666, 16.555555, -4.111111, 20.222221, -16.11111, 28.666666, 0.4213954, -1.7287898, positive
94.0, 144.0, 9.0, 0.0, 0.0, 0.44444442, 0.118518494, 0.49999997, 0.1666667, 1.1481482, 0.0, 3.4444444, 0.0, -3.4444444, 6.888889, -3.4444444, 3.4444444, 1.0, -2.0943952, negative
58.0, 122.0, 9.0, 0.0, 0.0, 2.0555556, 2.2152667, 6.1111107, 3.0160062, 34.185184, 29.222221, 44.333332, 29.0, -14.888889, 30.444445, -15.555555, 44.333332, 0.3496519, -2.0748382, negative
20.0, 137.0, 9.0, 0.0, 0.0, 0.11111113, 0.029629631, 0.27777782, 0.018518519, 0.22222222, 0.0, 0.6666667, 0.0, -0.6666667, 1.3333334, -0.6666667, 0.6666667, 0.6666667, -2.0943952, negative
224.0, 95.0, 9.0, 0.0, 0.0, 1.2222223, 0.47407404, 1.0555557, 0.7296295, 3.5185184, 0.8888889, 7.2222223, 2.4444444, -7.888889, 11.111111, -3.2222223, 7.2222223, 0.88955027, -2.3489873, negative
240.0, 195.0, 9.0, 0.0, 0.0, 1.8888887, 1.1674597, 1.8333346, 1.709451, 48.851852, 43.22222, 60.666668, 42.666668, -16.88889, 35.444443, -18.555555, 60.666668, 0.3003628, -2.0630436, negative
152.0, 155.0, 9.0, 0.0, 0.0, 0.5, 0.61111104, 10.777778, 131.80739, 7.296296, 5.3333335, 11.0, 5.5555553, -5.888889, 11.111111, -5.2222223, 11.0, 0.5, -2.115567, negative
213.0, 14.0, 9.0, 0.0, 0.0, 1.0555559, 0.57413363, 1.6666692, 1.3333321, 117.0, 104.22222, 134.11111, 112.666664, -38.333332, 51.333332, -13.0, 134.11111, 0.2228557, -2.3903835, negative
19.0, 55.0, 9.0, 0.0, 0.0, 1.444445, 2.8296297, 1.277778, 0.862964, 21.037037, 20.555555, 26.666666, 15.888889, -1.4444444, 16.88889, -15.444445, 26.666666, 0.40479085, -1.634416, positive
244.0, 194.0, 9.0, 0.0, 0.0, 1.722222, 1.14342, 2.277778, 2.03761, 49.74074, 44.444443, 61.666668, 43.11111, -15.888889, 35.77778, -19.88889, 61.666668, 0.30085307, -2.0218375, negative
225.0, 222.0, 9.0, 0.11111111, 0.0, 1.5, 0.4777781, 1.7777778, 1.7185186, 14.0, 10.777778, 13.666667, 17.555555, -9.666667, -1.0, 10.666667, 17.555555, 0.38572726, 2.5573087, negative
113.0, 114.0, 9.0, 0.0, 0.0, 0.94444466, 0.5074079, 0.33333364, 0.08888922, 25.814816, 21.0, 34.666668, 21.777779, -14.444445, 26.555555, -12.111111, 34.666668, 0.39392713, -2.1527398, negative
137.0, 182.0, 9.0, 0.0, 0.0, 1.8333334, 3.8555553, 3.6111107, 9.218522, 34.925926, 31.444445, 42.88889, 30.444445, -10.444445, 23.88889, -13.444445, 42.88889, 0.28575617, -2.0011246, negative
103.0, 64.0, 9.0, 0.0, 0.0, 0.6666667, 0.6992054, 1.3333308, 0.91893595, 108.77778, 96.333336, 126.22222, 103.77778, -37.333332, 52.333332, -15.0, 126.22222, 0.2367968, -2.3554425, negative
197.0, 161.0, 9.0, 0.0, 0.0, 1.9999996, 5.5555515, 11.5, 99.63333, 42.37037, 36.88889, 51.666668, 38.555557, -16.444445, 27.88889, -11.444445, 51.77778, 0.27503988, -2.395566, negative
24.0, 215.0, 9.0, 0.22222222, 0.0, 0.8333333, 0.80966425, 2.5555556, 1.2590423, 18.074074, 14.222222, 15.444445, 24.555555, -11.555555, -7.888889, 19.444445, 24.555555, 0.42521268, 2.2240133, negative
215.0, 190.0, 9.0, 0.11111111, 0.0, 1.388889, 1.0417223, 2.6111114, 1.8429048, 19.88889, 16.0, 17.11111, 26.555555, -11.666667, -8.333333, 20.0, 26.555555, 0.40352198, 2.2044082, negative
245.0, 73.0, 9.0, 0.0, 0.0, 8.222222, 6.2739906, 10.722222, 7.6809044, 46.666668, 32.11111, 70.111115, 37.77778, -43.666668, 70.333336, -26.666666, 70.111115, 0.5490324, -2.2512536, negative
227.0, 195.0, 9.0, 0.11111111, 0.0, 2.5, 2.2385526, 3.5000007, 2.8886762, 47.74074, 42.77778, 58.555557, 41.88889, -14.888889, 32.444443, -17.555555, 58.555557, 0.28449497, -2.038956, negative
178.0, 122.0, 9.0, 0.0, 0.0, 0.5555555, 0.11851845, 0.7777776, 0.11851851, 5.851852, 7.3333335, 6.888889, 3.3333333, 4.4444447, 3.1111112, -7.5555553, 7.4444447, 0.54960316, -0.94255877, positive
79.0, 28.0, 9.0, 0.0, 0.0, 4.277777, 3.7618961, 0.8333333, 0.6582806, 62.407406, 53.444443, 79.111115, 54.666668, -26.88889, 50.11111, -23.222221, 79.111115, 0.32455578, -2.1445074, negative
82.0, 51.0, 9.0, 0.0, 0.0, 0.6111107, 0.44305146, 0.6111107, 0.74286705, 123.18519, 111.77778, 138.88889, 118.888885, -34.22222, 47.11111, -12.888889, 138.88889, 0.19520037, -2.368498, negative
90.0, 134.0, 9.0, 0.0, 0.0, 0.38888887, 0.018518528, 0.94444436, 0.1518523, 2.1111112, 1.0, 4.666667, 0.6666667, -3.3333333, 7.6666665, -4.3333335, 4.666667, 0.88148147, -2.0131435, negative
29.0, 18.0, 9.0, 0.22222222, 0.0, 0.7777774, 0.8073724, 1.7222227, 1.2895608, 68.296295, 59.0, 86.111115, 59.77778, -27.88889, 53.444443, -25.555555, 86.111115, 0.31715608, -2.123641, negative
93.0, 29.0, 9.0, 0.0, 0.0, 1.2222239, 1.2296363, 1.3888906, 1.5740819, 128.48148, 119.0, 142.77777, 123.666664, -28.444445, 42.88889, -14.444445, 142.77777, 0.16648434, -2.2977605, negative
228.0, 90.0, 9.0, 0.0, 0.0, 1.8333334, 2.2085693, 2.2222223, 2.4645634, 16.851852, 12.888889, 24.444445, 13.222222, -11.888889, 22.777779, -10.888889, 24.444445, 0.47554862, -2.1227303, negative
16.0, 117.0, 9.0, 0.0, 0.0, 0.27777776, 0.15185185, 0.50000006, 0.2111111, 5.888889, 6.888889, 7.4444447, 3.3333333, 3.0, 4.6666665, -7.6666665, 7.4444447, 0.5535714, -1.1796917, positive
19.0, 102.0, 9.0, 0.0, 0.0, 3.88889, 1.5006163, 1.1666666, 0.62360954, 58.37037, 50.666668, 73.44444, 51.0, -23.11111, 45.22222, -22.11111, 73.44444, 0.317014, -2.1020474, negative
63.0, 203.0, 9.0, 0.0, 0.0, 4.277778, 3.7913144, 3.4444447, 4.0368657, 58.48148, 52.444443, 71.66667, 51.333332, -18.11111, 39.555557, -21.444445, 71.66667, 0.28710723, -2.0346415, negative
187.0, 106.0, 9.0, 0.0, 0.0, 4.055556, 12.329637, 7.0, 53.244434, 37.703705, 34.11111, 45.77778, 33.22222, -10.777778, 24.222221, -13.444445, 45.77778, 0.27090696, -2.0101776, negative
21.0, 53.0, 9.0, 0.0, 0.0, 0.888889, 0.5185181, 1.1666666, 0.43333283, 21.555555, 20.88889, 27.444445, 16.333334, -2.0, 17.666666, -15.666667, 27.444445, 0.40413755, -1.6621771, positive
93.0, 236.0, 9.0, 0.11111111, 0.0, 1.7777777, 2.6962965, 1.9999999, 0.93333334, 12.518518, 9.555555, 10.777778, 17.222223, -8.888889, -5.2222223, 14.111111, 17.222223, 0.44724658, 2.2671974, negative
6.0, 154.0, 9.0, 0.0, 0.0, 0.11111113, 0.029629631, 0.11111111, 0.029629635, 0.074074075, 0.0, 0.22222222, 0.0, -0.22222222, 0.44444445, -0.22222222, 0.22222222, 0.22222222, -2.0943952, negative
63.0, 201.0, 9.0, 0.0, 0.0, 1.4444445, 0.9185186, 0.94444424, 0.5518518, 7.7777777, 6.2222223, 5.5555553, 11.555555, -4.6666665, -6.6666665, 11.333333, 11.555555, 0.54320127, 1.9829868, negative
23.0, 88.0, 9.0, 0.0, 0.0, 2.0000002, 3.2, 2.9444447, 1.040741, 20.592592, 18.777779, 27.333334, 15.666667, -5.4444447, 20.222221, -14.777778, 27.333334, 0.42490423, -1.7851468, positive
162.0, 66.0, 9.0, 0.0, 0.0, 2.055556, 0.95258, 9.222221, 7.073164, 42.592594, 41.0, 47.77778, 39.0, -4.7777777, 15.555555, -10.777778, 47.77778, 0.18499897, -1.8380795, negative
33.0, 90.0, 9.0, 0.11111111, 0.0, 0.49999985, 0.4082481, 1.8333335, 0.5477228, 16.666666, 11.888889, 25.777779, 12.333333, -14.333333, 27.333334, -13.0, 25.777779, 0.53911555, -2.1259756, negative
68.0, 122.0, 9.0, 0.0, 0.0, 2.777778, 2.0294137, 1.5555559, 1.9962927, 20.148148, 14.222222, 31.11111, 15.111111, -17.777779, 32.88889, -15.111111, 31.11111, 0.54582953, -2.0601704, negative
118.0, 126.0, 9.0, 0.0, 0.0, 0.6666667, 0.39999974, 1.8333336, 2.1222224, 20.555555, 16.11111, 28.666666, 16.88889, -13.333333, 24.333334, -11.0, 28.666666, 0.437078, -2.1588047, negative
6.0, 95.0, 9.0, 0.0, 0.0, 0.7777777, 0.6074076, 0.3888893, 0.06296301, 20.185184, 15.555555, 28.777779, 16.222223, -13.888889, 25.777779, -11.888889, 28.777779, 0.45946908, -2.1461854, negative
52.0, 33.0, 9.0, 0.0, 0.0, 13.888889, 13.024195, 0.277778, 0.2509246, 35.814816, 31.333334, 45.555557, 30.555555, -13.444445, 29.222221, -15.777778, 45.555557, 0.33727008, -2.0304284, negative
225.0, 91.0, 9.0, 0.0, 0.0, 0.6666667, 0.3555557, 0.6666667, 0.31111112, 3.6666667, 1.1111112, 8.0, 1.8888888, -7.6666665, 13.0, -5.3333335, 8.0, 0.86781305, -2.2177355, negative
160.0, 95.0, 9.0, 0.0, 0.0, 3.2222223, 3.544427, 0.22222225, 0.4036867, 2.148148, 2.1111112, 2.5555556, 1.7777778, -0.11111111, 1.2222222, -1.1111112, 2.5555556, 0.10119048, -1.6289082, negative
120.0, 108.0, 9.0, 0.0, 0.0, 4.611111, 3.498677, 1.666666, 1.5634735, 58.074074, 52.666668, 69.55556, 52.0, -16.222221, 34.444443, -18.222221, 69.55556, 0.25245842, -2.0538688, negative
89.0, 43.0, 9.0, 0.0, 0.0, 1.0555547, 0.32962978, 0.8888893, 0.34074003, 107.14815, 94.111115, 128.22223, 99.111115, -39.11111, 63.22222, -24.11111, 128.22223, 0.26602298, -2.247952, negative
204.0, 161.0, 9.0, 0.0, 0.0, 1.2777799, 0.5074075, 9.222222, 73.0963, 44.074074, 38.0, 54.555557, 39.666668, -18.222221, 31.444445, -13.222222, 54.555557, 0.3081043, -2.2382925, negative
142.0, 182.0, 9.0, 0.11111111, 0.0, 1.1111113, 0.8344437, 2.7777774, 2.051197, 43.62963, 40.333336, 52.88889, 37.666668, -9.888889, 27.777779, -17.88889, 52.88889, 0.28686288, -1.9049777, negative
233.0, 184.0, 9.0, 0.0, 0.0, 0.5000002, 0.077777766, 0.7777777, 0.785185, 11.851851, 9.777778, 9.888889, 15.888889, -6.2222223, -5.888889, 12.111111, 15.888889, 0.40555555, 2.1286457, negative
186.0, 173.0, 9.0, 0.0, 0.0, 1.4444445, 0.82963055, 2.1111114, 1.9851853, 17.148148, 13.555555, 15.555555, 22.333334, -10.777778, -4.7777777, 15.555555, 22.333334, 0.39643326, 2.332739, negative
183.0, 182.0, 9.0, 0.0, 0.0, 2.8333328, 2.0949671, 3.5555553, 2.561829, 58.962963, 52.88889, 73.333336, 50.666668, -18.222221, 43.11111, -24.88889, 73.333336, 0.30882537, -1.992052, negative
119.0, 138.0, 9.0, 0.0, 0.0, 0.77777785, 0.5185185, 0.7222223, 0.2851852, 3.5555556, 1.7777778, 7.2222223, 1.6666666, -5.3333335, 11.0, -5.6666665, 7.2222223, 0.7794973, -2.0712416, negative
186.0, 89.0, 9.0, 0.0, 0.0, 0.61111134, 0.19629638, 1.0555557, 0.28518525, 22.666666, 16.444445, 33.555557, 18.0, -18.666666, 32.666668, -14.0, 33.555557, 0.5094622, -2.188149, negative
215.0, 193.0, 9.0, 0.0, 0.0, 1.9999994, 0.5163988, 4.8333335, 1.2952919, 45.22222, 40.88889, 55.333332, 39.444443, -13.0, 30.333334, -17.333334, 55.333332, 0.28924206, -2.0001178, negative
144.0, 35.0, 9.0, 0.0, 0.0, 2.3333328, 2.0330596, 2.055556, 1.7309813, 37.592594, 32.333336, 47.444443, 33.0, -15.777778, 29.555555, -13.777778, 47.444443, 0.3197136, -2.138762, negative
21.0, 90.0, 9.0, 0.0, 0.0, 0.66666794, 0.044444147, 0.7777786, 0.56296283, 113.48148, 105.888885, 128.55556, 106.0, -22.777779, 45.22222, -22.444445, 128.55556, 0.17969723, -2.0978148, negative
151.0, 147.0, 9.0, 0.0, 0.0, 0.44444457, 0.4296298, 0.72222215, 0.10740744, 6.037037, 5.6666665, 9.222222, 3.2222223, -1.1111112, 9.555555, -8.444445, 9.555555, 0.6522477, -1.5083702, positive
122.0, 11.0, 9.0, 0.0, 0.0, 1.0, 0.31111577, 2.8888905, 5.051852, 143.44444, 136.88889, 150.88889, 142.55556, -19.666666, 22.333334, -2.6666667, 150.88889, 0.09277301, -2.5216477, negative
126.0, 20.0, 9.0, 0.0, 0.0, 0.99999744, 1.1925684, 1.1666654, 1.1498771, 126.55556, 115.666664, 142.33334, 121.666664, -32.666668, 47.333332, -14.666667, 142.33334, 0.18729347, -2.3280342, negative
38.0, 116.0, 9.0, 0.0, 0.0, 0.9444445, 0.24074072, 1.2222222, 1.0962965, 2.8148148, 0.5555556, 5.6666665, 2.2222223, -6.7777777, 8.555555, -1.7777778, 5.6666665, 0.9126984, -2.4202576, negative
98.0, 133.0, 9.0, 0.0, 0.0, 0.5555555, 0.17213255, 0.38888887, 0.3277307, 0.962963, 0.0, 2.7777777, 0.11111111, -2.8888888, 5.4444447, -2.5555556, 2.7777777, 1.0, -2.123254, negative
