@relation segment0
@attribute Region-centroid-col real [1.0, 254.0]
@attribute Region-centroid-row real [11.0, 251.0]
@attribute Region-pixel-count real [9.0, 10.0]
@attribute Short-line-density-5 real [0.0, 0.33333334]
@attribute Short-line-density-2 real [0.0, 0.22222222]
@attribute Vedge-mean real [0.0, 29.222221]
@attribute Vegde-sd real [0.0, 991.7184]
@attribute Hedge-mean real [0.0, 44.722225]
@attribute Hedge-sd real [-1.5894573E-8, 1386.3292]
@attribute Intensity-mean real [0.0, 143.44444]
@attribute Rawred-mean real [0.0, 137.11111]
@attribute Rawblue-mean real [0.0, 150.88889]
@attribute Rawgreen-mean real [0.0, 142.55556]
@attribute Exred-mean real [-49.666668, 9.888889]
@attribute Exblue-mean real [-12.444445, 82.0]
@attribute Exgreen-mean real [-33.88889, 24.666666]
@attribute Value-mean real [0.0, 150.88889]
@attribute Saturatoin-mean real [0.0, 1.0]
@attribute Hue-mean real [-3.0441751, 2.9124804]
@attribute Class {positive,negative}
@inputs Region-centroid-col, Region-centroid-row, Region-pixel-count, Short-line-density-5, Short-line-density-2, Vedge-mean, Vegde-sd, Hedge-mean, Hedge-sd, Intensity-mean, Rawred-mean, Rawblue-mean, Rawgreen-mean, Exred-mean, Exblue-mean, Exgreen-mean, Value-mean, Saturatoin-mean, Hue-mean
@outputs Class
@data
113.0, 130.0, 9.0, 0.0, 0.0, 0.27777776, 0.25092423, 0.33333328, 0.3651483, 0.8888889, 0.0, 2.5555556, 0.11111111, -2.6666667, 5.0, -2.3333333, 2.5555556, 1.0, -2.123254, negative
61.0, 197.0, 9.0, 0.0, 0.0, 1.4444441, 1.5153533, 2.6111107, 1.9254634, 49.592594, 44.22222, 61.555557, 43.0, -16.11111, 35.88889, -19.777779, 61.555557, 0.30292457, -2.0222743, negative
220.0, 220.0, 9.0, 0.11111111, 0.0, 2.277778, 1.12963, 2.2777777, 4.151854, 6.4444447, 5.6666665, 5.3333335, 8.333334, -2.3333333, -3.3333333, 5.6666665, 8.333334, 0.42735383, 1.9843658, negative
207.0, 115.0, 9.0, 0.0, 0.0, 1.0555555, 0.3296295, 0.16666669, 0.033333343, 1.2222222, 0.44444445, 2.8888888, 0.33333334, -2.3333333, 5.0, -2.6666667, 2.8888888, 0.93333334, -2.0655363, negative
184.0, 145.0, 9.0, 0.0, 0.0, 0.72222227, 0.6116159, 0.22222222, 0.2721655, 0.5555556, 0.33333334, 1.2222222, 0.11111111, -0.6666667, 2.0, -1.3333334, 1.2222222, 0.5277778, -1.9209436, negative
178.0, 128.0, 9.0, 0.0, 0.0, 0.44444433, 0.34074068, 0.88888866, 0.2074075, 5.9259257, 7.888889, 6.4444447, 3.4444444, 5.888889, 1.5555556, -7.4444447, 7.888889, 0.56371254, -0.7213002, positive
245.0, 249.0, 9.0, 0.0, 0.0, 2.0, 1.2888895, 1.4999999, 0.61111146, 14.740741, 10.777778, 15.333333, 18.11111, -11.888889, 1.7777778, 10.111111, 18.11111, 0.40621215, 2.7435553, negative
111.0, 246.0, 9.0, 0.0, 0.0, 3.166667, 2.0949678, 5.833334, 4.113663, 25.88889, 21.11111, 22.444445, 34.11111, -14.333333, -10.333333, 24.666666, 34.11111, 0.38897294, 2.2140112, negative
247.0, 92.0, 9.0, 0.0, 0.0, 0.88888884, 0.5185184, 0.44444433, 0.118518606, 12.074074, 7.5555553, 20.555555, 8.111112, -13.555555, 25.444445, -11.888889, 20.555555, 0.6321268, -2.1378512, negative
55.0, 209.0, 9.0, 0.11111111, 0.0, 1.8333331, 1.2952907, 1.3888888, 0.99814624, 12.518518, 10.333334, 10.333334, 16.88889, -6.5555553, -6.5555553, 13.111111, 16.88889, 0.40790388, 2.0992203, negative
9.0, 94.0, 9.0, 0.0, 0.0, 0.6111107, 0.5518515, 1.0000013, 0.6666645, 113.18519, 106.888885, 127.55556, 105.111115, -18.88889, 43.11111, -24.222221, 127.55556, 0.17678948, -2.015307, negative
54.0, 140.0, 9.0, 0.11111111, 0.0, 0.72222215, 0.4430532, 1.7777777, 1.0470418, 8.333333, 3.7777777, 14.0, 7.2222223, -13.666667, 17.0, -3.3333333, 14.0, 0.73447025, -2.4423232, negative
194.0, 72.0, 9.0, 0.0, 0.0, 1.0, 0.39999798, 1.1666666, 1.1444412, 93.44444, 79.22222, 117.111115, 84.0, -42.666668, 71.0, -28.333334, 117.111115, 0.3234209, -2.2257798, negative
127.0, 120.0, 9.0, 0.11111111, 0.0, 1.6666666, 0.8444448, 3.222222, 4.0296273, 23.666666, 22.11111, 30.444445, 18.444445, -4.6666665, 20.333334, -15.666667, 30.444445, 0.39486286, -1.7648901, positive
101.0, 72.0, 9.0, 0.0, 0.0, 2.5000002, 4.744444, 1.7777777, 6.296294, 26.481482, 23.555555, 35.77778, 20.11111, -8.777778, 27.88889, -19.11111, 35.77778, 0.4368953, -1.8461579, positive
108.0, 128.0, 9.0, 0.0, 0.0, 7.0555553, 4.3686585, 1.666666, 1.0540924, 53.25926, 46.333332, 67.111115, 46.333332, -20.777779, 41.555557, -20.777779, 67.111115, 0.31292745, -2.0919266, negative
17.0, 64.0, 9.0, 0.0, 0.0, 1.4444443, 1.3629619, 1.6666664, 1.4222221, 18.88889, 17.555555, 25.11111, 14.0, -4.0, 18.666666, -14.666667, 25.11111, 0.44109204, -1.7555053, positive
187.0, 134.0, 9.0, 0.11111111, 0.0, 2.9999998, 2.0444458, 1.1111116, 0.38518462, 26.703703, 20.333334, 37.444443, 22.333334, -19.11111, 32.22222, -13.111111, 37.444443, 0.45775157, -2.21646, negative
197.0, 121.0, 9.0, 0.0, 0.0, 21.666666, 17.3628, 0.94444436, 0.9047208, 41.037037, 37.444443, 49.444443, 36.22222, -10.777778, 25.222221, -14.444445, 49.444443, 0.28057775, -1.9955361, negative
188.0, 42.0, 9.0, 0.0, 0.0, 0.7777786, 0.5443299, 1.6666679, 1.2649081, 108.92593, 95.666664, 126.22222, 104.888885, -39.77778, 51.88889, -12.111111, 126.22222, 0.24193405, -2.4103878, negative
99.0, 130.0, 9.0, 0.0, 0.0, 0.5555555, 0.45542014, 0.5555555, 0.5443311, 1.3703704, 0.11111111, 3.3333333, 0.6666667, -3.7777777, 5.888889, -2.1111112, 3.3333333, 0.9777778, -2.2390292, negative
45.0, 108.0, 9.0, 0.0, 0.11111111, 25.5, 12.795401, 27.277779, 15.930981, 49.814816, 41.77778, 61.11111, 46.555557, -24.11111, 33.88889, -9.777778, 61.11111, 0.35897508, -2.3604913, negative
28.0, 131.0, 9.0, 0.0, 0.0, 0.22222216, 0.074074045, 0.77777773, 0.20740731, 5.185185, 6.6666665, 6.0, 2.8888888, 4.4444447, 2.4444444, -6.888889, 6.6666665, 0.56613755, -0.87464094, positive
45.0, 108.0, 9.0, 0.0, 0.11111111, 25.5, 12.795401, 27.277779, 15.930981, 49.814816, 41.77778, 61.11111, 46.555557, -24.11111, 33.88889, -9.777778, 61.11111, 0.35897508, -2.3604913, negative
4.0, 96.0, 9.0, 0.0, 0.0, 2.222222, 2.9629638, 1.5555555, 2.2518516, 3.5555556, 0.8888889, 7.7777777, 2.0, -8.0, 12.666667, -4.6666665, 7.7777777, 0.91006523, -2.2444818, negative
70.0, 38.0, 9.0, 0.0, 0.0, 1.2222227, 0.2721662, 1.0000006, 0.76011634, 58.0, 50.0, 74.333336, 49.666668, -24.0, 49.0, -25.0, 74.333336, 0.33601543, -2.0785036, negative
139.0, 128.0, 9.0, 0.0, 0.0, 2.9444444, 7.8851867, 3.166667, 12.433335, 5.296296, 2.4444444, 9.555555, 3.8888888, -8.555555, 12.777778, -4.2222223, 9.555555, 0.8047243, -2.3003678, negative
205.0, 194.0, 9.0, 0.0, 0.0, 1.6111107, 1.2003093, 5.388889, 3.0435104, 41.296295, 37.11111, 50.444443, 36.333336, -12.555555, 27.444445, -14.888889, 50.444443, 0.28055963, -2.0375679, negative
57.0, 229.0, 9.0, 0.0, 0.0, 2.7222226, 2.0593057, 3.4444447, 1.4089648, 14.62963, 12.0, 13.555555, 18.333334, -7.888889, -3.2222223, 11.111111, 18.333334, 0.3476919, 2.3504374, negative
32.0, 95.0, 9.0, 0.0, 0.0, 1.2777776, 1.0407408, 2.2222223, 3.096295, 3.148148, 0.7777778, 7.4444447, 1.2222222, -7.111111, 12.888889, -5.7777777, 7.4444447, 0.9195971, -2.1519582, negative
142.0, 182.0, 9.0, 0.0, 0.0, 2.499999, 1.0999985, 2.277777, 3.618518, 34.51852, 31.555555, 42.22222, 29.777779, -8.888889, 23.11111, -14.222222, 42.22222, 0.29320765, -1.9430385, negative
104.0, 68.0, 9.0, 0.0, 0.0, 1.0, 0.5777804, 0.8888893, 0.8296292, 105.77778, 95.111115, 124.888885, 97.333336, -32.0, 57.333332, -25.333334, 124.888885, 0.23914346, -2.1699994, negative
62.0, 202.0, 9.0, 0.0, 0.0, 2.555556, 1.7083669, 1.4999994, 1.1303879, 60.48148, 53.666668, 74.888885, 52.88889, -20.444445, 43.22222, -22.777779, 74.888885, 0.2978795, -2.0606136, negative
86.0, 194.0, 9.0, 0.0, 0.0, 1.777778, 1.2740743, 1.8888888, 0.38518524, 16.777779, 13.222222, 16.666668, 20.444445, -10.666667, -0.33333334, 11.0, 20.444445, 0.35213172, 2.5931067, negative
6.0, 174.0, 9.0, 0.0, 0.0, 1.8888888, 1.0074061, 2.8888886, 4.0296297, 19.074074, 15.111111, 17.777779, 24.333334, -11.888889, -3.8888888, 15.777778, 24.333334, 0.38186744, 2.3950183, negative
243.0, 94.0, 9.0, 0.0, 0.0, 0.6666666, 0.31111112, 0.22222221, 0.029629631, 1.1851852, 0.22222222, 3.2222223, 0.11111111, -2.8888888, 6.111111, -3.2222223, 3.2222223, 0.9777778, -2.0712416, negative
212.0, 94.0, 9.0, 0.0, 0.0, 1.722222, 2.374074, 1.2222222, 0.962962, 15.62963, 10.555555, 24.88889, 11.444445, -15.222222, 27.777779, -12.555555, 24.88889, 0.57665956, -2.1594663, negative
86.0, 187.0, 9.0, 0.0, 0.0, 1.1111108, 0.7200825, 1.4444445, 0.750309, 13.740741, 11.666667, 10.333334, 19.222221, -6.2222223, -10.222222, 16.444445, 19.222221, 0.46332908, 1.9414649, negative
123.0, 143.0, 9.0, 0.0, 0.0, 0.2777778, 0.3896817, 0.2777778, 0.13608274, 0.4074074, 0.0, 1.2222222, 0.0, -1.2222222, 2.4444444, -1.2222222, 1.2222222, 0.7777778, -2.0943952, negative
138.0, 144.0, 9.0, 0.0, 0.0, 0.8888889, 0.86066306, 0.2777778, 0.53402734, 0.6666667, 0.5555556, 1.0, 0.44444445, -0.33333334, 1.0, -0.6666667, 1.0, 0.37037036, -1.9042695, negative
49.0, 139.0, 9.0, 0.0, 0.0, 0.16666669, 0.07777779, 0.33333337, 0.0888889, 0.44444445, 0.0, 1.3333334, 0.0, -1.3333334, 2.6666667, -1.3333334, 1.3333334, 0.7777778, -2.0943952, negative
22.0, 57.0, 9.0, 0.0, 0.0, 0.88888806, 0.74074185, 0.6666654, 0.4888892, 126.111115, 115.77778, 140.44444, 122.111115, -31.0, 43.0, -12.0, 140.44444, 0.17560509, -2.3625138, negative
216.0, 151.0, 9.0, 0.0, 0.0, 0.16666667, 0.2788867, 0.11111113, 0.17213261, 0.11111111, 0.0, 0.33333334, 0.0, -0.33333334, 0.6666667, -0.33333334, 0.33333334, 0.22222222, -2.0943952, negative
168.0, 40.0, 9.0, 0.0, 0.0, 0.0, 0.0, 0.0, 0.0, 0.0, 0.0, 0.0, 0.0, 0.0, 0.0, 0.0, 0.0, 0.0, 0.0, negative
14.0, 146.0, 9.0, 0.11111111, 0.0, 0.888889, 0.4740738, 1.1111112, 0.7407407, 10.592592, 8.0, 15.666667, 8.111112, -7.7777777, 15.222222, -7.4444447, 15.666667, 0.48786426, -2.1089108, negative
136.0, 129.0, 9.0, 0.11111111, 0.0, 1.9444447, 3.0851877, 1.9999996, 3.1555579, 24.703703, 19.11111, 34.88889, 20.11111, -16.777779, 30.555555, -13.777778, 34.88889, 0.44974732, -2.1610465, negative
94.0, 136.0, 9.0, 0.0, 0.0, 0.22222225, 0.029629637, 0.22222225, 0.029629637, 2.5555556, 1.0, 5.7777777, 0.8888889, -4.6666665, 9.666667, -5.0, 5.7777777, 0.84708995, -2.0712416, negative
225.0, 36.0, 9.0, 0.0, 0.0, 0.44444457, 0.27216554, 0.38888893, 0.3277307, 7.9259257, 5.0, 13.666667, 5.111111, -8.777778, 17.222221, -8.444445, 13.666667, 0.63492066, -2.1073034, negative
23.0, 85.0, 9.0, 0.0, 0.0, 1.4444445, 1.0518525, 1.777778, 0.96296287, 17.962963, 18.88889, 21.88889, 13.111111, 2.7777777, 11.777778, -14.555555, 21.88889, 0.39975148, -1.386867, positive
37.0, 78.0, 9.0, 0.0, 0.0, 1.0000006, 0.17777735, 2.5555565, 2.8740728, 43.814816, 41.11111, 51.88889, 38.444443, -8.111111, 24.222221, -16.11111, 51.88889, 0.25891644, -1.8860723, negative
231.0, 30.0, 9.0, 0.0, 0.11111111, 0.72222215, 0.7123252, 2.9999998, 2.7968237, 7.037037, 4.7777777, 11.666667, 4.666667, -6.7777777, 13.888889, -7.111111, 11.666667, 0.6137184, -2.047276, negative
186.0, 46.0, 9.0, 0.0, 0.0, 0.6666641, 0.39999592, 1.0555598, 0.8629481, 135.51852, 129.44444, 145.55556, 131.55556, -18.222221, 30.11111, -11.888889, 145.55556, 0.11065291, -2.2326155, negative
18.0, 204.0, 9.0, 0.0, 0.0, 2.5555553, 1.2049277, 2.7777774, 1.1482679, 57.88889, 51.444443, 72.0, 50.22222, -19.333334, 42.333332, -23.0, 72.0, 0.30252522, -2.0385435, negative
132.0, 182.0, 9.0, 0.0, 0.0, 0.8888893, 0.655462, 2.1111114, 1.7722135, 43.51852, 40.22222, 52.555557, 37.77778, -9.888889, 27.11111, -17.222221, 52.555557, 0.2807636, -1.917349, negative
235.0, 46.0, 9.0, 0.0, 0.0, 1.1666654, 0.62360954, 1.3333321, 0.59628177, 114.62963, 100.888885, 132.88889, 110.111115, -41.22222, 54.77778, -13.555555, 132.88889, 0.24072178, -2.395028, negative
244.0, 108.0, 9.0, 0.0, 0.0, 6.5, 5.1022863, 1.7222223, 0.827759, 23.703703, 20.0, 30.444445, 20.666668, -11.111111, 20.222221, -9.111111, 30.444445, 0.36533174, -2.1543908, negative
157.0, 184.0, 9.0, 0.0, 0.0, 1.2777777, 0.77407444, 1.3333334, 0.8444448, 19.444445, 15.222222, 18.222221, 24.88889, -12.666667, -3.6666667, 16.333334, 24.88889, 0.3882103, 2.4194453, negative
37.0, 167.0, 9.0, 0.0, 0.0, 0.888889, 0.56296337, 7.5555553, 4.6074057, 14.074074, 11.666667, 16.777779, 13.777778, -7.2222223, 8.111111, -0.8888889, 17.666668, 0.31450674, -3.015081, negative
141.0, 68.0, 9.0, 0.0, 0.0, 1.4444443, 1.0074081, 2.1666667, 0.8777791, 27.185184, 24.222221, 36.88889, 20.444445, -8.888889, 29.11111, -20.222221, 36.88889, 0.4456523, -1.8485235, positive
85.0, 101.0, 9.0, 0.0, 0.0, 1.3333334, 1.2888881, 1.2777777, 1.2185181, 21.296297, 21.222221, 26.777779, 15.888889, -0.22222222, 16.444445, -16.222221, 26.777779, 0.4047922, -1.5585992, positive
37.0, 126.0, 9.0, 0.0, 0.0, 0.38888898, 0.06296298, 0.4444445, 0.25185186, 5.7777777, 7.4444447, 6.7777777, 3.1111112, 5.0, 3.0, -8.0, 7.4444447, 0.5813492, -0.89580745, positive
109.0, 130.0, 9.0, 0.0, 0.0, 1.111111, 0.7407405, 9.777778, 21.762964, 13.037037, 9.888889, 18.88889, 10.333334, -9.444445, 17.555555, -8.111111, 18.88889, 0.5481241, -2.1373706, negative
219.0, 133.0, 9.0, 0.0, 0.0, 0.8333333, 0.30000052, 0.44444466, 0.029629659, 9.851851, 6.2222223, 16.666668, 6.6666665, -10.888889, 20.444445, -9.555555, 16.666668, 0.62726945, -2.1387432, negative
172.0, 138.0, 9.0, 0.0, 0.0, 2.4444444, 10.074077, 7.8333335, 49.633343, 12.185185, 8.222222, 19.222221, 9.111111, -11.888889, 21.11111, -9.222222, 19.222221, 0.6152501, -2.172099, negative
208.0, 240.0, 9.0, 0.11111111, 0.0, 1.0555557, 0.86296326, 2.4444444, 5.007407, 14.148149, 10.888889, 13.0, 18.555555, -9.777778, -3.4444444, 13.222222, 18.555555, 0.42162097, 2.3924873, negative
159.0, 83.0, 9.0, 0.0, 0.0, 0.3888887, 0.25092387, 0.27777734, 0.2509239, 18.222221, 13.333333, 26.88889, 14.444445, -14.666667, 26.0, -11.333333, 26.88889, 0.50381, -2.178321, negative
206.0, 57.0, 9.0, 0.0, 0.0, 1.0555573, 0.19629708, 0.8888893, 0.34074333, 122.333336, 111.333336, 139.0, 116.666664, -33.0, 50.0, -17.0, 139.0, 0.19892381, -2.2971735, negative
236.0, 117.0, 9.0, 0.0, 0.0, 0.7777786, 0.40368706, 1.277778, 0.74286777, 45.88889, 39.555557, 58.444443, 39.666668, -19.0, 37.666668, -18.666666, 58.444443, 0.33047688, -2.0994802, negative
162.0, 14.0, 9.0, 0.0, 0.0, 0.9444453, 0.5340297, 0.61111325, 0.7123269, 112.74074, 99.0, 130.66667, 108.55556, -41.22222, 53.77778, -12.555555, 130.66667, 0.24229442, -2.4089675, negative
28.0, 114.0, 9.0, 0.0, 0.0, 0.8333333, 0.43333334, 1.1666666, 0.25555548, 1.8518518, 0.11111111, 4.666667, 0.7777778, -5.2222223, 8.444445, -3.2222223, 4.666667, 0.984127, -2.222661, negative
181.0, 27.0, 9.0, 0.0, 0.0, 0.7222214, 0.46296388, 0.5, 0.25555483, 138.07408, 132.55556, 146.55556, 135.11111, -16.555555, 25.444445, -8.888889, 146.55556, 0.09626316, -2.2645319, negative
70.0, 177.0, 9.0, 0.0, 0.0, 2.166666, 1.0697887, 1.666666, 1.173788, 49.444443, 45.0, 61.0, 42.333336, -13.333333, 34.666668, -21.333334, 61.0, 0.30596185, -1.9426625, negative
97.0, 186.0, 9.0, 0.0, 0.0, 1.1666671, 0.6912147, 1.1666671, 1.0055404, 15.592592, 13.888889, 11.777778, 21.11111, -5.111111, -11.444445, 16.555555, 21.11111, 0.44266057, 1.8636538, negative
147.0, 92.0, 9.0, 0.0, 0.0, 1.111111, 0.42963067, 1.388889, 2.240742, 23.444445, 22.777779, 30.0, 17.555555, -2.0, 19.666666, -17.666666, 30.0, 0.4143562, -1.6539259, positive
57.0, 89.0, 9.0, 0.11111111, 0.0, 0.5555547, 0.27216887, 1.2777786, 0.77220285, 106.07407, 93.111115, 125.44444, 99.666664, -38.88889, 58.11111, -19.222221, 125.44444, 0.25774616, -2.3062038, negative
93.0, 147.0, 9.0, 0.0, 0.0, 3.0555553, 3.5864975, 3.5555553, 3.2157025, 7.703704, 6.4444447, 9.888889, 6.7777777, -3.7777777, 6.5555553, -2.7777777, 9.888889, 0.3494709, -2.0645137, negative
131.0, 208.0, 9.0, 0.0, 0.0, 1.388889, 0.41851857, 0.611111, 0.24074061, 16.185184, 12.777778, 15.0, 20.777779, -10.222222, -3.5555556, 13.777778, 20.777779, 0.3831675, 2.3919957, negative
202.0, 63.0, 9.0, 0.0, 0.0, 0.38888907, 0.3277309, 0.44444466, 0.27216563, 6.0740743, 4.0, 10.555555, 3.6666667, -6.2222223, 13.444445, -7.2222223, 10.555555, 0.65353537, -2.04457, negative
167.0, 57.0, 9.0, 0.0, 0.0, 0.94444656, 0.37407315, 0.7777799, 0.6962966, 98.59259, 84.0, 121.55556, 90.22222, -43.77778, 68.888885, -25.11111, 121.55556, 0.3088128, -2.264402, negative
117.0, 137.0, 9.0, 0.0, 0.0, 0.27777776, 0.3896817, 0.38888887, 0.25092417, 0.7777778, 0.0, 2.2222223, 0.11111111, -2.3333333, 4.3333335, -2.0, 2.2222223, 1.0, -2.123254, negative
133.0, 182.0, 9.0, 0.0, 0.0, 2.5000012, 5.4555516, 8.666666, 71.24447, 29.777779, 27.222221, 35.444447, 26.666666, -7.6666665, 17.0, -9.333333, 35.88889, 0.25607783, -2.2177355, negative
198.0, 127.0, 9.0, 0.0, 0.0, 2.4444444, 4.385187, 8.555555, 59.54075, 40.74074, 38.0, 48.22222, 36.0, -8.222222, 22.444445, -14.222222, 48.22222, 0.24899939, -1.9083478, negative
37.0, 114.0, 9.0, 0.33333334, 0.0, 1.388889, 2.0185165, 3.8888884, 3.7629619, 17.222221, 19.0, 20.11111, 12.555555, 5.3333335, 8.666667, -14.0, 20.555555, 0.39369074, -1.1766617, positive
242.0, 81.0, 9.0, 0.0, 0.0, 22.388887, 189.44075, 15.166667, 110.8778, 41.925926, 33.11111, 55.555557, 37.11111, -26.444445, 40.88889, -14.444445, 55.555557, 0.42017567, -2.2744606, negative
55.0, 128.0, 9.0, 0.0, 0.0, 0.3333334, 0.044444483, 0.38888893, 0.1518518, 5.037037, 6.888889, 5.4444447, 2.7777777, 5.5555553, 1.2222222, -6.7777777, 6.888889, 0.59391534, -0.6886007, positive
189.0, 141.0, 9.0, 0.0, 0.0, 0.0, 0.0, 0.0, 0.0, 0.0, 0.0, 0.0, 0.0, 0.0, 0.0, 0.0, 0.0, 0.0, 0.0, negative
20.0, 170.0, 9.0, 0.0, 0.0, 0.7777777, 0.7851843, 1.1111103, 0.56296223, 19.555555, 15.111111, 18.88889, 24.666666, -13.333333, -2.0, 15.333333, 24.666666, 0.38746688, 2.504391, negative
29.0, 195.0, 9.0, 0.0, 0.0, 0.44444433, 0.40368652, 0.61111087, 0.6804136, 16.037037, 14.444445, 13.333333, 20.333334, -4.7777777, -8.111111, 12.888889, 20.333334, 0.34230694, 1.9430399, negative
57.0, 119.0, 9.0, 0.0, 0.0, 2.2777774, 2.0266733, 1.7777777, 1.721326, 20.592592, 12.222222, 33.666668, 15.888889, -25.11111, 39.22222, -14.111111, 33.666668, 0.6356236, -2.2681484, negative
126.0, 80.0, 9.0, 0.0, 0.0, 21.055555, 530.5518, 34.61111, 409.39636, 68.77778, 60.333332, 79.55556, 66.44444, -25.333334, 32.333332, -7.0, 79.55556, 0.28962377, -2.4341934, negative
58.0, 58.0, 9.0, 0.0, 0.0, 0.555556, 0.40368605, 0.88889056, 0.8606633, 123.0, 112.55556, 137.44444, 119.0, -31.333334, 43.333332, -12.0, 137.44444, 0.1809723, -2.3653848, negative
83.0, 54.0, 9.0, 0.0, 0.0, 0.77777606, 0.72008145, 0.6666667, 0.55777204, 109.96296, 97.55556, 127.44444, 104.888885, -37.22222, 52.444443, -15.222222, 127.44444, 0.23450433, -2.3511817, negative
96.0, 94.0, 9.0, 0.0, 0.0, 0.7222226, 0.28518537, 0.44444466, 0.42963016, 20.222221, 16.0, 28.777779, 15.888889, -12.666667, 25.666666, -13.0, 28.777779, 0.45154575, -2.084893, negative
67.0, 71.0, 9.0, 0.0, 0.0, 1.6666666, 0.8888911, 1.4999987, 0.29999846, 125.96296, 115.55556, 140.88889, 121.44444, -31.222221, 44.77778, -13.555555, 140.88889, 0.17967218, -2.339758, negative
107.0, 191.0, 9.0, 0.0, 0.0, 3.722222, 2.999382, 2.8888874, 2.7862093, 62.037037, 54.444443, 78.111115, 53.555557, -22.777779, 48.22222, -25.444445, 78.111115, 0.3146827, -2.0561104, negative
165.0, 99.0, 9.0, 0.0, 0.0, 0.88889056, 0.47407392, 0.7777786, 0.47407353, 93.40741, 79.0, 118.0, 83.22222, -43.22222, 73.77778, -30.555555, 118.0, 0.33041757, -2.2077565, negative
177.0, 85.0, 9.0, 0.0, 0.0, 0.8333333, 0.16666768, 0.88888806, 0.429629, 93.55556, 79.22222, 118.0, 83.44444, -43.0, 73.333336, -30.333334, 118.0, 0.32860348, -2.2084136, negative
8.0, 79.0, 9.0, 0.0, 0.0, 1.2777778, 2.2851846, 2.111111, 0.51851857, 16.814816, 17.333334, 21.0, 12.111111, 1.5555556, 12.555555, -14.111111, 21.0, 0.42233688, -1.4531144, positive
19.0, 184.0, 9.0, 0.0, 0.0, 0.5555555, 0.34426498, 0.8333333, 0.62360954, 14.222222, 12.333333, 11.0, 19.333334, -5.6666665, -9.666667, 15.333333, 19.333334, 0.43115196, 1.9378915, negative
206.0, 30.0, 9.0, 0.0, 0.0, 0.7777774, 0.50184685, 0.83333206, 0.54772305, 123.333336, 112.77778, 139.66667, 117.55556, -31.666666, 49.0, -17.333334, 139.66667, 0.19250989, -2.2795098, negative
223.0, 141.0, 9.0, 0.11111111, 0.0, 2.111111, 1.8074076, 0.7777777, 0.16296323, 9.851851, 6.0, 16.555555, 7.0, -11.555555, 20.11111, -8.555555, 16.555555, 0.6402237, -2.191662, negative
88.0, 180.0, 9.0, 0.0, 0.0, 1.4999994, 0.93689823, 3.833332, 2.888675, 50.407406, 45.22222, 62.333332, 43.666668, -15.555555, 35.77778, -20.222221, 62.333332, 0.3009182, -2.0087192, negative
86.0, 193.0, 9.0, 0.0, 0.0, 3.2777793, 1.6521593, 2.222222, 1.8094397, 61.407406, 53.666668, 76.55556, 54.0, -23.222221, 45.444443, -22.222221, 76.55556, 0.29957896, -2.1093748, negative
35.0, 76.0, 9.0, 0.0, 0.11111111, 7.777778, 192.20744, 7.8333335, 201.72226, 13.518518, 8.444445, 19.444445, 12.666667, -15.222222, 17.777779, -2.5555556, 19.444445, 0.6374209, -2.5233247, negative
136.0, 216.0, 9.0, 0.11111111, 0.0, 2.7777774, 1.3277673, 2.7222226, 2.984528, 15.074074, 11.444445, 13.222222, 20.555555, -10.888889, -5.5555553, 16.444445, 20.555555, 0.44167453, 2.2845712, negative
2.0, 245.0, 9.0, 0.0, 0.0, 1.8888888, 2.162963, 3.1666667, 3.2777781, 6.4074073, 6.2222223, 6.0, 7.0, -0.5555556, -1.2222222, 1.7777778, 7.2222223, 0.19104938, 1.7566451, negative
183.0, 66.0, 9.0, 0.0, 0.0, 1.277778, 0.82775986, 2.555556, 1.8934586, 42.11111, 41.555557, 45.88889, 38.88889, -1.6666666, 11.333333, -9.666667, 45.88889, 0.15200906, -1.6838505, negative
101.0, 137.0, 9.0, 0.0, 0.0, 0.44444445, 0.50184834, 0.8333333, 0.8096638, 1.1481482, 0.22222222, 2.6666667, 0.5555556, -2.7777777, 4.5555553, -1.7777778, 2.6666667, 0.95, -2.2005885, negative
29.0, 52.0, 9.0, 0.0, 0.0, 0.3888893, 0.01851813, 1.3333334, 0.17777863, 125.77778, 115.55556, 140.22223, 121.55556, -30.666666, 43.333332, -12.666667, 140.22223, 0.17584935, -2.3484936, negative
190.0, 186.0, 9.0, 0.0, 0.11111111, 2.722222, 2.2451591, 6.0555553, 2.8159592, 50.074074, 45.666668, 60.22222, 44.333332, -13.222222, 30.444445, -17.222221, 60.22222, 0.26619545, -2.0288115, negative
81.0, 79.0, 9.0, 0.0, 0.0, 0.44444466, 0.074074, 0.88888866, 0.6518533, 45.814816, 42.88889, 53.88889, 40.666668, -8.777778, 24.222221, -15.444445, 53.88889, 0.245206, -1.9188883, negative
122.0, 106.0, 9.0, 0.11111111, 0.0, 1.611111, 0.59629595, 1.6111113, 2.7296302, 23.037037, 22.0, 29.88889, 17.222223, -3.1111112, 20.555555, -17.444445, 29.88889, 0.42334643, -1.6958038, positive
167.0, 53.0, 9.0, 0.0, 0.0, 1.2777773, 0.4906541, 0.9444434, 0.389682, 40.444443, 36.88889, 48.666668, 35.77778, -10.666667, 24.666666, -14.0, 48.666668, 0.2645635, -2.0045598, negative
18.0, 123.0, 9.0, 0.0, 0.0, 0.72222227, 0.86296284, 0.6111111, 0.41851848, 1.074074, 0.11111111, 2.6666667, 0.44444445, -2.8888888, 4.7777777, -1.8888888, 2.6666667, 0.9814815, -2.1692097, negative
123.0, 152.0, 9.0, 0.0, 0.0, 0.0, 0.0, 0.0, 0.0, 0.0, 0.0, 0.0, 0.0, 0.0, 0.0, 0.0, 0.0, 0.0, 0.0, negative
94.0, 135.0, 9.0, 0.0, 0.0, 2.277778, 1.2629623, 0.5555555, 0.38518512, 2.1851852, 0.7777778, 4.888889, 0.8888889, -4.2222223, 8.111111, -3.8888888, 4.888889, 0.88800704, -2.1109743, negative
193.0, 35.0, 9.0, 0.0, 0.0, 0.27777863, 0.28518325, 0.7222214, 0.28518334, 136.48148, 131.22223, 146.22223, 132.0, -15.777778, 29.222221, -13.444445, 146.22223, 0.103336096, -2.146845, negative
138.0, 21.0, 9.0, 0.0, 0.0, 0.6666654, 0.76011735, 1.0, 0.5163958, 127.296295, 116.22222, 143.11111, 122.55556, -33.22222, 47.444443, -14.222222, 143.11111, 0.18785286, -2.3393772, negative
161.0, 138.0, 9.0, 0.0, 0.0, 0.22222221, 0.17213258, 0.22222222, 0.2721655, 1.2222222, 0.44444445, 3.2222223, 0.0, -2.3333333, 6.0, -3.6666667, 3.2222223, 1.0, -1.9491665, negative
248.0, 103.0, 9.0, 0.0, 0.0, 0.9444434, 0.57413447, 1.1111113, 0.9349196, 35.62963, 30.777779, 45.22222, 30.88889, -14.555555, 28.777779, -14.222222, 45.22222, 0.32391465, -2.1026068, negative
29.0, 85.0, 9.0, 0.0, 0.0, 2.833333, 2.9420328, 2.3888888, 3.0508046, 4.0740743, 2.1111112, 6.7777777, 3.3333333, -5.888889, 8.111111, -2.2222223, 6.7777777, 0.76296294, -2.3698635, negative
90.0, 116.0, 9.0, 0.0, 0.0, 1.277778, 0.85418403, 1.3333336, 1.1352925, 18.74074, 11.777778, 29.555555, 14.888889, -20.88889, 32.444443, -11.555555, 29.555555, 0.5961039, -2.2599666, negative
252.0, 82.0, 9.0, 0.0, 0.0, 1.0555547, 0.41851985, 0.77777797, 0.47407353, 38.88889, 34.555557, 48.444443, 33.666668, -13.0, 28.666666, -15.666667, 48.444443, 0.3038762, -2.028043, negative
161.0, 147.0, 9.0, 0.0, 0.0, 0.0, 0.0, 0.0, 0.0, 0.0, 0.0, 0.0, 0.0, 0.0, 0.0, 0.0, 0.0, 0.0, 0.0, negative
240.0, 26.0, 9.0, 0.0, 0.0, 1.2222239, 1.0074004, 0.88888806, 0.20741068, 136.88889, 131.0, 146.55556, 133.11111, -17.666666, 29.0, -11.333333, 146.55556, 0.10610159, -2.2307248, negative
54.0, 133.0, 9.0, 0.0, 0.0, 1.5555557, 1.0074074, 0.50000006, 0.3444443, 5.3703704, 3.6666667, 9.0, 3.4444444, -5.111111, 10.888889, -5.7777777, 9.0, 0.6304714, -2.0480003, negative
44.0, 79.0, 9.0, 0.0, 0.0, 0.44444403, 0.34426486, 0.7777786, 0.4036864, 107.74074, 93.888885, 126.55556, 102.77778, -41.555557, 56.444443, -14.888889, 126.55556, 0.2580791, -2.3779652, negative
133.0, 67.0, 9.0, 0.0, 0.0, 1.388889, 1.3962967, 2.1111114, 1.2296311, 27.148148, 25.11111, 35.88889, 20.444445, -6.111111, 26.222221, -20.11111, 35.88889, 0.42930815, -1.7683556, positive
112.0, 201.0, 9.0, 0.0, 0.0, 2.833333, 1.2952907, 3.111111, 1.7847089, 21.296297, 16.666668, 20.333334, 26.88889, -13.888889, -2.8888888, 16.777779, 26.88889, 0.3819119, 2.4679377, negative
239.0, 32.0, 9.0, 0.0, 0.0, 0.7777786, 0.20740789, 1.5000013, 1.1888878, 121.44444, 110.22222, 138.11111, 116.0, -33.666668, 50.0, -16.333334, 138.11111, 0.2018977, -2.3093905, negative
142.0, 100.0, 9.0, 0.0, 0.0, 0.6666667, 0.26666614, 1.388889, 0.9074066, 22.222221, 21.777779, 28.444445, 16.444445, -1.3333334, 18.666666, -17.333334, 28.444445, 0.42199442, -1.6233006, positive
140.0, 188.0, 9.0, 0.0, 0.0, 2.0, 2.1081848, 3.0555546, 2.4981472, 61.666668, 54.444443, 76.55556, 54.0, -21.666666, 44.666668, -23.0, 76.55556, 0.29562417, -2.074028, negative
127.0, 120.0, 9.0, 0.0, 0.0, 0.5, 0.47777766, 0.72222215, 0.5962963, 1.5185186, 0.11111111, 4.111111, 0.33333334, -4.2222223, 7.7777777, -3.5555556, 4.111111, 0.984127, -2.133095, negative
70.0, 71.0, 9.0, 0.11111111, 0.0, 2.1111119, 1.8074061, 2.8333333, 2.077779, 22.777779, 21.88889, 29.666666, 16.777779, -2.6666667, 20.666666, -18.0, 29.666666, 0.43356952, -1.6679595, positive
63.0, 220.0, 9.0, 0.0, 0.0, 3.055556, 15.2629595, 3.6666667, 6.0888896, 8.185185, 6.5555553, 6.4444447, 11.555555, -4.888889, -5.2222223, 10.111111, 11.555555, 0.48671728, 2.0931497, negative
182.0, 186.0, 9.0, 0.11111111, 0.0, 3.666666, 2.0439608, 1.7777767, 1.2412661, 48.444443, 43.77778, 59.88889, 41.666668, -14.0, 34.333332, -20.333334, 59.88889, 0.30452195, -1.9730555, negative
158.0, 186.0, 9.0, 0.0, 0.0, 0.88888884, 0.3407409, 1.4999999, 1.8111099, 12.074074, 9.333334, 10.777778, 16.11111, -8.222222, -3.8888888, 12.111111, 16.11111, 0.4288645, 2.3195195, negative
14.0, 71.0, 9.0, 0.0, 0.0, 13.055554, 10.382501, 21.888885, 16.536379, 31.851852, 25.555555, 40.22222, 29.777779, -18.88889, 25.11111, -6.2222223, 40.22222, 0.39567065, -2.4018247, negative
226.0, 83.0, 9.0, 0.0, 0.0, 0.8888893, 0.5185186, 1.0555521, 0.50740635, 90.62963, 74.55556, 116.888885, 80.44444, -48.22222, 78.77778, -30.555555, 116.888885, 0.36206177, -2.2390528, negative
65.0, 70.0, 9.0, 0.0, 0.0, 0.6666654, 0.17777647, 1.1111082, 0.5629626, 112.51852, 104.0, 127.77778, 105.77778, -25.555555, 45.77778, -20.222221, 127.77778, 0.18609881, -2.17166, negative
127.0, 81.0, 9.0, 0.0, 0.0, 24.33333, 442.17786, 22.111109, 263.09634, 42.555557, 34.88889, 51.77778, 41.0, -23.0, 27.666666, -4.6666665, 51.77778, 0.3669463, -2.476481, negative
161.0, 176.0, 9.0, 0.0, 0.0, 0.38888898, 0.15185188, 1.1666666, 0.3888888, 13.0, 10.111111, 11.777778, 17.11111, -8.666667, -3.6666667, 12.333333, 17.11111, 0.40773422, 2.3406181, negative
170.0, 159.0, 9.0, 0.11111111, 0.0, 2.2777777, 1.420746, 1.611111, 1.1816499, 20.518518, 20.333334, 22.333334, 18.88889, -0.5555556, 5.4444447, -4.888889, 22.333334, 0.15127982, -1.5966792, negative
230.0, 41.0, 9.0, 0.0, 0.0, 0.88889056, 0.6885295, 1.8888893, 1.2412663, 121.48148, 110.22222, 138.88889, 115.333336, -33.77778, 52.22222, -18.444445, 138.88889, 0.2063918, -2.2808032, negative
81.0, 158.0, 9.0, 0.0, 0.0, 2.8333333, 1.1444448, 1.4444447, 1.7629628, 21.037037, 16.777779, 29.0, 17.333334, -12.777778, 23.88889, -11.111111, 29.0, 0.41915956, -2.142701, negative
235.0, 196.0, 9.0, 0.0, 0.0, 1.6666666, 1.333334, 2.222222, 1.1482682, 47.25926, 41.77778, 58.555557, 41.444443, -16.444445, 33.88889, -17.444445, 58.555557, 0.29423782, -2.0746155, negative
40.0, 73.0, 9.0, 0.11111111, 0.0, 1.3888893, 1.0851853, 1.6111116, 2.5074077, 20.62963, 19.777779, 26.777779, 15.333333, -2.5555556, 18.444445, -15.888889, 26.777779, 0.42697316, -1.6754649, positive
184.0, 91.0, 9.0, 0.0, 0.0, 1.222222, 0.38518563, 0.3888893, 0.10740757, 24.074074, 17.777779, 34.88889, 19.555555, -18.88889, 32.444443, -13.555555, 34.88889, 0.48999, -2.2024248, negative
192.0, 162.0, 9.0, 0.0, 0.0, 2.3888886, 2.1962967, 14.944444, 219.57411, 40.444443, 34.444447, 49.444443, 37.444443, -18.0, 27.0, -9.0, 50.333332, 0.30781415, -2.5736349, negative
189.0, 142.0, 9.0, 0.0, 0.0, 0.0, 0.0, 0.0, 0.0, 0.0, 0.0, 0.0, 0.0, 0.0, 0.0, 0.0, 0.0, 0.0, 0.0, negative
204.0, 12.0, 9.0, 0.0, 0.0, 0.7777774, 0.51851887, 1.7777786, 0.78518295, 127.44444, 115.55556, 143.11111, 123.666664, -35.666668, 47.0, -11.333333, 143.11111, 0.19251962, -2.4029171, negative
203.0, 83.0, 9.0, 0.0, 0.0, 0.3888893, 0.1360832, 0.22222233, 0.40368673, 17.074074, 12.888889, 24.88889, 13.444445, -12.555555, 23.444445, -10.888889, 24.88889, 0.48185185, -2.1437612, negative
88.0, 91.0, 9.0, 0.0, 0.0, 1.0555559, 0.8277575, 0.7222214, 0.77220345, 104.888885, 92.55556, 123.44444, 98.666664, -37.0, 55.666668, -18.666666, 123.44444, 0.2502041, -2.300486, negative
44.0, 123.0, 9.0, 0.0, 0.0, 1.0555556, 0.99629647, 1.0000001, 0.8444444, 1.4814814, 0.22222222, 3.6666667, 0.5555556, -3.7777777, 6.5555553, -2.7777777, 3.6666667, 0.96190476, -2.1617603, negative
232.0, 175.0, 9.0, 0.0, 0.0, 1.1666669, 0.62360954, 2.8333333, 2.1679492, 15.37037, 12.444445, 13.555555, 20.11111, -8.777778, -5.4444447, 14.222222, 20.11111, 0.38741234, 2.2421958, negative
37.0, 104.0, 9.0, 0.0, 0.0, 7.8333325, 9.713106, 22.111109, 21.61858, 18.62963, 14.888889, 23.444445, 17.555555, -11.222222, 14.444445, -3.2222223, 23.444445, 0.6076133, -2.4250698, negative
99.0, 160.0, 9.0, 0.0, 0.0, 2.0, 0.84327424, 3.055555, 2.3609476, 28.037037, 21.11111, 29.666666, 33.333336, -20.777779, 4.888889, 15.888889, 33.333336, 0.36751375, 2.8271055, negative
193.0, 154.0, 9.0, 0.0, 0.0, 1.7222217, 2.5518515, 2.0, 1.8666656, 28.148148, 21.555555, 39.555557, 23.333334, -19.777779, 34.22222, -14.444445, 39.555557, 0.45353317, -2.1910727, negative
223.0, 161.0, 9.0, 0.0, 0.0, 1.3888893, 3.040736, 8.999999, 31.022234, 42.037037, 36.0, 52.22222, 37.88889, -18.11111, 30.555555, -12.444445, 52.22222, 0.30841646, -2.282295, negative
112.0, 18.0, 9.0, 0.0, 0.0, 0.8333333, 0.6912159, 0.5, 0.27888793, 113.77778, 102.333336, 130.11111, 108.888885, -34.333332, 49.0, -14.666667, 130.11111, 0.21325745, -2.3408391, negative
97.0, 86.0, 9.0, 0.11111111, 0.0, 1.5000004, 0.8333331, 3.555556, 2.1629639, 23.814816, 23.333334, 30.222221, 17.88889, -1.4444444, 19.222221, -17.777779, 30.222221, 0.40554056, -1.6085904, positive
234.0, 194.0, 9.0, 0.0, 0.22222222, 1.4444453, 1.9512585, 3.8333333, 3.0894084, 48.62963, 43.0, 60.333332, 42.555557, -16.88889, 35.11111, -18.222221, 60.333332, 0.29836866, -2.0718758, negative
121.0, 102.0, 9.0, 0.11111111, 0.0, 2.9444435, 1.8549231, 1.222222, 0.86066246, 51.666668, 47.11111, 62.333332, 45.555557, -13.666667, 32.0, -18.333334, 62.333332, 0.2694, -1.9948803, negative
232.0, 175.0, 9.0, 0.0, 0.0, 1.1666669, 0.62360954, 2.8333333, 2.1679492, 15.37037, 12.444445, 13.555555, 20.11111, -8.777778, -5.4444447, 14.222222, 20.11111, 0.38741234, 2.2421958, negative
153.0, 116.0, 9.0, 0.0, 0.0, 3.2777777, 2.4713163, 1.1111107, 0.8344438, 29.444445, 25.0, 38.333336, 25.0, -13.333333, 26.666666, -13.333333, 38.333336, 0.35575584, -2.0907812, negative
235.0, 249.0, 9.0, 0.0, 0.11111111, 1.6111113, 2.4259405, 2.666667, 1.5055449, 22.851852, 19.777779, 21.222221, 27.555555, -9.222222, -4.888889, 14.111111, 27.555555, 0.28660962, 2.2826295, negative
58.0, 109.0, 9.0, 0.0, 0.0, 1.1666666, 0.6236098, 1.0555553, 0.49065349, 41.814816, 36.11111, 53.666668, 35.666668, -17.11111, 35.555557, -18.444445, 53.666668, 0.3349617, -2.068644, negative
72.0, 191.0, 9.0, 0.11111111, 0.0, 1.2777777, 0.5074075, 3.1111114, 4.6074066, 15.185185, 12.111111, 14.888889, 18.555555, -9.222222, -0.8888889, 10.111111, 18.555555, 0.3503698, 2.545329, negative
253.0, 150.0, 9.0, 0.0, 0.0, 0.0, 0.0, 0.0, 0.0, 0.0, 0.0, 0.0, 0.0, 0.0, 0.0, 0.0, 0.0, 0.0, 0.0, negative
123.0, 152.0, 9.0, 0.0, 0.0, 0.0, 0.0, 0.0, 0.0, 0.0, 0.0, 0.0, 0.0, 0.0, 0.0, 0.0, 0.0, 0.0, 0.0, negative
129.0, 136.0, 9.0, 0.0, 0.0, 2.0, 1.5555573, 0.8333333, 0.1222222, 6.185185, 3.6666667, 10.666667, 4.2222223, -7.5555553, 13.444445, -5.888889, 10.666667, 0.6577441, -2.1752956, negative
120.0, 51.0, 9.0, 0.0, 0.0, 1.0555547, 0.7123238, 2.0555534, 0.742867, 124.40741, 113.22222, 141.11111, 118.888885, -33.555557, 50.11111, -16.555555, 141.11111, 0.19756877, -2.3053098, negative
67.0, 194.0, 9.0, 0.0, 0.0, 3.7222207, 1.4969094, 6.4444447, 3.9646575, 58.814816, 51.77778, 72.55556, 52.11111, -21.11111, 41.22222, -20.11111, 72.55556, 0.28679082, -2.112941, negative
115.0, 183.0, 9.0, 0.0, 0.0, 1.055555, 0.7722019, 4.722222, 1.0201681, 19.851852, 14.555555, 19.0, 26.0, -15.888889, -2.5555556, 18.444445, 26.0, 0.44994184, 2.5068066, negative
197.0, 105.0, 9.0, 0.0, 0.0, 3.7222223, 15.662961, 3.6666663, 14.400001, 4.148148, 1.6666666, 8.333334, 2.4444444, -7.4444447, 12.555555, -5.111111, 8.333334, 0.88604844, -2.2054374, negative
6.0, 81.0, 9.0, 0.0, 0.11111111, 4.111111, 8.740745, 5.722223, 28.50741, 12.481482, 7.6666665, 18.88889, 10.888889, -14.444445, 19.222221, -4.7777777, 18.88889, 0.6281558, -2.388561, negative
77.0, 135.0, 9.0, 0.0, 0.0, 0.22222221, 0.029629624, 0.22222221, 0.029629624, 0.7777778, 0.0, 2.3333335, 0.0, -2.3333333, 4.6666665, -2.3333333, 2.3333335, 1.0, -2.0943952, negative
141.0, 31.0, 9.0, 0.0, 0.0, 1.4444441, 0.3851827, 1.2222227, 1.1851845, 126.81481, 117.111115, 141.22223, 122.111115, -29.11111, 43.22222, -14.111111, 141.22223, 0.17071788, -2.310766, negative
16.0, 190.0, 9.0, 0.0, 0.0, 3.7777774, 6.8740745, 8.555555, 73.674065, 29.62963, 26.11111, 36.88889, 25.88889, -10.555555, 21.777779, -11.222222, 36.88889, 0.30038968, -2.1606584, negative
91.0, 64.0, 9.0, 0.0, 0.0, 0.94444466, 0.71232474, 1.0555559, 1.0201671, 62.0, 53.666668, 78.111115, 54.22222, -25.0, 48.333332, -23.333334, 78.111115, 0.31425992, -2.1180868, negative
53.0, 198.0, 9.0, 0.0, 0.0, 1.7222233, 1.8549244, 5.111111, 1.6009259, 51.666668, 45.555557, 64.22222, 45.22222, -18.333334, 37.666668, -19.333334, 64.22222, 0.29970714, -2.0726159, negative
177.0, 129.0, 9.0, 0.0, 0.0, 0.44444433, 0.25185192, 1.111111, 0.29629606, 6.4074073, 8.0, 7.4444447, 3.7777777, 4.7777777, 3.1111112, -7.888889, 8.222222, 0.5418871, -0.9127656, positive
87.0, 196.0, 9.0, 0.11111111, 0.0, 1.3333321, 0.8692278, 2.222222, 1.6688869, 61.592594, 55.0, 75.66667, 54.11111, -19.777779, 42.22222, -22.444445, 75.66667, 0.28752622, -2.0487363, negative
205.0, 47.0, 9.0, 0.0, 0.0, 1.2222227, 0.6074092, 1.5555573, 0.8296282, 123.85185, 114.111115, 139.77779, 117.666664, -29.222221, 47.77778, -18.555555, 139.77779, 0.18354028, -2.2398903, negative
204.0, 156.0, 9.0, 0.0, 0.0, 0.5000003, 0.27888626, 1.9999996, 0.55777323, 23.703703, 17.333334, 25.444445, 28.333334, -19.11111, 5.2222223, 13.888889, 28.333334, 0.38903406, 2.8649306, negative
88.0, 115.0, 9.0, 0.0, 0.0, 1.666667, 1.8222212, 4.166667, 4.2111125, 22.037037, 21.333334, 28.0, 16.777779, -2.1111112, 17.88889, -15.777778, 28.0, 0.3973624, -1.6195486, positive
176.0, 233.0, 9.0, 0.11111111, 0.0, 1.4444443, 1.1482676, 2.611111, 1.90224, 12.481482, 10.333334, 8.333334, 18.777779, -6.4444447, -12.444445, 18.88889, 18.777779, 0.554881, 1.9036856, negative
19.0, 28.0, 9.0, 0.0, 0.0, 1.1666666, 1.2780217, 1.111112, 1.186343, 111.51852, 96.111115, 131.22223, 107.22222, -46.22222, 59.11111, -12.888889, 131.22223, 0.26754448, -2.4259923, negative
159.0, 180.0, 9.0, 0.11111111, 0.0, 1.5555557, 0.87407404, 3.277778, 3.3962972, 21.25926, 18.11111, 18.11111, 27.555555, -9.444445, -9.444445, 18.88889, 27.555555, 0.3588616, 2.1139183, negative
100.0, 115.0, 9.0, 0.11111111, 0.0, 0.77777785, 0.16296305, 0.7222223, 0.32962963, 2.7407408, 0.33333334, 6.2222223, 1.6666666, -7.2222223, 10.444445, -3.2222223, 6.2222223, 0.9543651, -2.3218653, negative
92.0, 46.0, 9.0, 0.0, 0.0, 0.61111194, 0.24074195, 1.111112, 1.0074095, 107.51852, 93.888885, 128.88889, 99.77778, -40.88889, 64.111115, -23.222221, 128.88889, 0.27150124, -2.2708514, negative
228.0, 123.0, 9.0, 0.0, 0.0, 0.16666667, 0.077777766, 0.4444444, 0.20740741, 0.7037037, 0.0, 2.0, 0.11111111, -2.1111112, 3.8888888, -1.7777778, 2.0, 1.0, -2.123254, negative
206.0, 233.0, 9.0, 0.0, 0.0, 1.388889, 1.5408032, 1.7222227, 0.82775885, 26.814816, 21.88889, 25.11111, 33.444447, -14.777778, -5.111111, 19.88889, 33.444447, 0.34575516, 2.3893497, negative
40.0, 95.0, 9.0, 0.0, 0.11111111, 1.2777778, 1.5740741, 1.6111112, 1.2185184, 4.6296296, 1.0, 9.222222, 3.6666667, -10.888889, 13.777778, -2.8888888, 9.222222, 0.90709877, -2.4294486, negative
217.0, 122.0, 9.0, 0.0, 0.0, 0.33333316, 0.13333336, 0.5, 0.3, 6.0, 7.2222223, 7.3333335, 3.4444444, 3.6666667, 4.0, -7.6666665, 7.6666665, 0.55180776, -1.0514401, positive
189.0, 144.0, 9.0, 0.0, 0.0, 0.0, 0.0, 0.0, 0.0, 0.0, 0.0, 0.0, 0.0, 0.0, 0.0, 0.0, 0.0, 0.0, 0.0, negative
19.0, 90.0, 9.0, 0.0, 0.0, 1.3888888, 1.8851852, 1.1111112, 2.1185184, 3.4074075, 0.8888889, 7.888889, 1.4444444, -7.5555553, 13.444445, -5.888889, 7.888889, 0.904321, -2.1660802, negative
220.0, 36.0, 9.0, 0.0, 0.0, 0.94444275, 0.8004619, 1.0555559, 0.85418165, 114.03704, 100.77778, 132.44444, 108.888885, -39.77778, 55.22222, -15.444445, 132.44444, 0.23908533, -2.3622375, negative
200.0, 250.0, 9.0, 0.0, 0.0, 2.2777777, 1.420746, 1.4444445, 1.0255988, 9.222222, 6.5555553, 7.3333335, 13.777778, -8.0, -5.6666665, 13.666667, 13.777778, 0.5633903, 2.1929355, negative
187.0, 80.0, 9.0, 0.0, 0.0, 1.3333327, 0.7111114, 1.3333334, 0.7111086, 40.51852, 37.77778, 47.666668, 36.11111, -8.222222, 21.444445, -13.222222, 47.666668, 0.24472968, -1.942698, negative
228.0, 143.0, 9.0, 0.0, 0.0, 0.50000006, 0.3444443, 0.6666668, 0.31111094, 5.296296, 6.6666665, 6.2222223, 3.0, 4.111111, 2.7777777, -6.888889, 6.7777777, 0.5564374, -0.9148125, positive
243.0, 48.0, 9.0, 0.0, 0.0, 1.2222239, 0.20740649, 1.2777811, 1.2629704, 134.85185, 127.55556, 146.11111, 130.88889, -21.88889, 33.77778, -11.888889, 146.11111, 0.1269675, -2.2784278, negative
140.0, 125.0, 9.0, 0.0, 0.0, 0.2777779, 0.06296301, 0.66666675, 0.31111118, 6.185185, 7.3333335, 7.6666665, 3.5555556, 3.4444444, 4.4444447, -7.888889, 7.7777777, 0.5456349, -1.1218182, positive
36.0, 145.0, 9.0, 0.0, 0.0, 0.2777778, 0.19629629, 1.2777778, 2.0629628, 0.8518519, 0.33333334, 1.4444444, 0.7777778, -1.5555556, 1.7777778, -0.22222222, 1.4444444, 0.25185186, -2.5309503, negative
24.0, 172.0, 9.0, 0.0, 0.0, 1.166667, 0.9128703, 9.777778, 5.455545, 42.037037, 38.0, 50.333332, 37.77778, -12.111111, 24.88889, -12.777778, 50.333332, 0.24983571, -2.143718, negative
34.0, 93.0, 9.0, 0.0, 0.0, 0.55555564, 0.2721653, 0.3888887, 0.38968167, 14.814815, 10.444445, 23.444445, 10.555555, -13.111111, 25.88889, -12.777778, 23.444445, 0.55917877, -2.102707, negative
150.0, 152.0, 9.0, 0.0, 0.0, 0.11111108, 0.029629618, 2.0555556, 3.5740747, 1.3703704, 1.0, 2.3333335, 0.7777778, -1.1111112, 2.8888888, -1.7777778, 2.3333335, 0.537037, -2.0073514, negative
201.0, 120.0, 9.0, 0.11111111, 0.0, 3.9444444, 14.774076, 3.722222, 9.618522, 3.7407408, 1.4444444, 7.6666665, 2.1111112, -6.888889, 11.777778, -4.888889, 7.6666665, 0.8930539, -2.180291, negative
115.0, 81.0, 9.0, 0.0, 0.0, 0.72222394, 0.64693224, 0.72222394, 0.38968277, 105.92593, 91.888885, 124.888885, 101.0, -42.11111, 56.88889, -14.777778, 124.888885, 0.26421982, -2.3822613, negative
118.0, 21.0, 9.0, 0.0, 0.0, 4.8333344, 4.5740814, 1.277778, 1.0628413, 65.888885, 59.333332, 79.22222, 59.11111, -19.666666, 40.0, -20.333334, 79.22222, 0.2570597, -2.072158, negative
170.0, 88.0, 9.0, 0.0, 0.0, 0.72222203, 0.3896814, 0.8333333, 0.4594679, 22.333334, 18.222221, 29.333334, 19.444445, -12.333333, 21.0, -8.666667, 29.333334, 0.3786151, -2.2082899, negative
128.0, 144.0, 9.0, 0.0, 0.0, 0.0, 0.0, 0.0, 0.0, 0.0, 0.0, 0.0, 0.0, 0.0, 0.0, 0.0, 0.0, 0.0, 0.0, negative
57.0, 177.0, 9.0, 0.0, 0.0, 0.94444495, 0.55185163, 1.4444443, 1.71852, 19.592592, 15.777778, 18.444445, 24.555555, -11.444445, -3.4444444, 14.888889, 24.555555, 0.3589904, 2.413262, negative
33.0, 108.0, 9.0, 0.0, 0.0, 2.944444, 4.5962973, 6.833332, 16.83333, 40.0, 36.0, 48.22222, 35.77778, -12.0, 24.666666, -12.666667, 48.22222, 0.26675764, -2.080474, negative
233.0, 105.0, 9.0, 0.0, 0.0, 6.277777, 2.313408, 0.9444445, 0.742867, 15.185185, 12.666667, 19.777779, 13.111111, -7.5555553, 13.777778, -6.2222223, 19.777779, 0.35376814, -2.1615713, negative
121.0, 62.0, 9.0, 0.0, 0.0, 0.555556, 0.20740756, 1.111112, 0.5629625, 125.40741, 116.333336, 138.77779, 121.111115, -27.222221, 40.11111, -12.888889, 138.77779, 0.16165799, -2.315962, negative
81.0, 98.0, 9.0, 0.11111111, 0.0, 1.2222227, 0.42963, 1.888889, 3.2296317, 20.88889, 21.0, 25.88889, 15.777778, 0.33333334, 15.0, -15.333333, 25.88889, 0.38914663, -1.5288948, positive
120.0, 17.0, 9.0, 0.0, 0.0, 1.3888868, 0.5518509, 1.8888893, 1.1407349, 129.55556, 118.77778, 143.55556, 126.333336, -32.333332, 42.0, -9.666667, 143.55556, 0.17262767, -2.412968, negative
43.0, 152.0, 9.0, 0.0, 0.0, 1.9444445, 1.7074082, 1.2222222, 0.8296299, 1.5185186, 1.0, 2.8888888, 0.6666667, -1.5555556, 4.111111, -2.5555556, 2.8888888, 0.64867723, -1.9332389, negative
134.0, 93.0, 9.0, 0.0, 0.0, 0.38888898, 0.25092435, 0.88888866, 0.5443307, 20.925926, 16.666668, 29.555555, 16.555555, -12.777778, 25.88889, -13.111111, 29.555555, 0.44337976, -2.0860834, negative
77.0, 135.0, 9.0, 0.0, 0.0, 2.944444, 1.9710863, 1.7777767, 0.9583936, 47.37037, 41.0, 60.666668, 40.444443, -19.11111, 39.88889, -20.777779, 60.666668, 0.3346597, -2.0634599, negative
58.0, 125.0, 9.0, 0.0, 0.0, 2.1666667, 1.1105559, 1.0555559, 0.90472007, 18.555555, 11.111111, 30.666666, 13.888889, -22.333334, 36.333332, -14.0, 30.666666, 0.6384555, -2.2419562, negative
223.0, 185.0, 9.0, 0.0, 0.0, 0.5, 0.34960312, 2.3888886, 2.0807757, 12.962963, 11.555555, 9.777778, 17.555555, -4.2222223, -9.555555, 13.777778, 17.555555, 0.44541803, 1.8388497, negative
199.0, 97.0, 9.0, 0.11111111, 0.0, 2.722222, 1.2546208, 0.5, 0.18257418, 47.814816, 46.0, 54.11111, 43.333332, -5.4444447, 18.88889, -13.444445, 54.11111, 0.1993515, -1.8367767, negative
112.0, 30.0, 9.0, 0.0, 0.0, 0.55555725, 0.2721644, 1.2222227, 0.7200825, 113.25926, 100.77778, 130.11111, 108.888885, -37.444443, 50.555557, -13.111111, 130.11111, 0.22538376, -2.3853076, negative
220.0, 111.0, 9.0, 0.0, 0.0, 2.555555, 1.6555178, 2.2777774, 1.5974522, 29.592592, 25.444445, 38.22222, 25.11111, -12.444445, 25.88889, -13.444445, 38.22222, 0.34932512, -2.064723, negative
34.0, 128.0, 9.0, 0.0, 0.0, 0.44444442, 0.118518494, 0.66666657, 0.48888892, 5.6666665, 7.4444447, 6.5555553, 3.0, 5.3333335, 2.6666667, -8.0, 7.4444447, 0.5974427, -0.83759844, positive
4.0, 189.0, 9.0, 0.0, 0.0, 2.0555565, 3.8851852, 11.722221, 114.59634, 26.444445, 23.444445, 33.0, 22.88889, -9.0, 19.666666, -10.666667, 33.0, 0.27147257, -2.1010017, negative
3.0, 21.0, 9.0, 0.0, 0.0, 0.44444528, 0.6074073, 1.2222214, 0.11851781, 130.14815, 120.77778, 143.22223, 126.44444, -28.11111, 39.22222, -11.111111, 143.22223, 0.15667991, -2.357178, negative
218.0, 64.0, 9.0, 0.0, 0.0, 1.5000004, 1.1303884, 1.8333334, 1.9635572, 8.0, 6.111111, 12.555555, 5.3333335, -5.6666665, 13.666667, -8.0, 12.555555, 0.5791423, -1.9652462, negative
194.0, 124.0, 9.0, 0.0, 0.0, 1.4999999, 0.43333384, 1.388889, 0.90740687, 2.8148148, 1.0, 5.5555553, 1.8888888, -5.4444447, 8.222222, -2.7777777, 5.5555553, 0.8367725, -2.2846084, negative
93.0, 127.0, 9.0, 0.0, 0.0, 1.1111112, 0.83444345, 1.0, 0.7888106, 3.8148148, 1.3333334, 6.7777777, 3.3333333, -7.4444447, 8.888889, -1.4444444, 6.7777777, 0.8272487, -2.4745617, negative
230.0, 162.0, 9.0, 0.0, 0.0, 1.6666666, 1.0749676, 0.9444442, 0.5741337, 17.333334, 13.777778, 15.888889, 22.333334, -10.666667, -4.3333335, 15.0, 22.333334, 0.38252184, 2.3503675, negative
193.0, 125.0, 9.0, 0.0, 0.0, 5.055556, 2.550962, 1.9444447, 1.8787314, 37.444443, 32.333336, 47.555557, 32.444447, -15.333333, 30.333334, -15.0, 47.555557, 0.3218254, -2.1006875, negative
96.0, 236.0, 9.0, 0.0, 0.0, 1.7222222, 3.840741, 1.7222223, 1.1296297, 13.962963, 10.777778, 12.444445, 18.666668, -9.555555, -4.5555553, 14.111111, 18.666668, 0.42423514, 2.3206298, negative
41.0, 61.0, 9.0, 0.0, 0.0, 2.0555553, 1.5740743, 1.5555553, 1.940741, 21.74074, 20.333334, 28.777779, 16.11111, -4.2222223, 21.11111, -16.88889, 28.777779, 0.43704242, -1.7372931, positive
80.0, 95.0, 9.0, 0.0, 0.0, 1.2222223, 1.0074079, 0.944444, 0.5518514, 21.407408, 21.333334, 26.666666, 16.222223, -0.22222222, 15.777778, -15.555555, 26.666666, 0.39043593, -1.5673273, positive
197.0, 236.0, 9.0, 0.0, 0.0, 2.4444444, 6.829628, 3.3333333, 7.599998, 16.074074, 13.111111, 16.666668, 18.444445, -8.888889, 1.7777778, 7.111111, 18.555555, 0.29272884, 2.7898002, negative
230.0, 180.0, 9.0, 0.11111111, 0.0, 1.1111112, 0.5185183, 1.9444443, 1.2629623, 13.851851, 9.666667, 13.111111, 18.777779, -12.555555, -2.2222223, 14.777778, 18.777779, 0.48688295, 2.4879174, negative
121.0, 113.0, 9.0, 0.0, 0.0, 1.722222, 1.5296303, 2.944444, 1.5296295, 20.25926, 20.0, 25.444445, 15.333333, -0.7777778, 15.555555, -14.777778, 25.444445, 0.39658895, -1.5856091, positive
127.0, 143.0, 9.0, 0.0, 0.0, 1.5, 0.12222214, 0.88888884, 0.60740745, 4.185185, 0.8888889, 9.444445, 2.2222223, -9.888889, 15.777778, -5.888889, 9.444445, 0.915376, -2.2574124, negative
59.0, 141.0, 9.0, 0.11111111, 0.0, 2.3888888, 1.540803, 2.1666667, 1.278019, 12.666667, 7.888889, 18.555555, 11.555555, -14.333333, 17.666666, -3.3333333, 18.555555, 0.58577543, -2.4515712, negative
92.0, 70.0, 9.0, 0.11111111, 0.0, 1.1111107, 1.3608265, 0.7777767, 0.65546083, 61.11111, 53.444443, 77.0, 52.88889, -23.0, 47.666668, -24.666666, 77.0, 0.31436473, -2.070832, negative
201.0, 135.0, 9.0, 0.0, 0.0, 0.5555555, 0.29629624, 0.888889, 0.074073985, 5.5185184, 7.111111, 6.4444447, 3.0, 4.7777777, 2.7777777, -7.5555553, 7.4444447, 0.5994268, -0.89217883, positive
99.0, 149.0, 9.0, 0.0, 0.0, 3.6666667, 4.577775, 2.111111, 1.5851847, 21.37037, 16.666668, 30.0, 17.444445, -14.111111, 25.88889, -11.777778, 30.0, 0.4451721, -2.1417873, negative
229.0, 124.0, 9.0, 0.0, 0.0, 0.888889, 0.074073985, 0.8888889, 0.3407407, 5.888889, 7.111111, 7.111111, 3.4444444, 3.6666667, 3.6666667, -7.3333335, 7.5555553, 0.5458554, -1.0376626, positive
154.0, 128.0, 9.0, 0.0, 0.0, 0.5, 0.30000007, 0.33333325, 0.044444434, 5.962963, 7.3333335, 7.2222223, 3.3333333, 4.111111, 3.7777777, -7.888889, 7.6666665, 0.56371254, -1.0050536, positive
34.0, 164.0, 9.0, 0.0, 0.0, 0.888889, 0.40368673, 1.2777778, 0.49065349, 11.333333, 9.222222, 10.333334, 14.444445, -6.3333335, -3.0, 9.333333, 14.444445, 0.367923, 2.291118, negative
103.0, 174.0, 9.0, 0.11111111, 0.0, 1.4444447, 1.1674602, 1.6666666, 1.2649112, 23.185184, 20.666668, 19.88889, 29.0, -7.5555553, -9.888889, 17.444445, 29.0, 0.32797024, 2.0336978, negative
145.0, 248.0, 9.0, 0.0, 0.0, 2.0555553, 1.7180947, 2.111111, 1.3770607, 26.88889, 23.222221, 25.11111, 32.333336, -11.0, -5.3333335, 16.333334, 32.333336, 0.2916751, 2.2850983, negative
120.0, 74.0, 9.0, 0.0, 0.0, 0.3333346, 0.08888922, 0.50000125, 0.07777796, 101.85185, 89.111115, 123.22222, 93.22222, -38.22222, 64.111115, -25.88889, 123.22222, 0.2767844, -2.2205532, negative
20.0, 134.0, 9.0, 0.0, 0.0, 0.6666667, 0.088888995, 0.61111116, 0.24074072, 2.9629629, 1.1111112, 6.4444447, 1.3333334, -5.5555553, 10.444445, -4.888889, 6.4444447, 0.8292328, -2.133095, negative
14.0, 110.0, 9.0, 0.0, 0.0, 1.7222224, 5.3518505, 2.6666667, 1.0222229, 17.925926, 18.88889, 21.444445, 13.444445, 2.8888888, 10.555555, -13.444445, 21.444445, 0.36884832, -1.3450956, positive
180.0, 123.0, 9.0, 0.11111111, 0.0, 1.7222214, 2.1074064, 1.1111113, 0.5185183, 57.48148, 52.555557, 68.55556, 51.333332, -14.777778, 33.22222, -18.444445, 68.55556, 0.2511938, -2.021502, negative
95.0, 131.0, 9.0, 0.0, 0.0, 0.5555555, 0.162963, 1.3333334, 0.7111112, 5.3333335, 6.888889, 6.111111, 3.0, 4.6666665, 2.3333333, -7.0, 7.2222223, 0.5928131, -0.8507829, positive
52.0, 102.0, 9.0, 0.0, 0.0, 0.72222227, 0.50740725, 0.8333333, 0.5666668, 2.8888888, 0.6666667, 6.3333335, 1.6666666, -6.6666665, 10.333333, -3.6666667, 6.3333335, 0.89973545, -2.2617195, negative
78.0, 186.0, 9.0, 0.0, 0.0, 2.833334, 2.1222198, 3.5555556, 4.2074056, 35.296295, 31.222221, 43.88889, 30.777779, -12.222222, 25.777779, -13.555555, 43.88889, 0.30228558, -2.0601218, negative
183.0, 111.0, 9.0, 0.0, 0.0, 0.6666667, 0.31111106, 1.0555555, 0.50740737, 5.703704, 6.888889, 7.0, 3.2222223, 3.5555556, 3.8888888, -7.4444447, 7.3333335, 0.56613755, -1.0650656, positive
96.0, 96.0, 9.0, 0.0, 0.0, 1.0, 1.5111109, 0.8333333, 0.29999986, 6.296296, 2.6666667, 11.888889, 4.3333335, -10.888889, 16.777779, -5.888889, 11.888889, 0.7788625, -2.2757916, negative
250.0, 37.0, 9.0, 0.0, 0.0, 0.6111107, 0.24073862, 1.0555534, 0.95185125, 95.92593, 80.111115, 121.111115, 86.55556, -47.444443, 75.55556, -28.11111, 121.111115, 0.3384867, -2.258443, negative
53.0, 135.0, 9.0, 0.0, 0.0, 0.5555555, 0.2074075, 0.33333334, 0.08888893, 0.7407407, 0.0, 2.1111112, 0.11111111, -2.2222223, 4.111111, -1.8888888, 2.1111112, 0.8888889, -2.1374457, negative
245.0, 78.0, 9.0, 0.11111111, 0.0, 1.888889, 1.0074077, 4.0555553, 5.662962, 30.185184, 25.11111, 40.333336, 25.11111, -15.222222, 30.444445, -15.222222, 40.333336, 0.39203387, -2.0666955, negative
74.0, 129.0, 9.0, 0.0, 0.0, 0.22222222, 0.029629637, 0.11111111, 0.029629635, 0.5185185, 0.0, 1.5555556, 0.0, -1.5555556, 3.1111112, -1.5555556, 1.5555556, 1.0, -2.0943952, negative
185.0, 186.0, 9.0, 0.0, 0.0, 2.1666667, 1.8589127, 2.9999993, 1.3498974, 48.22222, 44.0, 58.88889, 41.77778, -12.666667, 32.0, -19.333334, 58.88889, 0.29042712, -1.9560229, negative
11.0, 200.0, 9.0, 0.0, 0.0, 3.1666667, 3.0313182, 3.9444447, 2.480293, 53.555557, 46.444443, 67.333336, 46.88889, -21.333334, 41.333332, -20.0, 67.333336, 0.31303197, -2.1167326, negative
120.0, 227.0, 9.0, 0.0, 0.0, 1.4444442, 1.186342, 1.8888887, 0.80737346, 12.62963, 9.444445, 11.0, 17.444445, -9.555555, -4.888889, 14.444445, 17.444445, 0.45836443, 2.2918468, negative
27.0, 112.0, 9.0, 0.0, 0.0, 0.22222222, 0.34426522, 0.11111113, 0.27216557, 0.14814815, 0.0, 0.44444445, 0.0, -0.44444445, 0.8888889, -0.44444445, 0.44444445, 0.22222222, -2.0943952, negative
230.0, 12.0, 9.0, 0.0, 0.0, 0.88888806, 0.27216384, 1.611112, 0.97562623, 119.03704, 107.22222, 135.33334, 114.55556, -35.444443, 48.88889, -13.444445, 135.33334, 0.20767513, -2.368866, negative
7.0, 114.0, 9.0, 0.0, 0.0, 1.1666665, 0.78888893, 2.1111114, 1.2740738, 14.518518, 16.11111, 17.11111, 10.333334, 4.7777777, 7.7777777, -12.555555, 17.444445, 0.40864444, -1.1793475, positive
223.0, 185.0, 9.0, 0.0, 0.0, 0.5, 0.34960312, 2.3888886, 2.0807757, 12.962963, 11.555555, 9.777778, 17.555555, -4.2222223, -9.555555, 13.777778, 17.555555, 0.44541803, 1.8388497, negative
13.0, 73.0, 9.0, 0.0, 0.0, 1.3888887, 0.72962976, 2.611111, 3.1296275, 19.074074, 19.222221, 24.11111, 13.888889, 0.44444445, 15.111111, -15.555555, 24.11111, 0.42150384, -1.5242527, positive
17.0, 85.0, 9.0, 0.11111111, 0.0, 0.8888889, 0.72008216, 1.111111, 0.7200825, 1.7777778, 0.44444445, 3.4444444, 1.4444444, -4.0, 5.0, -1.0, 3.4444444, 0.912963, -2.3776238, negative
209.0, 249.0, 9.0, 0.0, 0.0, 2.4444444, 2.3851857, 2.8888886, 3.8074067, 8.555555, 8.0, 7.5555553, 10.111111, -1.6666666, -3.0, 4.6666665, 10.111111, 0.30902183, 1.9174206, negative
100.0, 111.0, 9.0, 0.0, 0.0, 1.6111107, 0.9074074, 1.6111107, 0.81851804, 19.925926, 19.777779, 24.88889, 15.111111, -0.44444445, 14.888889, -14.444445, 24.88889, 0.39170122, -1.5814401, positive
222.0, 38.0, 9.0, 0.11111111, 0.0, 0.555556, 0.40368736, 2.1111107, 0.6885298, 113.48148, 100.44444, 131.44444, 108.55556, -39.11111, 53.88889, -14.777778, 131.44444, 0.23576024, -2.370002, negative
156.0, 181.0, 9.0, 0.0, 0.0, 0.49999985, 0.34960297, 1.4999999, 0.50552523, 11.666667, 9.0, 9.777778, 16.222223, -8.0, -5.6666665, 13.666667, 16.222223, 0.44597858, 2.2066422, negative
142.0, 33.0, 9.0, 0.0, 0.0, 0.49999872, 0.62360865, 0.50000125, 0.3496027, 110.59259, 96.77778, 128.66667, 106.333336, -41.444443, 54.22222, -12.777778, 128.66667, 0.24777646, -2.4080186, negative
66.0, 101.0, 9.0, 0.11111111, 0.0, 0.7222226, 0.32962933, 2.2222223, 0.6518524, 19.037037, 19.666668, 23.555555, 13.888889, 1.8888888, 13.555555, -15.444445, 23.555555, 0.41026655, -1.4575915, positive
25.0, 199.0, 9.0, 0.0, 0.0, 1.1111112, 0.60740685, 1.0555558, 0.4629626, 17.518518, 13.111111, 17.88889, 21.555555, -13.222222, 1.1111112, 12.111111, 21.555555, 0.39300215, 2.6901116, negative
115.0, 183.0, 9.0, 0.0, 0.0, 0.77777797, 0.38518497, 1.9999996, 1.4666661, 18.11111, 14.0, 17.333334, 23.0, -12.333333, -2.3333333, 14.666667, 23.0, 0.39236423, 2.4831982, negative
163.0, 68.0, 9.0, 0.0, 0.0, 1.833334, 2.21111, 1.5555559, 0.96296287, 56.77778, 52.0, 68.22222, 50.11111, -14.333333, 34.333332, -20.0, 68.22222, 0.26505277, -1.9843078, negative
45.0, 126.0, 9.0, 0.0, 0.0, 7.0, 3.870114, 2.5555556, 1.7971169, 10.185185, 4.888889, 17.222223, 8.444445, -15.888889, 21.11111, -5.2222223, 17.222223, 0.7364309, -2.4498394, negative
124.0, 191.0, 9.0, 0.0, 0.0, 3.5000007, 2.7386136, 3.277778, 2.8001328, 59.74074, 52.88889, 74.77778, 51.555557, -20.555555, 45.11111, -24.555555, 74.77778, 0.31361094, -2.03548, negative
78.0, 108.0, 9.0, 0.0, 0.0, 0.8333335, 0.43333328, 1.6111107, 1.1740738, 17.11111, 19.0, 19.88889, 12.444445, 5.6666665, 8.333333, -14.0, 20.0, 0.37883934, -1.1695169, positive
226.0, 233.0, 9.0, 0.0, 0.0, 2.7777774, 1.3185201, 1.777778, 1.0962962, 11.703704, 8.333334, 11.0, 15.777778, -10.111111, -2.1111112, 12.222222, 15.777778, 0.47394413, 2.476615, negative
238.0, 59.0, 9.0, 0.0, 0.0, 0.8333346, 0.45946616, 1.0555559, 0.68041223, 121.703705, 109.22222, 139.0, 116.888885, -37.444443, 51.88889, -14.444445, 139.0, 0.21420376, -2.3642159, negative
38.0, 103.0, 9.0, 0.0, 0.0, 0.8888893, 1.051852, 1.9444447, 1.3962961, 58.185184, 53.333332, 69.55556, 51.666668, -14.555555, 34.11111, -19.555555, 69.55556, 0.2570141, -1.9975892, negative
215.0, 123.0, 9.0, 0.0, 0.0, 0.33333334, 0.13333334, 0.6666667, 0.0444444, 1.3703704, 0.0, 3.7777777, 0.33333334, -4.111111, 7.2222223, -3.1111112, 3.7777777, 1.0, -2.1698651, negative
58.0, 124.0, 9.0, 0.11111111, 0.0, 1.111111, 1.140741, 0.5555556, 0.47407404, 1.1481482, 0.11111111, 2.7777777, 0.5555556, -3.1111112, 4.888889, -1.7777778, 2.7777777, 0.984127, -2.1812904, negative
88.0, 180.0, 9.0, 0.0, 0.0, 1.4999994, 0.93689823, 3.833332, 2.888675, 50.407406, 45.22222, 62.333332, 43.666668, -15.555555, 35.77778, -20.222221, 62.333332, 0.3009182, -2.0087192, negative
174.0, 178.0, 9.0, 0.0, 0.0, 1.388889, 2.6851842, 5.0, 10.4, 19.555555, 17.0, 18.11111, 23.555555, -7.6666665, -4.3333335, 12.0, 23.555555, 0.29896173, 2.2741275, negative
250.0, 196.0, 9.0, 0.0, 0.0, 1.4999994, 1.5018506, 2.2777767, 1.2186811, 47.77778, 42.666668, 58.77778, 41.88889, -15.333333, 33.0, -17.666666, 58.77778, 0.28913772, -2.0459957, negative
217.0, 115.0, 9.0, 0.0, 0.0, 1.1666666, 0.34444454, 0.5555555, 0.38518524, 1.8888888, 0.22222222, 4.666667, 0.7777778, -5.0, 8.333333, -3.3333333, 4.666667, 0.962963, -2.2166038, negative
217.0, 145.0, 9.0, 0.0, 0.0, 0.5555556, 0.16296291, 0.72222215, 0.06296298, 5.296296, 6.3333335, 6.5555553, 3.0, 3.1111112, 3.7777777, -6.888889, 7.0, 0.56415343, -1.0689679, positive
248.0, 149.0, 9.0, 0.0, 0.0, 1.166667, 0.78888947, 1.0555553, 0.6407406, 19.0, 14.444445, 19.777779, 22.777779, -13.666667, 2.3333333, 11.333333, 22.777779, 0.36371678, 2.7416468, negative
101.0, 121.0, 9.0, 0.11111111, 0.0, 0.6666667, 0.843274, 1.5, 0.88819396, 3.4074075, 1.1111112, 6.0, 3.1111112, -6.888889, 7.7777777, -0.8888889, 6.0, 0.8435185, -2.5191648, negative
13.0, 142.0, 9.0, 0.0, 0.0, 0.38888884, 0.06296298, 1.2777777, 0.15185152, 4.5925927, 6.2222223, 5.2222223, 2.3333335, 4.888889, 1.8888888, -6.7777777, 6.3333335, 0.6301587, -0.7763336, positive
194.0, 57.0, 9.0, 0.0, 0.0, 0.61110944, 0.41851488, 1.1666666, 0.38889033, 135.96297, 129.88889, 146.22223, 131.77779, -18.222221, 30.777779, -12.555555, 146.22223, 0.11169542, -2.215046, negative
120.0, 102.0, 9.0, 0.0, 0.0, 0.77777797, 0.16296387, 0.6666667, 0.177779, 63.48148, 56.77778, 77.111115, 56.555557, -20.11111, 40.88889, -20.777779, 77.111115, 0.26937962, -2.0830433, negative
221.0, 111.0, 9.0, 0.0, 0.0, 0.6111111, 0.24074069, 0.38888887, 0.24074073, 1.3333334, 0.0, 4.0, 0.0, -4.0, 8.0, -4.0, 4.0, 1.0, -2.0943952, negative
61.0, 92.0, 9.0, 0.0, 0.0, 1.2777777, 1.0628407, 0.55555534, 0.6206325, 17.25926, 12.888889, 25.777779, 13.111111, -13.111111, 25.555555, -12.444445, 25.777779, 0.49969473, -2.11184, negative
28.0, 112.0, 9.0, 0.0, 0.0, 0.72222215, 0.41851833, 0.5555555, 0.16296297, 5.9259257, 7.111111, 7.2222223, 3.4444444, 3.5555556, 3.8888888, -7.4444447, 7.5555553, 0.5440917, -1.0582771, positive
49.0, 116.0, 9.0, 0.0, 0.0, 1.3333334, 0.31111145, 2.111111, 1.3185191, 3.0, 0.8888889, 6.0, 2.1111112, -6.3333335, 9.0, -2.6666667, 6.0, 0.8755291, -2.3130133, negative
205.0, 83.0, 9.0, 0.0, 0.0, 24.555555, 688.0741, 8.333333, 121.24443, 23.296297, 19.777779, 28.555555, 21.555555, -10.555555, 15.777778, -5.2222223, 28.555555, 0.5041609, -2.3213427, negative
186.0, 218.0, 9.0, 0.0, 0.0, 1.1666666, 0.74444425, 1.1666665, 0.65555507, 13.703704, 10.666667, 12.666667, 17.777779, -9.111111, -3.1111112, 12.222222, 17.777779, 0.40134683, 2.3826835, negative
5.0, 101.0, 9.0, 0.0, 0.0, 2.3333333, 2.3111115, 1.7777777, 0.60740685, 16.925926, 18.333334, 19.88889, 12.555555, 4.2222223, 8.888889, -13.111111, 20.222221, 0.3768521, -1.2111098, positive
67.0, 32.0, 9.0, 0.0, 0.0, 0.944444, 1.0628421, 1.7777786, 1.3109215, 126.22222, 115.111115, 142.22223, 121.333336, -33.333332, 48.0, -14.666667, 142.22223, 0.19062504, -2.333746, negative
103.0, 64.0, 9.0, 0.0, 0.0, 0.6666667, 0.6992054, 1.3333308, 0.91893595, 108.77778, 96.333336, 126.22222, 103.77778, -37.333332, 52.333332, -15.0, 126.22222, 0.2367968, -2.3554425, negative
205.0, 82.0, 9.0, 0.0, 0.0, 1.222222, 1.1482675, 2.5, 2.1679482, 15.222222, 11.888889, 21.666666, 12.111111, -10.0, 19.333334, -9.333333, 21.666666, 0.45815158, -2.1027224, negative
145.0, 163.0, 9.0, 0.0, 0.0, 3.1111114, 13.496301, 18.666666, 27.244467, 39.444443, 34.0, 47.77778, 36.555557, -16.333334, 25.0, -8.666667, 48.11111, 0.28153613, -2.4253242, negative
217.0, 80.0, 9.0, 0.0, 0.0, 0.5555555, 0.5837303, 2.7777777, 0.72008204, 15.851851, 11.888889, 23.222221, 12.444445, -11.888889, 22.11111, -10.222222, 23.222221, 0.48998156, -2.142269, negative
223.0, 62.0, 9.0, 0.0, 0.0, 0.3333334, 0.29814243, 0.44444442, 0.50184846, 6.4444447, 4.111111, 11.444445, 3.7777777, -7.0, 15.0, -8.0, 11.444445, 0.6703704, -2.0487173, negative
73.0, 103.0, 9.0, 0.0, 0.0, 1.2777773, 0.32962978, 1.1111107, 1.5407397, 18.333334, 19.222221, 22.555555, 13.222222, 2.6666667, 12.666667, -15.333333, 22.555555, 0.41030627, -1.3974138, positive
233.0, 64.0, 9.0, 0.0, 0.0, 1.0000013, 0.80000305, 0.7777774, 0.20740618, 92.81481, 77.22222, 118.666664, 82.55556, -46.77778, 77.55556, -30.777779, 118.666664, 0.3492103, -2.2289393, negative
226.0, 131.0, 9.0, 0.0, 0.0, 0.0, 0.0, 0.0, 0.0, 0.0, 0.0, 0.0, 0.0, 0.0, 0.0, 0.0, 0.0, 0.0, 0.0, negative
227.0, 104.0, 9.0, 0.0, 0.11111111, 0.49999985, 0.5477228, 3.1111107, 2.1046689, 19.62963, 16.222223, 26.11111, 16.555555, -10.222222, 19.444445, -9.222222, 26.11111, 0.3802916, -2.1282308, negative
45.0, 67.0, 9.0, 0.0, 0.0, 0.6666673, 0.2981413, 1.055554, 0.64692926, 64.74074, 57.11111, 80.44444, 56.666668, -22.88889, 47.11111, -24.222221, 80.44444, 0.29814535, -2.0766623, negative
89.0, 53.0, 9.0, 0.0, 0.0, 2.1111107, 1.7185186, 2.8333333, 3.0111105, 27.074074, 22.777779, 38.333336, 20.11111, -12.888889, 33.77778, -20.88889, 38.333336, 0.4747726, -1.937482, positive
24.0, 65.0, 9.0, 0.0, 0.0, 1.2222227, 1.7629641, 2.333334, 2.3555567, 20.814816, 20.11111, 26.777779, 15.555555, -2.1111112, 17.88889, -15.777778, 26.777779, 0.41941756, -1.6658529, positive
34.0, 196.0, 9.0, 0.0, 0.0, 1.3888888, 2.0185175, 2.3888886, 1.2185196, 15.703704, 12.444445, 15.111111, 19.555555, -9.777778, -1.7777778, 11.555555, 19.555555, 0.36523178, 2.511766, negative
75.0, 122.0, 9.0, 0.0, 0.0, 0.72222227, 0.24074064, 0.8333333, 0.38888904, 1.5925926, 0.0, 4.4444447, 0.33333334, -4.7777777, 8.555555, -3.7777777, 4.4444447, 1.0, -2.1535993, negative
163.0, 133.0, 9.0, 0.0, 0.0, 0.111111104, 0.17213258, 0.2222222, 0.2721655, 1.5555556, 1.0, 3.5555556, 0.11111111, -1.6666666, 6.0, -4.3333335, 3.5555556, 0.9722222, -1.8225629, negative
240.0, 145.0, 9.0, 0.0, 0.0, 0.38888896, 0.15185192, 0.50000006, 0.12222223, 4.0740743, 5.3333335, 5.0, 1.8888888, 3.7777777, 2.7777777, -6.5555553, 5.4444447, 0.65555555, -0.9594855, positive
181.0, 27.0, 9.0, 0.0, 0.0, 0.7222214, 0.46296388, 0.5, 0.25555483, 138.07408, 132.55556, 146.55556, 135.11111, -16.555555, 25.444445, -8.888889, 146.55556, 0.09626316, -2.2645319, negative
75.0, 131.0, 9.0, 0.0, 0.0, 0.22222222, 0.029629637, 0.33333334, 0.04444442, 0.5185185, 0.0, 1.5555556, 0.0, -1.5555556, 3.1111112, -1.5555556, 1.5555556, 1.0, -2.0943952, negative
189.0, 62.0, 9.0, 0.0, 0.0, 0.38888893, 0.2509241, 0.44444442, 0.3442651, 7.6296296, 5.0, 13.111111, 4.7777777, -7.888889, 16.444445, -8.555555, 13.111111, 0.6359381, -2.0669532, negative
225.0, 143.0, 9.0, 0.0, 0.0, 0.4444445, 0.20740739, 0.44444442, 0.1629629, 5.4444447, 6.7777777, 6.7777777, 2.7777777, 4.0, 4.0, -8.0, 7.0, 0.6018519, -1.048222, positive
24.0, 188.0, 9.0, 0.0, 0.0, 1.7222233, 1.2185186, 6.611112, 38.551857, 30.62963, 27.333334, 38.0, 26.555555, -9.888889, 22.11111, -12.222222, 38.0, 0.29079577, -2.0382204, negative
188.0, 73.0, 9.0, 0.0, 0.0, 1.0555553, 0.9289579, 2.2777786, 1.9935083, 40.185184, 35.666668, 49.77778, 35.11111, -13.555555, 28.777779, -15.222222, 49.77778, 0.2970959, -2.0549638, negative
166.0, 55.0, 9.0, 0.0, 0.0, 1.388888, 0.8185244, 1.1666679, 0.70000154, 124.111115, 113.888885, 139.33334, 119.111115, -30.666666, 45.666668, -15.0, 139.33334, 0.18262304, -2.3081791, negative
67.0, 136.0, 9.0, 0.0, 0.0, 6.722223, 3.7083488, 2.6666667, 3.1972213, 15.518518, 9.0, 25.333334, 12.222222, -19.555555, 29.444445, -9.888889, 25.333334, 0.66081303, -2.3075109, negative
123.0, 186.0, 9.0, 0.0, 0.0, 3.6111114, 3.0288742, 9.444444, 7.9321184, 51.77778, 46.555557, 63.666668, 45.11111, -15.666667, 35.666668, -20.0, 63.666668, 0.2901475, -2.0141015, negative
157.0, 85.0, 9.0, 0.0, 0.0, 1.2222223, 1.2412657, 0.22222233, 0.17213264, 18.925926, 14.555555, 26.88889, 15.333333, -13.111111, 23.88889, -10.777778, 26.88889, 0.45902446, -2.1609125, negative
171.0, 89.0, 9.0, 0.0, 0.0, 0.0, 0.0, 0.0, 0.0, 0.0, 0.0, 0.0, 0.0, 0.0, 0.0, 0.0, 0.0, 0.0, 0.0, negative
156.0, 154.0, 9.0, 0.0, 0.0, 0.2777778, 0.3277307, 0.77777773, 0.544331, 1.7407408, 1.0, 3.5555556, 0.6666667, -2.2222223, 5.4444447, -3.2222223, 3.5555556, 0.8388889, -1.9882019, negative
32.0, 88.0, 9.0, 0.0, 0.0, 0.83333206, 0.34960276, 1.111112, 0.72008145, 67.25926, 57.88889, 85.0, 58.88889, -28.11111, 53.22222, -25.11111, 85.0, 0.32012162, -2.1320271, negative
27.0, 248.0, 9.0, 0.11111111, 0.0, 1.611111, 0.6469295, 3.1666667, 1.7224005, 15.296296, 14.777778, 12.888889, 18.222221, -1.5555556, -7.2222223, 8.777778, 18.222221, 0.31222734, 1.7835119, negative
163.0, 210.0, 9.0, 0.0, 0.0, 1.5555555, 0.5443307, 1.4999999, 0.9603243, 11.851851, 9.333334, 8.888889, 17.333334, -7.5555553, -8.888889, 16.444445, 17.333334, 0.48873982, 2.0437257, negative
118.0, 109.0, 9.0, 0.0, 0.11111111, 3.5555553, 2.6555324, 3.9999993, 3.0840094, 13.296296, 7.0, 22.333334, 10.555555, -18.88889, 27.11111, -8.222222, 22.333334, 0.694627, -2.3440928, negative
21.0, 122.0, 9.0, 0.0, 0.0, 0.44444445, 0.4036867, 0.44444445, 0.4036867, 0.5555556, 0.0, 1.2222222, 0.44444445, -1.6666666, 2.0, -0.33333334, 1.2222222, 0.5555556, -2.4445627, negative
190.0, 136.0, 9.0, 0.0, 0.0, 2.277778, 1.529629, 2.8333333, 0.61111045, 4.851852, 2.8888888, 8.555555, 3.1111112, -5.888889, 11.111111, -5.2222223, 8.555555, 0.70975137, -2.1239047, negative
63.0, 158.0, 9.0, 0.11111111, 0.0, 0.99999934, 1.0540929, 1.888889, 1.29386, 22.185184, 16.444445, 22.222221, 27.88889, -17.222221, 0.11111111, 17.11111, 27.88889, 0.41181073, 2.6247067, negative
194.0, 183.0, 9.0, 0.0, 0.0, 0.77777797, 0.5837306, 2.944444, 1.625037, 54.74074, 49.22222, 67.77778, 47.22222, -16.555555, 39.11111, -22.555555, 67.77778, 0.30312124, -1.9917008, negative
115.0, 182.0, 9.0, 0.0, 0.0, 0.5555558, 1.0470418, 0.7222228, 1.1434194, 17.592592, 15.444445, 14.0, 23.333334, -6.4444447, -10.777778, 17.222221, 23.333334, 0.39944676, 1.9375944, negative
35.0, 62.0, 9.0, 0.0, 0.0, 0.7777786, 0.5185192, 1.2222227, 1.051853, 21.222221, 20.777779, 27.222221, 15.666667, -1.3333334, 18.0, -16.666666, 27.222221, 0.423121, -1.6203984, positive
105.0, 139.0, 9.0, 0.0, 0.0, 0.27777782, 0.107407436, 0.83333325, 0.52222216, 6.111111, 7.5555553, 7.2222223, 3.5555556, 4.3333335, 3.3333333, -7.6666665, 7.5555553, 0.5326279, -0.96594584, positive
27.0, 68.0, 9.0, 0.0, 0.0, 1.388889, 1.4851855, 1.7777777, 5.0962973, 21.592592, 20.444445, 28.444445, 15.888889, -3.4444444, 20.555555, -17.11111, 28.444445, 0.440354, -1.7003236, positive
120.0, 136.0, 9.0, 0.0, 0.0, 0.61111116, 0.4185187, 1.0000001, 0.4444444, 6.259259, 7.7777777, 7.2222223, 3.7777777, 4.5555553, 2.8888888, -7.4444447, 8.0, 0.52954143, -0.92460656, positive
117.0, 181.0, 9.0, 0.11111111, 0.0, 1.8333334, 1.2427571, 3.0000007, 2.054805, 46.88889, 43.0, 56.88889, 40.77778, -11.666667, 30.0, -18.333334, 56.88889, 0.28328654, -1.9490879, negative
83.0, 126.0, 9.0, 0.0, 0.0, 0.72222203, 0.5340271, 0.94444436, 0.5741338, 11.185185, 5.2222223, 20.0, 8.333334, -17.88889, 26.444445, -8.555555, 20.0, 0.73926485, -2.313534, negative
221.0, 69.0, 9.0, 0.0, 0.0, 1.5555553, 0.8073722, 0.7222226, 0.85418403, 36.962963, 36.666668, 40.22222, 34.0, -0.8888889, 9.777778, -8.888889, 40.22222, 0.15409406, -1.6401336, negative
178.0, 183.0, 9.0, 0.11111111, 0.0, 2.7222214, 2.398302, 4.6666665, 3.6998506, 55.74074, 49.666668, 69.66667, 47.88889, -18.222221, 41.77778, -23.555555, 69.66667, 0.31236586, -2.0051956, negative
112.0, 197.0, 9.0, 0.0, 0.0, 4.2222233, 2.9938211, 4.9444447, 3.1227946, 50.333332, 44.666668, 62.22222, 44.11111, -17.0, 35.666668, -18.666666, 62.22222, 0.29632849, -2.0712209, negative
103.0, 185.0, 9.0, 0.0, 0.0, 1.8333324, 4.655558, 9.888888, 94.91854, 30.88889, 27.777779, 37.0, 27.88889, -9.333333, 18.333334, -9.0, 37.555557, 0.25044397, -2.4505804, negative
207.0, 217.0, 9.0, 0.0, 0.0, 0.77777785, 0.47407398, 2.0555556, 0.9074081, 6.296296, 5.0, 4.2222223, 9.666667, -3.8888888, -6.2222223, 10.111111, 9.666667, 0.58261186, 1.9761382, negative
206.0, 105.0, 9.0, 0.0, 0.0, 0.27777734, 0.06296308, 0.61111134, 0.15185204, 50.185184, 45.666668, 60.88889, 44.0, -13.555555, 32.11111, -18.555555, 60.88889, 0.27710575, -1.9919642, negative
107.0, 21.0, 9.0, 0.0, 0.0, 0.66666156, 0.51639783, 1.1666666, 0.4082483, 126.77778, 115.77778, 141.88889, 122.666664, -33.0, 45.333332, -12.333333, 141.88889, 0.18402189, -2.3703718, negative
201.0, 183.0, 9.0, 0.0, 0.0, 1.888888, 1.9167883, 2.333334, 1.7888557, 52.62963, 47.444443, 65.111115, 45.333332, -15.555555, 37.444443, -21.88889, 65.111115, 0.3037197, -1.9819108, negative
46.0, 154.0, 9.0, 0.11111111, 0.0, 3.1666667, 8.21111, 1.6111112, 1.2185184, 6.3703704, 9.666667, 4.666667, 4.7777777, 9.888889, -5.111111, -4.7777777, 9.666667, 0.56192696, -0.0049269386, negative
155.0, 127.0, 9.0, 0.0, 0.0, 2.1666667, 1.7094507, 15.388888, 4.144167, 36.51852, 35.88889, 41.0, 32.666668, -1.8888888, 13.444445, -11.555555, 41.0, 0.2045359, -1.6767696, negative
121.0, 112.0, 9.0, 0.0, 0.0, 2.3888886, 1.7690756, 0.5000003, 0.2788867, 23.703703, 19.444445, 32.333336, 19.333334, -12.777778, 25.88889, -13.111111, 32.333336, 0.40954432, -2.0852482, negative
201.0, 191.0, 9.0, 0.0, 0.0, 1.0000006, 0.76011723, 2.944444, 1.0201671, 49.185184, 44.666668, 59.77778, 43.11111, -13.555555, 31.777779, -18.222221, 59.77778, 0.2788862, -1.9989927, negative
57.0, 199.0, 9.0, 0.0, 0.0, 3.833334, 2.647851, 6.3888893, 3.4667745, 54.962963, 47.88889, 69.22222, 47.77778, -21.222221, 42.77778, -21.555555, 69.22222, 0.31700587, -2.0847538, negative
37.0, 103.0, 9.0, 0.0, 0.0, 1.7777777, 2.1256804, 2.9444447, 3.421609, 3.851852, 1.8888888, 6.2222223, 3.4444444, -5.888889, 7.111111, -1.2222222, 6.2222223, 0.79907405, -2.497929, negative
124.0, 113.0, 9.0, 0.0, 0.0, 0.38888887, 0.38968176, 0.2777778, 0.3277307, 0.962963, 0.0, 2.7777777, 0.11111111, -2.8888888, 5.4444447, -2.5555556, 2.7777777, 1.0, -2.123254, negative
139.0, 121.0, 9.0, 0.0, 0.0, 1.0555555, 0.41851884, 1.1666666, 0.83333385, 3.7037036, 0.7777778, 7.7777777, 2.5555556, -8.777778, 12.222222, -3.4444444, 7.7777777, 0.9074074, -2.351514, negative
26.0, 82.0, 9.0, 0.0, 0.0, 1.5555553, 0.4740743, 2.111111, 4.3851857, 5.5925927, 1.7777778, 10.222222, 4.7777777, -11.444445, 13.888889, -2.4444444, 10.222222, 0.843607, -2.4519827, negative
75.0, 59.0, 9.0, 0.0, 0.0, 1.0555553, 0.7740732, 2.944445, 2.5518503, 25.074074, 22.333334, 34.333336, 18.555555, -8.222222, 27.777779, -19.555555, 34.333336, 0.45942742, -1.8363283, positive
130.0, 32.0, 9.0, 0.0, 0.0, 1.1111113, 1.047041, 0.83333397, 0.83665866, 59.48148, 54.22222, 70.88889, 53.333332, -15.777778, 34.22222, -18.444445, 70.88889, 0.24900064, -2.042422, negative
52.0, 82.0, 9.0, 0.0, 0.0, 3.2777786, 0.46296388, 1.3333334, 0.48888907, 44.88889, 41.555557, 53.11111, 40.0, -10.0, 24.666666, -14.666667, 53.11111, 0.24660505, -1.9717809, negative
37.0, 196.0, 9.0, 0.0, 0.0, 1.2777777, 0.9981464, 1.3333334, 0.81649673, 13.37037, 11.555555, 10.444445, 18.11111, -5.4444447, -8.777778, 14.222222, 18.11111, 0.4302431, 1.9567721, negative
229.0, 195.0, 9.0, 0.0, 0.0, 4.166666, 2.2779152, 4.111111, 2.2476342, 47.703705, 42.444443, 58.88889, 41.77778, -15.777778, 33.555557, -17.777779, 58.88889, 0.29027814, -2.0527046, negative
236.0, 115.0, 9.0, 0.0, 0.0, 4.388889, 3.6629639, 0.44444418, 0.07407387, 14.740741, 10.666667, 22.222221, 11.333333, -12.222222, 22.444445, -10.222222, 22.222221, 0.5331259, -2.1516252, negative
37.0, 130.0, 9.0, 0.0, 0.0, 0.77777773, 0.96296304, 1.2777777, 0.951852, 1.6296296, 1.1111112, 3.0, 0.7777778, -1.5555556, 4.111111, -2.5555556, 3.0, 0.85555553, -1.9598235, negative
174.0, 113.0, 9.0, 0.0, 0.0, 2.4999993, 1.01111, 0.9999997, 0.9333328, 31.777779, 24.444445, 43.77778, 27.11111, -22.0, 36.0, -14.0, 43.77778, 0.4415065, -2.2388027, negative
138.0, 185.0, 9.0, 0.0, 0.0, 3.0555546, 2.977074, 1.9444441, 2.1542377, 57.074074, 50.11111, 71.111115, 50.0, -20.88889, 42.11111, -21.222221, 71.111115, 0.29802468, -2.0888546, negative
134.0, 191.0, 9.0, 0.0, 0.0, 1.3888893, 1.3066788, 1.4444447, 1.0886624, 61.666668, 54.77778, 76.66667, 53.555557, -20.666666, 45.0, -24.333334, 76.66667, 0.30299366, -2.0412767, negative
1.0, 189.0, 9.0, 0.0, 0.0, 1.3888875, 0.4629626, 12.388889, 84.59629, 23.592592, 21.11111, 29.333334, 20.333334, -7.4444447, 17.222221, -9.777778, 29.333334, 0.23309669, -2.0197496, negative
86.0, 179.0, 9.0, 0.0, 0.0, 2.0, 1.2823589, 3.555556, 3.0743864, 50.555557, 45.77778, 62.11111, 43.77778, -14.333333, 34.666668, -20.333334, 62.11111, 0.29654688, -1.9786568, negative
219.0, 176.0, 9.0, 0.0, 0.11111111, 2.1111119, 1.857917, 5.111111, 2.8414931, 60.296295, 53.333332, 75.66667, 51.88889, -20.88889, 46.11111, -25.222221, 75.66667, 0.31446242, -2.0306482, negative
18.0, 142.0, 9.0, 0.0, 0.0, 0.77777773, 0.65185183, 0.2777778, 0.15185186, 0.5555556, 0.11111111, 1.3333334, 0.22222222, -1.3333334, 2.3333333, -1.0, 1.3333334, 0.41666666, -2.1595633, negative
203.0, 120.0, 9.0, 0.0, 0.0, 3.3333328, 3.9111094, 4.277778, 9.262964, 49.407406, 44.88889, 59.333332, 44.0, -13.555555, 29.777779, -16.222221, 59.333332, 0.2634666, -2.035243, negative
200.0, 189.0, 9.0, 0.0, 0.0, 1.1111113, 1.0886619, 3.1666667, 1.0055408, 49.666668, 45.11111, 60.88889, 43.0, -13.666667, 33.666668, -20.0, 60.88889, 0.2938097, -1.9732205, negative
124.0, 98.0, 9.0, 0.0, 0.0, 0.9999997, 1.0110505, 1.2222217, 1.2938603, 21.518518, 16.88889, 30.444445, 17.222223, -13.888889, 26.777779, -12.888889, 30.444445, 0.4486757, -2.1182358, negative
115.0, 202.0, 9.0, 0.11111111, 0.0, 1.611111, 0.24074046, 2.388889, 2.596295, 15.148149, 11.666667, 14.0, 19.777779, -10.444445, -3.4444444, 13.888889, 19.777779, 0.40993193, 2.401137, negative
239.0, 137.0, 9.0, 0.0, 0.0, 1.7777773, 1.360828, 3.4444447, 1.0886629, 40.851852, 39.88889, 45.333332, 37.333336, -2.8888888, 13.444445, -10.555555, 45.333332, 0.1760659, -1.7579898, negative
34.0, 242.0, 9.0, 0.0, 0.0, 1.611111, 1.638653, 2.4444447, 1.1088866, 14.814815, 11.333333, 15.666667, 17.444445, -10.444445, 2.5555556, 7.888889, 17.444445, 0.35316142, 2.835614, negative
53.0, 78.0, 9.0, 0.11111111, 0.0, 1.2222252, 1.0255988, 2.6666653, 2.2900763, 106.85185, 93.22222, 125.666664, 101.666664, -40.88889, 56.444443, -15.555555, 125.666664, 0.25818166, -2.3680825, negative
62.0, 224.0, 9.0, 0.0, 0.0, 0.9444445, 1.083547, 2.3333335, 1.6329932, 14.62963, 13.222222, 11.444445, 19.222221, -4.2222223, -9.555555, 13.777778, 19.222221, 0.40896538, 1.8601909, negative
146.0, 62.0, 9.0, 0.0, 0.0, 0.8888893, 0.20740566, 1.0000013, 0.3555547, 99.666664, 85.666664, 121.44444, 91.888885, -42.0, 65.333336, -23.333334, 121.44444, 0.29458332, -2.2771423, negative
23.0, 113.0, 9.0, 0.0, 0.0, 0.611111, 0.28518534, 0.6666666, 0.48888886, 1.4074074, 0.11111111, 3.4444444, 0.6666667, -3.8888888, 6.111111, -2.2222223, 3.4444444, 0.9814815, -2.2375617, negative
94.0, 215.0, 9.0, 0.0, 0.0, 3.1111114, 5.0962954, 1.6111113, 1.1296293, 17.185184, 14.333333, 14.333333, 22.88889, -8.555555, -8.555555, 17.11111, 22.88889, 0.4043918, 2.1051967, negative
237.0, 191.0, 9.0, 0.0, 0.0, 1.0, 0.31111106, 1.5, 1.0111109, 7.3333335, 5.3333335, 5.4444447, 11.222222, -6.0, -5.6666665, 11.666667, 11.222222, 0.5358197, 2.1224225, negative
227.0, 118.0, 9.0, 0.0, 0.0, 0.055555504, 0.018518483, 1.0555557, 0.10740725, 5.6296296, 7.0, 6.6666665, 3.2222223, 4.111111, 3.1111112, -7.2222223, 7.111111, 0.5456349, -0.96082735, positive
10.0, 172.0, 9.0, 0.0, 0.0, 4.277777, 4.38896, 6.6666656, 7.360555, 44.77778, 40.333336, 54.666668, 39.333336, -13.333333, 29.666666, -16.333334, 54.666668, 0.27804413, -2.0524528, negative
34.0, 137.0, 9.0, 0.0, 0.0, 0.5000002, 0.16666673, 1.111111, 0.47407418, 5.851852, 7.7777777, 6.4444447, 3.3333333, 5.7777777, 1.7777778, -7.5555553, 7.7777777, 0.57363313, -0.74427164, positive
36.0, 21.0, 9.0, 0.0, 0.0, 0.99999744, 0.7999939, 1.3333334, 0.48888856, 129.85185, 120.666664, 142.55556, 126.333336, -27.555555, 38.11111, -10.555555, 142.55556, 0.15349694, -2.364884, negative
136.0, 77.0, 9.0, 0.22222222, 0.0, 1.888889, 1.4962952, 3.0555556, 5.618516, 26.407408, 24.555555, 34.444447, 20.222221, -5.5555553, 24.11111, -18.555555, 34.444447, 0.4132174, -1.7688724, positive
116.0, 211.0, 9.0, 0.0, 0.0, 1.722222, 1.1296293, 1.6111113, 1.7074069, 13.740741, 11.111111, 12.333333, 17.777779, -7.888889, -4.2222223, 12.111111, 17.777779, 0.37534603, 2.2920406, negative
195.0, 161.0, 9.0, 0.0, 0.0, 2.1111107, 1.8074051, 10.499999, 91.32222, 41.48148, 36.0, 51.11111, 37.333336, -16.444445, 28.88889, -12.444445, 51.22222, 0.29470626, -2.3165061, negative
44.0, 233.0, 9.0, 0.0, 0.0, 2.2222219, 2.1464872, 2.111111, 1.3277657, 14.481482, 12.555555, 11.333333, 19.555555, -5.7777777, -9.444445, 15.222222, 19.555555, 0.42217422, 1.9504046, negative
190.0, 96.0, 9.0, 0.0, 0.0, 0.3888893, 0.1962966, 0.9444453, 0.41851908, 90.81481, 76.0, 115.666664, 80.77778, -44.444443, 74.55556, -30.11111, 115.666664, 0.34293815, -2.2199793, negative
7.0, 154.0, 9.0, 0.0, 0.11111111, 3.0555546, 3.8321257, 3.8333328, 2.178176, 50.703705, 44.555557, 64.0, 43.555557, -18.444445, 39.88889, -21.444445, 64.0, 0.3213451, -2.033077, negative
189.0, 68.0, 9.0, 0.0, 0.0, 1.1111113, 0.58373, 1.0555557, 0.5340273, 6.888889, 5.6666665, 10.333334, 4.666667, -3.6666667, 10.333333, -6.6666665, 10.333334, 0.534151, -1.780255, negative
23.0, 55.0, 9.0, 0.0, 0.0, 2.2222216, 3.6740727, 1.7777773, 0.7851852, 23.444445, 21.666666, 31.11111, 17.555555, -5.3333335, 23.0, -17.666666, 31.11111, 0.43507022, -1.7711632, positive
80.0, 77.0, 9.0, 0.0, 0.0, 1.388888, 1.0628399, 0.6666667, 0.5577739, 59.11111, 51.11111, 74.0, 52.22222, -24.0, 44.666668, -20.666666, 74.0, 0.31068987, -2.1430485, negative
52.0, 185.0, 9.0, 0.0, 0.0, 1.6666666, 1.4222219, 0.94444436, 0.95185256, 19.25926, 14.888889, 18.222221, 24.666666, -13.111111, -3.1111112, 16.222221, 24.666666, 0.39645794, 2.4518359, negative
10.0, 61.0, 9.0, 0.11111111, 0.0, 2.2222219, 3.185182, 3.1111107, 7.185185, 18.962963, 18.666668, 24.222221, 14.0, -0.8888889, 15.777778, -14.888889, 24.222221, 0.41952246, -1.5912062, positive
101.0, 130.0, 9.0, 0.0, 0.0, 0.611111, 0.2407408, 0.66666657, 0.57777774, 5.7777777, 7.4444447, 6.6666665, 3.2222223, 5.0, 2.6666667, -7.6666665, 7.5555553, 0.57539684, -0.87149525, positive
104.0, 41.0, 9.0, 0.0, 0.0, 0.3888893, 0.32773066, 0.8333333, 0.58689624, 112.111115, 99.0, 129.33334, 108.0, -39.333332, 51.666668, -12.333333, 129.33334, 0.23449263, -2.4045534, negative
131.0, 15.0, 9.0, 0.11111111, 0.0, 0.88889056, 1.0518463, 1.888888, 2.162973, 130.14815, 119.666664, 145.33334, 125.44444, -31.444445, 45.555557, -14.111111, 145.33334, 0.1764939, -2.3249698, negative
162.0, 94.0, 9.0, 0.0, 0.0, 9.611112, 39.262947, 0.55555576, 0.25185204, 15.37037, 10.666667, 23.777779, 11.666667, -14.111111, 25.222221, -11.111111, 23.777779, 0.59959364, -2.142756, negative
217.0, 23.0, 9.0, 0.0, 0.0, 1.0555547, 0.61161584, 1.1666654, 0.54772294, 124.44444, 111.888885, 141.66667, 119.77778, -37.666668, 51.666668, -14.0, 141.66667, 0.2101616, -2.3705504, negative
184.0, 15.0, 9.0, 0.0, 0.0, 0.44444528, 0.25185028, 0.77777356, 0.11851902, 140.77777, 134.33334, 150.11111, 137.88889, -19.333334, 28.0, -8.666667, 150.11111, 0.105074264, -2.3284721, negative
58.0, 48.0, 9.0, 0.0, 0.0, 2.277778, 0.250925, 0.27777734, 0.25092447, 40.851852, 35.444447, 52.444443, 34.666668, -16.222221, 34.77778, -18.555555, 52.444443, 0.33911672, -2.0487316, negative
103.0, 216.0, 9.0, 0.0, 0.0, 0.88888884, 0.6518517, 2.1666663, 1.1444442, 14.555555, 10.888889, 13.666667, 19.11111, -11.0, -2.6666667, 13.666667, 19.11111, 0.43169576, 2.4475467, negative
65.0, 176.0, 9.0, 0.0, 0.0, 2.8888886, 1.4707015, 1.5, 1.1690452, 49.74074, 45.22222, 61.0, 43.0, -13.555555, 33.77778, -20.222221, 61.0, 0.294787, -1.9657031, negative
226.0, 110.0, 9.0, 0.0, 0.0, 0.33333334, 0.08888887, 0.49999997, 0.2111111, 1.6666666, 0.11111111, 4.4444447, 0.44444445, -4.6666665, 8.333333, -3.6666667, 4.4444447, 0.9777778, -2.1559837, negative
98.0, 135.0, 9.0, 0.0, 0.0, 0.6111112, 0.15185179, 1.0555556, 0.37407392, 5.703704, 7.4444447, 6.4444447, 3.2222223, 5.2222223, 2.2222223, -7.4444447, 7.4444447, 0.5654762, -0.7873758, positive
141.0, 163.0, 9.0, 0.0, 0.0, 0.7777767, 0.42963055, 18.777777, 1.851823, 40.703705, 35.22222, 48.88889, 38.0, -16.444445, 24.555555, -8.111111, 48.88889, 0.27005577, -2.3884537, negative
222.0, 194.0, 9.0, 0.0, 0.0, 2.2777774, 1.1434193, 2.2777777, 1.4207466, 20.185184, 16.555555, 17.88889, 26.11111, -10.888889, -6.888889, 17.777779, 26.11111, 0.3721296, 2.224382, negative
209.0, 122.0, 9.0, 0.0, 0.0, 0.8333327, 0.07777824, 11.444444, 90.829605, 39.22222, 35.77778, 47.555557, 34.333336, -10.333333, 25.0, -14.666667, 47.555557, 0.28241062, -1.9850266, negative
26.0, 67.0, 9.0, 0.11111111, 0.0, 1.0, 0.8888903, 2.4444447, 3.1851847, 20.0, 19.555555, 25.88889, 14.555555, -1.3333334, 17.666666, -16.333334, 25.88889, 0.4369392, -1.6232022, positive
22.0, 116.0, 9.0, 0.0, 0.0, 0.38888875, 0.10740741, 0.33333325, 0.13333334, 5.6296296, 6.7777777, 7.0, 3.1111112, 3.4444444, 4.111111, -7.5555553, 7.3333335, 0.57539684, -1.0996237, positive
37.0, 124.0, 9.0, 0.0, 0.11111111, 1.4999994, 1.0111091, 2.4444447, 1.8074036, 54.333332, 49.444443, 65.22222, 48.333332, -14.666667, 32.666668, -18.0, 65.22222, 0.2585428, -2.0300786, negative
251.0, 195.0, 9.0, 0.0, 0.0, 2.944444, 2.8784, 3.833334, 2.3546653, 47.925926, 42.555557, 59.22222, 42.0, -16.11111, 33.88889, -17.777779, 59.22222, 0.2918749, -2.0567336, negative
69.0, 81.0, 9.0, 0.0, 0.0, 1.833333, 2.2111096, 1.8333334, 1.0111104, 19.851852, 20.333334, 24.666666, 14.555555, 1.4444444, 14.444445, -15.888889, 24.666666, 0.41030994, -1.472378, positive
51.0, 56.0, 9.0, 0.0, 0.0, 0.88888675, 0.16296297, 0.7222214, 0.10740789, 126.44444, 116.22222, 141.66667, 121.44444, -30.666666, 45.666668, -15.0, 141.66667, 0.17948268, -2.3076565, negative
164.0, 45.0, 9.0, 0.0, 0.0, 1.0555559, 0.59629923, 1.0, 0.22221947, 101.92593, 88.111115, 124.55556, 93.111115, -41.444443, 67.888885, -26.444445, 124.55556, 0.29250294, -2.238324, negative
128.0, 116.0, 9.0, 0.0, 0.0, 0.77777785, 0.6962963, 0.8333333, 0.9222224, 1.962963, 0.22222222, 5.0, 0.6666667, -5.2222223, 9.111111, -3.8888888, 5.0, 0.9702381, -2.1634343, negative
80.0, 40.0, 9.0, 0.0, 0.0, 0.6111107, 0.5741323, 0.7222226, 0.7722025, 110.703705, 96.22222, 129.0, 106.888885, -43.444443, 54.88889, -11.444445, 129.0, 0.2540513, -2.4346924, negative
51.0, 15.0, 9.0, 0.0, 0.0, 0.72222644, 0.28518468, 1.2222214, 0.7851845, 132.22223, 123.0, 145.33334, 128.33334, -27.666666, 39.333332, -11.666667, 145.33334, 0.15361586, -2.3410408, negative
18.0, 87.0, 9.0, 0.0, 0.0, 1.5555555, 1.9626132, 1.8888887, 1.7469552, 2.925926, 1.2222222, 5.6666665, 1.8888888, -5.111111, 8.222222, -3.1111112, 5.6666665, 0.86277056, -2.2294934, negative
131.0, 125.0, 9.0, 0.0, 0.0, 0.6111111, 0.3740741, 0.49999997, 0.30000004, 1.3703704, 0.0, 3.8888888, 0.22222222, -4.111111, 7.5555553, -3.4444444, 3.8888888, 1.0, -2.1303394, negative
14.0, 60.0, 9.0, 0.0, 0.0, 0.55555505, 0.78518444, 1.0555553, 0.06296298, 19.333334, 18.88889, 24.777779, 14.333333, -1.3333334, 16.333334, -15.0, 24.777779, 0.41924807, -1.6233917, positive
189.0, 48.0, 9.0, 0.0, 0.0, 0.72222203, 0.38968173, 4.6666665, 4.3050365, 42.074074, 38.77778, 49.88889, 37.555557, -9.888889, 23.444445, -13.555555, 49.88889, 0.24524052, -2.0032587, negative
84.0, 200.0, 9.0, 0.0, 0.0, 4.722221, 2.7032206, 2.5, 1.5311577, 56.666668, 50.666668, 70.22222, 49.11111, -18.0, 40.666668, -22.666666, 70.22222, 0.30081734, -2.0153737, negative
196.0, 241.0, 9.0, 0.0, 0.0, 1.5555557, 1.1287489, 1.1666667, 1.206464, 8.259259, 5.888889, 7.0, 11.888889, -7.111111, -3.7777777, 10.888889, 11.888889, 0.5094597, 2.2773511, negative
45.0, 185.0, 9.0, 0.11111111, 0.0, 2.1666663, 3.7222214, 1.9444442, 2.6851857, 18.666666, 14.666667, 17.11111, 24.222221, -12.0, -4.6666665, 16.666666, 24.222221, 0.40087178, 2.3618267, negative
247.0, 115.0, 9.0, 0.0, 0.0, 3.555556, 1.8094409, 1.3888897, 1.3066785, 28.851852, 24.88889, 36.77778, 24.88889, -11.888889, 23.777779, -11.888889, 36.77778, 0.33166277, -2.094392, negative
198.0, 122.0, 9.0, 0.0, 0.0, 1.5, 0.8777781, 11.444446, 103.762955, 36.185184, 32.666668, 44.0, 31.88889, -10.555555, 23.444445, -12.888889, 44.0, 0.29184964, -2.035377, negative
118.0, 133.0, 9.0, 0.0, 0.0, 0.22222221, 0.029629631, 0.22222221, 0.029629631, 0.7407407, 0.0, 2.2222223, 0.0, -2.2222223, 4.4444447, -2.2222223, 2.2222223, 1.0, -2.0943952, negative
191.0, 101.0, 9.0, 0.0, 0.0, 1.111112, 0.7793635, 1.1111113, 1.186342, 45.037037, 39.0, 57.11111, 39.0, -18.11111, 36.22222, -18.11111, 57.11111, 0.32273299, -2.0943027, negative
18.0, 90.0, 9.0, 0.0, 0.0, 1.0555555, 0.37407416, 0.6666667, 0.22222227, 2.8148148, 0.5555556, 6.888889, 1.0, -6.7777777, 12.222222, -5.4444447, 6.888889, 0.9261464, -2.1643226, negative
130.0, 145.0, 9.0, 0.0, 0.0, 0.0, 0.0, 0.0, 0.0, 0.0, 0.0, 0.0, 0.0, 0.0, 0.0, 0.0, 0.0, 0.0, 0.0, negative
90.0, 237.0, 9.0, 0.0, 0.0, 2.4444444, 1.327766, 2.7222216, 2.678446, 22.222221, 17.555555, 19.666668, 29.444445, -14.0, -7.6666665, 21.666666, 29.444445, 0.41374576, 2.2802892, negative
73.0, 201.0, 9.0, 0.0, 0.11111111, 0.7222226, 0.64693, 4.444444, 2.4555306, 58.703705, 52.88889, 72.22222, 51.0, -17.444445, 40.555557, -23.11111, 72.22222, 0.29418743, -1.9977362, negative
142.0, 119.0, 9.0, 0.0, 0.0, 5.277778, 0.85418415, 1.0555553, 0.6116157, 45.62963, 40.666668, 56.0, 40.22222, -14.888889, 31.11111, -16.222221, 56.0, 0.2807703, -2.0640383, negative
183.0, 91.0, 9.0, 0.0, 0.0, 2.666667, 0.8944272, 0.49999985, 0.54772246, 14.444445, 11.0, 21.0, 11.333333, -10.333333, 19.666666, -9.333333, 21.0, 0.47678283, -2.1284647, negative
42.0, 188.0, 9.0, 0.0, 0.0, 1.833333, 1.8111092, 1.388889, 1.7518508, 30.777779, 27.555555, 38.11111, 26.666666, -9.666667, 22.0, -12.333333, 38.11111, 0.3017472, -2.016443, negative
204.0, 177.0, 9.0, 0.0, 0.0, 1.7777786, 10.696298, 8.333332, 27.333357, 32.88889, 29.0, 40.666668, 29.0, -11.666667, 23.333334, -11.666667, 40.666668, 0.28108954, -2.1008399, negative
48.0, 139.0, 9.0, 0.0, 0.0, 2.4444447, 1.6821502, 1.833334, 1.048809, 48.22222, 42.555557, 60.444443, 41.666668, -17.0, 36.666668, -19.666666, 60.444443, 0.3108182, -2.0442379, negative
121.0, 189.0, 9.0, 0.0, 0.0, 2.277778, 2.1951132, 4.944445, 4.007863, 62.074074, 54.77778, 77.55556, 53.88889, -21.88889, 46.444443, -24.555555, 77.55556, 0.30540445, -2.054084, negative
151.0, 57.0, 9.0, 0.0, 0.0, 1.0555559, 0.7740706, 1.6111094, 0.41851655, 100.44444, 86.22222, 122.22222, 92.888885, -42.666668, 65.333336, -22.666666, 122.22222, 0.29451475, -2.2881315, negative
71.0, 125.0, 9.0, 0.0, 0.0, 0.6666667, 0.47140455, 0.7222223, 0.49065357, 16.407408, 12.444445, 23.666666, 13.111111, -11.888889, 21.777779, -9.888889, 25.333334, 0.56104016, -1.7934027, negative
26.0, 137.0, 9.0, 0.0, 0.0, 0.055555563, 0.018518524, 0.11111113, 0.029629637, 0.25925925, 0.0, 0.7777778, 0.0, -0.7777778, 1.5555556, -0.7777778, 0.7777778, 0.7777778, -2.0943952, negative
29.0, 184.0, 9.0, 0.0, 0.0, 1.6111107, 1.0628402, 2.6666667, 1.8973663, 13.62963, 11.444445, 11.333333, 18.11111, -6.5555553, -6.888889, 13.444445, 18.11111, 0.3876632, 2.080445, negative
226.0, 84.0, 9.0, 0.0, 0.0, 3.055556, 3.9740732, 1.7777778, 2.6962967, 4.5555553, 1.5555556, 9.0, 3.1111112, -9.0, 13.333333, -4.3333335, 9.0, 0.84772927, -2.3057292, negative
214.0, 108.0, 9.0, 0.0, 0.0, 0.6666667, 0.365148, 0.6666667, 0.29814258, 16.925926, 13.555555, 23.444445, 13.777778, -10.111111, 19.555555, -9.444445, 23.444445, 0.42167473, -2.117648, negative
198.0, 183.0, 9.0, 0.0, 0.0, 1.0555547, 1.1816497, 3.3888881, 1.5974506, 54.037037, 48.88889, 66.55556, 46.666668, -15.444445, 37.555557, -22.11111, 66.55556, 0.2986217, -1.9749589, negative
197.0, 182.0, 9.0, 0.0, 0.0, 2.222222, 1.2590424, 3.444444, 2.8258078, 55.851852, 50.11111, 69.111115, 48.333332, -17.222221, 39.77778, -22.555555, 69.111115, 0.30064347, -2.0015576, negative
