@relation segment0
@attribute Region-centroid-col real [1.0, 254.0]
@attribute Region-centroid-row real [11.0, 251.0]
@attribute Region-pixel-count real [9.0, 10.0]
@attribute Short-line-density-5 real [0.0, 0.33333334]
@attribute Short-line-density-2 real [0.0, 0.22222222]
@attribute Vedge-mean real [0.0, 29.222221]
@attribute Vegde-sd real [0.0, 991.7184]
@attribute Hedge-mean real [0.0, 44.722225]
@attribute Hedge-sd real [-1.5894573E-8, 1386.3292]
@attribute Intensity-mean real [0.0, 143.44444]
@attribute Rawred-mean real [0.0, 137.11111]
@attribute Rawblue-mean real [0.0, 150.88889]
@attribute Rawgreen-mean real [0.0, 142.55556]
@attribute Exred-mean real [-49.666668, 9.888889]
@attribute Exblue-mean real [-12.444445, 82.0]
@attribute Exgreen-mean real [-33.88889, 24.666666]
@attribute Value-mean real [0.0, 150.88889]
@attribute Saturatoin-mean real [0.0, 1.0]
@attribute Hue-mean real [-3.0441751, 2.9124804]
@attribute Class {positive,negative}
@inputs Region-centroid-col, Region-centroid-row, Region-pixel-count, Short-line-density-5, Short-line-density-2, Vedge-mean, Vegde-sd, Hedge-mean, Hedge-sd, Intensity-mean, Rawred-mean, Rawblue-mean, Rawgreen-mean, Exred-mean, Exblue-mean, Exgreen-mean, Value-mean, Saturatoin-mean, Hue-mean
@outputs Class
@data
149.0, 185.0, 9.0, 0.0, 0.0, 1.5555553, 1.0680546, 3.0555553, 1.9254627, 49.333332, 45.333332, 59.555557, 43.11111, -12.0, 30.666666, -18.666666, 59.555557, 0.2758892, -1.9527698, negative
86.0, 197.0, 9.0, 0.11111111, 0.11111111, 1.611112, 1.4516907, 1.2777786, 1.1038647, 63.22222, 56.22222, 77.77778, 55.666668, -21.0, 43.666668, -22.666666, 77.77778, 0.28533262, -2.06802, negative
83.0, 28.0, 9.0, 0.0, 0.0, 0.3888893, 0.13608134, 0.88888675, 0.45542085, 112.96296, 99.44444, 131.11111, 108.333336, -40.555557, 54.444443, -13.888889, 131.11111, 0.24151142, -2.3878844, negative
126.0, 237.0, 9.0, 0.0, 0.0, 0.94444436, 0.24074084, 1.0000001, 0.48888868, 5.7777777, 4.2222223, 4.2222223, 8.888889, -4.6666665, -4.6666665, 9.333333, 8.888889, 0.5538119, 2.0972314, negative
79.0, 62.0, 9.0, 0.0, 0.0, 0.555556, 0.3851839, 0.88888675, 0.60740507, 110.18519, 100.666664, 127.111115, 102.77778, -28.555555, 50.77778, -22.222221, 127.111115, 0.20801263, -2.178149, negative
94.0, 140.0, 9.0, 0.0, 0.0, 0.16666667, 0.033333328, 0.33333328, 0.044444434, 3.0370371, 1.7777778, 6.111111, 1.2222222, -3.7777777, 9.222222, -5.4444447, 6.111111, 0.79788357, -1.9857694, negative
54.0, 142.0, 9.0, 0.0, 0.0, 0.7222223, 0.82775915, 2.0, 2.1081848, 1.8148148, 0.8888889, 3.6666667, 0.8888889, -2.7777777, 5.5555553, -2.7777777, 3.6666667, 0.76944447, -2.0943952, negative
107.0, 146.0, 9.0, 0.0, 0.0, 1.888889, 1.0074077, 2.111111, 1.3185171, 21.37037, 16.777779, 29.666666, 17.666668, -13.777778, 24.88889, -11.111111, 29.666666, 0.43278608, -2.1649706, negative
239.0, 122.0, 9.0, 0.0, 0.0, 0.27777776, 0.06296293, 0.33333334, 0.17777774, 5.5555553, 7.0, 6.6666665, 3.0, 4.3333335, 3.3333333, -7.6666665, 7.2222223, 0.5813492, -0.95343477, positive
63.0, 201.0, 9.0, 0.0, 0.0, 2.1111119, 1.7341882, 2.5000007, 1.656637, 61.62963, 54.88889, 76.44444, 53.555557, -20.222221, 44.444443, -24.222221, 76.44444, 0.29921305, -2.0341187, negative
121.0, 60.0, 9.0, 0.0, 0.0, 2.277778, 2.329629, 2.888889, 2.8740742, 26.74074, 24.666666, 35.22222, 20.333334, -6.2222223, 25.444445, -19.222221, 35.22222, 0.4223002, -1.776113, positive
54.0, 176.0, 9.0, 0.0, 0.0, 2.1111126, 0.68853056, 2.6666672, 2.6915512, 50.666668, 46.0, 62.666668, 43.333332, -14.0, 36.0, -22.0, 62.666668, 0.30857325, -1.9514097, negative
90.0, 101.0, 9.0, 0.11111111, 0.0, 0.8888893, 0.3851848, 1.7222223, 1.8851866, 20.074074, 20.333334, 25.0, 14.888889, 0.7777778, 14.777778, -15.555555, 25.0, 0.40403765, -1.5201249, positive
71.0, 180.0, 9.0, 0.11111111, 0.0, 1.222222, 0.5629625, 3.0, 1.8666646, 22.333334, 18.333334, 21.444445, 27.222221, -12.0, -2.6666667, 14.666667, 27.222221, 0.3273826, 2.4538307, negative
48.0, 81.0, 9.0, 0.0, 0.0, 0.6111107, 0.24074274, 0.88889056, 0.42962864, 112.92593, 105.666664, 128.88889, 104.22222, -21.777779, 47.88889, -26.11111, 128.88889, 0.19307978, -2.0334873, negative
97.0, 130.0, 9.0, 0.0, 0.0, 0.72222215, 0.50740737, 1.0555556, 0.685185, 5.851852, 7.3333335, 6.888889, 3.3333333, 4.4444447, 3.1111112, -7.5555553, 7.6666665, 0.5701058, -0.96304834, positive
110.0, 182.0, 9.0, 0.0, 0.0, 2.3888893, 1.7940235, 2.555556, 1.5587274, 46.37037, 42.666668, 56.333332, 40.11111, -11.111111, 29.88889, -18.777779, 56.333332, 0.28764573, -1.9300476, negative
82.0, 138.0, 9.0, 0.0, 0.0, 0.8888889, 0.51851845, 0.88888884, 0.3851853, 1.4074074, 0.0, 3.7777777, 0.44444445, -4.2222223, 7.111111, -2.8888888, 3.7777777, 1.0, -2.1739607, negative
235.0, 196.0, 9.0, 0.0, 0.0, 1.6666666, 1.333334, 2.222222, 1.1482682, 47.25926, 41.77778, 58.555557, 41.444443, -16.444445, 33.88889, -17.444445, 58.555557, 0.29423782, -2.0746155, negative
140.0, 161.0, 9.0, 0.0, 0.0, 0.27777767, 0.3277306, 0.7777777, 0.6206328, 15.740741, 12.444445, 14.333333, 20.444445, -9.888889, -4.2222223, 14.111111, 20.444445, 0.39095718, 2.3451326, negative
192.0, 142.0, 9.0, 0.11111111, 0.0, 0.50000006, 0.12222217, 1.5000001, 0.52222186, 4.6666665, 6.7777777, 4.888889, 2.3333335, 6.3333335, 0.6666667, -7.0, 6.7777777, 0.662037, -0.60486406, positive
228.0, 42.0, 9.0, 0.11111111, 0.0, 2.055556, 1.5551584, 4.333334, 2.2310944, 44.555557, 39.555557, 54.11111, 40.0, -15.0, 28.666666, -13.666667, 54.11111, 0.27157217, -2.120131, negative
127.0, 118.0, 9.0, 0.0, 0.0, 11.555554, 10.22995, 0.8333337, 0.6912154, 34.333332, 30.777779, 41.666668, 30.555555, -10.666667, 22.0, -11.333333, 41.666668, 0.29394883, -2.0776675, negative
196.0, 95.0, 9.0, 0.0, 0.0, 1.722222, 1.1238165, 1.3333335, 1.264911, 7.6296296, 6.7777777, 10.777778, 5.3333335, -2.5555556, 9.444445, -6.888889, 10.777778, 0.51256585, -1.7492584, negative
63.0, 19.0, 9.0, 0.0, 0.0, 2.4444447, 1.1863403, 1.4444447, 0.8861062, 45.185184, 38.0, 58.77778, 38.77778, -21.555555, 40.77778, -19.222221, 58.77778, 0.35522667, -2.1336765, negative
21.0, 123.0, 9.0, 0.0, 0.0, 0.88888836, 0.38518608, 1.0, 0.3555552, 19.296297, 15.666667, 26.333334, 15.888889, -10.888889, 21.11111, -10.222222, 26.333334, 0.4089133, -2.1157336, negative
135.0, 211.0, 9.0, 0.0, 0.0, 1.8888885, 1.3277655, 2.1666663, 1.1498789, 17.962963, 14.444445, 16.333334, 23.11111, -10.555555, -4.888889, 15.444445, 23.11111, 0.37555233, 2.3275452, negative
23.0, 92.0, 9.0, 0.0, 0.11111111, 4.111111, 4.63641, 7.0, 5.688196, 12.666667, 8.777778, 18.666668, 10.555555, -11.666667, 18.0, -6.3333335, 18.666668, 0.56489813, -2.2805607, negative
38.0, 189.0, 9.0, 0.0, 0.0, 1.0000006, 0.22222213, 6.222223, 33.3185, 29.074074, 26.333334, 35.22222, 25.666666, -8.222222, 18.444445, -10.222222, 35.22222, 0.2712077, -2.0491476, negative
39.0, 111.0, 9.0, 0.0, 0.0, 0.72222227, 0.37407416, 0.8888889, 0.4296295, 6.037037, 7.0, 7.6666665, 3.4444444, 2.8888888, 4.888889, -7.7777777, 7.888889, 0.56291884, -1.1757725, positive
23.0, 25.0, 9.0, 0.0, 0.0, 1.1111094, 0.7503052, 0.6111107, 0.64692986, 70.44444, 60.666668, 89.0, 61.666668, -29.333334, 55.666668, -26.333334, 89.0, 0.3181906, -2.1304197, negative
198.0, 183.0, 9.0, 0.0, 0.0, 1.0555547, 1.1816497, 3.3888881, 1.5974506, 54.037037, 48.88889, 66.55556, 46.666668, -15.444445, 37.555557, -22.11111, 66.55556, 0.2986217, -1.9749589, negative
119.0, 85.0, 9.0, 0.0, 0.0, 0.49999872, 0.29999846, 0.88888675, 0.6074093, 101.03704, 88.77778, 122.55556, 91.77778, -36.77778, 64.55556, -27.777779, 122.55556, 0.2754667, -2.186342, negative
216.0, 169.0, 9.0, 0.0, 0.0, 0.8333333, 0.3888888, 1.9444443, 0.41851807, 16.592592, 12.777778, 15.666667, 21.333334, -11.444445, -2.7777777, 14.222222, 21.333334, 0.40075645, 2.44578, negative
20.0, 189.0, 9.0, 0.0, 0.0, 1.7222229, 1.7518526, 2.666667, 3.822227, 34.11111, 30.11111, 42.77778, 29.444445, -12.0, 26.0, -14.0, 42.77778, 0.30988368, -2.0442774, negative
22.0, 87.0, 9.0, 0.0, 0.0, 1.8888899, 1.2590423, 1.1666666, 0.62361073, 64.03704, 55.77778, 80.333336, 56.0, -24.777779, 48.88889, -24.11111, 80.333336, 0.30969977, -2.105073, negative
68.0, 127.0, 9.0, 0.0, 0.0, 1.0555553, 0.97562903, 1.2777777, 0.8277589, 16.37037, 10.888889, 26.444445, 11.777778, -16.444445, 30.222221, -13.777778, 26.444445, 0.6014436, -2.0358076, negative
170.0, 185.0, 9.0, 0.0, 0.0, 0.611111, 0.44305348, 1.4444447, 1.0470417, 10.740741, 8.111112, 9.777778, 14.333333, -7.888889, -2.8888888, 10.777778, 14.333333, 0.4351852, 2.3628104, negative
18.0, 13.0, 9.0, 0.0, 0.0, 0.88889056, 0.20740725, 1.1111145, 0.16296056, 140.25926, 134.33334, 149.11111, 137.33334, -17.777779, 26.555555, -8.777778, 149.11111, 0.099060155, -2.292384, negative
38.0, 202.0, 9.0, 0.0, 0.0, 2.166666, 1.0697863, 8.333334, 2.5121903, 57.333332, 50.22222, 71.55556, 50.22222, -21.333334, 42.666668, -21.333334, 71.55556, 0.30251354, -2.0937457, negative
33.0, 142.0, 9.0, 0.0, 0.0, 1.888889, 1.3770607, 0.88888884, 1.4089661, 3.851852, 1.6666666, 7.2222223, 2.6666667, -6.5555553, 10.111111, -3.5555556, 7.2222223, 0.8135803, -2.2806025, negative
14.0, 146.0, 9.0, 0.11111111, 0.0, 0.888889, 0.4740738, 1.1111112, 0.7407407, 10.592592, 8.0, 15.666667, 8.111112, -7.7777777, 15.222222, -7.4444447, 15.666667, 0.48786426, -2.1089108, negative
83.0, 83.0, 9.0, 0.11111111, 0.0, 0.7777786, 0.7851843, 1.666666, 3.1111119, 49.851852, 46.0, 59.555557, 44.0, -11.555555, 29.11111, -17.555555, 59.555557, 0.26060534, -1.958524, negative
231.0, 13.0, 9.0, 0.0, 0.0, 1.2777761, 0.57413495, 1.0, 1.0540915, 118.666664, 106.55556, 135.77779, 113.666664, -36.333332, 51.333332, -15.0, 135.77779, 0.21508773, -2.3518965, negative
51.0, 115.0, 9.0, 0.0, 0.0, 0.6666667, 0.48888892, 1.388889, 0.6851847, 2.7037036, 0.5555556, 5.6666665, 1.8888888, -6.4444447, 8.888889, -2.4444444, 5.6666665, 0.91798943, -2.3583865, negative
156.0, 49.0, 9.0, 0.0, 0.0, 1.0555547, 0.57413435, 1.2222208, 0.54433155, 38.037037, 35.666668, 44.11111, 34.333336, -7.111111, 18.222221, -11.111111, 44.11111, 0.22118697, -1.949745, negative
112.0, 197.0, 9.0, 0.0, 0.0, 4.2222233, 2.9938211, 4.9444447, 3.1227946, 50.333332, 44.666668, 62.22222, 44.11111, -17.0, 35.666668, -18.666666, 62.22222, 0.29632849, -2.0712209, negative
140.0, 247.0, 9.0, 0.0, 0.0, 2.5000002, 3.1888885, 2.6666667, 3.555555, 8.111111, 6.0, 5.888889, 12.444445, -6.3333335, -6.6666665, 13.0, 12.444445, 0.5634669, 2.1178858, negative
95.0, 47.0, 9.0, 0.0, 0.0, 0.7222201, 0.3296295, 1.4999987, 0.47777686, 107.111115, 93.22222, 128.77779, 99.333336, -41.666668, 65.0, -23.333334, 128.77779, 0.2759571, -2.2710717, negative
241.0, 70.0, 9.0, 0.0, 0.0, 1.0555559, 0.71232605, 4.1111107, 2.7541208, 39.962963, 36.444443, 48.333332, 35.11111, -10.555555, 25.11111, -14.555555, 48.333332, 0.27405116, -1.9904121, negative
185.0, 188.0, 9.0, 0.0, 0.0, 1.7777767, 1.1287484, 1.9999994, 1.2472184, 50.185184, 45.0, 62.11111, 43.444443, -15.555555, 35.77778, -20.222221, 62.11111, 0.3004298, -2.0073802, negative
200.0, 215.0, 9.0, 0.0, 0.0, 1.5555559, 0.95839405, 4.722222, 2.6450515, 23.037037, 17.11111, 22.555555, 29.444445, -17.777779, -1.4444444, 19.222221, 29.444445, 0.42076695, 2.5610487, negative
166.0, 182.0, 9.0, 0.0, 0.0, 3.0555553, 4.213295, 3.9999993, 2.3664315, 58.407406, 52.555557, 72.55556, 50.11111, -17.555555, 42.444443, -24.88889, 72.55556, 0.3112005, -1.9784946, negative
58.0, 122.0, 9.0, 0.0, 0.0, 0.27777782, 0.10740742, 0.55555564, 0.11851851, 5.6296296, 7.0, 6.6666665, 3.2222223, 4.111111, 3.1111112, -7.2222223, 7.2222223, 0.5515873, -0.9647966, positive
249.0, 207.0, 9.0, 0.22222222, 0.0, 2.7222226, 0.9289574, 0.888889, 0.27216536, 12.148149, 9.555555, 10.333334, 16.555555, -7.7777777, -5.4444447, 13.222222, 16.555555, 0.43238926, 2.2172632, negative
78.0, 30.0, 9.0, 0.0, 0.0, 0.6666667, 0.66666555, 0.944444, 0.7722014, 112.96296, 99.333336, 131.11111, 108.44444, -40.88889, 54.444443, -13.555555, 131.11111, 0.24233662, -2.3950639, negative
173.0, 90.0, 9.0, 0.0, 0.0, 0.6666667, 0.2666664, 0.8333327, 0.3444444, 23.518518, 17.333334, 34.444447, 18.777779, -18.555555, 32.77778, -14.222222, 34.444447, 0.4967188, -2.182442, negative
108.0, 212.0, 9.0, 0.0, 0.0, 1.9999999, 1.4222214, 1.5555555, 1.985185, 8.037037, 6.0, 6.7777777, 11.333333, -6.111111, -3.7777777, 9.888889, 11.333333, 0.51339465, 2.2426493, negative
33.0, 117.0, 9.0, 0.0, 0.0, 0.5, 0.12222214, 1.0, 0.31111106, 6.4444447, 7.3333335, 8.222222, 3.7777777, 2.6666667, 5.3333335, -8.0, 8.222222, 0.53858024, -1.2332561, positive
42.0, 244.0, 9.0, 0.11111111, 0.0, 1.111111, 1.4707015, 1.1111112, 1.2590414, 12.814815, 9.555555, 11.666667, 17.222223, -9.777778, -3.4444444, 13.222222, 17.222223, 0.44603544, 2.3917358, negative
80.0, 95.0, 9.0, 0.0, 0.0, 1.2222223, 1.0074079, 0.944444, 0.5518514, 21.407408, 21.333334, 26.666666, 16.222223, -0.22222222, 15.777778, -15.555555, 26.666666, 0.39043593, -1.5673273, positive
148.0, 116.0, 9.0, 0.0, 0.0, 0.4999999, 0.4777777, 1.1666669, 0.6111109, 6.111111, 7.111111, 7.6666665, 3.5555556, 3.0, 4.6666665, -7.6666665, 7.7777777, 0.54473305, -1.1632453, positive
169.0, 104.0, 9.0, 0.0, 0.0, 1.5555555, 1.7722139, 5.611111, 2.2550344, 18.518518, 16.0, 23.333334, 16.222223, -7.5555553, 14.444445, -6.888889, 23.333334, 0.31471258, -2.1139183, negative
186.0, 218.0, 9.0, 0.0, 0.0, 1.1666666, 0.74444425, 1.1666665, 0.65555507, 13.703704, 10.666667, 12.666667, 17.777779, -9.111111, -3.1111112, 12.222222, 17.777779, 0.40134683, 2.3826835, negative
227.0, 44.0, 9.0, 0.11111111, 0.0, 0.55555534, 0.403687, 1.6111094, 0.99814636, 47.814816, 42.88889, 58.0, 42.555557, -14.777778, 30.555555, -15.777778, 58.0, 0.27198678, -2.0704656, negative
81.0, 145.0, 9.0, 0.0, 0.11111111, 4.5555553, 4.5346413, 7.5, 6.1128287, 13.444445, 9.888889, 20.11111, 10.333334, -10.666667, 20.0, -9.333333, 20.11111, 0.53272784, -2.0623195, negative
151.0, 163.0, 9.0, 0.0, 0.0, 2.0555556, 2.2851863, 18.166666, 41.988934, 40.0, 34.555557, 48.0, 37.444443, -16.333334, 24.0, -7.6666665, 48.11111, 0.2638465, -2.5174901, negative
170.0, 189.0, 9.0, 0.0, 0.0, 2.277778, 1.3235757, 2.4444447, 1.7847092, 51.11111, 45.77778, 63.333332, 44.22222, -16.0, 36.666668, -20.666666, 63.333332, 0.30134642, -2.0089307, negative
152.0, 18.0, 9.0, 0.0, 0.0, 0.7777774, 0.4554219, 0.55555725, 0.2721644, 112.111115, 97.22222, 130.44444, 108.666664, -44.666668, 55.0, -10.333333, 130.44444, 0.2546684, -2.45498, negative
208.0, 90.0, 9.0, 0.0, 0.0, 2.8888886, 2.5629659, 0.72222215, 0.06296298, 5.148148, 2.7777777, 10.0, 2.6666667, -7.111111, 14.555555, -7.4444447, 10.0, 0.79721206, -2.073429, negative
23.0, 129.0, 9.0, 0.0, 0.0, 0.5, 0.077777795, 0.38888887, 0.15185186, 0.5185185, 0.0, 1.5555556, 0.0, -1.5555556, 3.1111112, -1.5555556, 1.5555556, 0.7777778, -2.0943952, negative
129.0, 188.0, 9.0, 0.0, 0.0, 3.6666667, 2.0110817, 4.6111107, 2.4075518, 61.074074, 53.77778, 76.0, 53.444443, -21.88889, 44.77778, -22.88889, 76.0, 0.30013013, -2.0790954, negative
164.0, 49.0, 9.0, 0.0, 0.0, 1.1666654, 0.43333474, 1.4999987, 0.30000052, 126.18519, 116.333336, 141.77779, 120.44444, -29.555555, 46.77778, -17.222221, 141.77779, 0.1794131, -2.2637377, negative
154.0, 120.0, 9.0, 0.0, 0.0, 0.44444442, 0.029629596, 0.4444445, 0.11851845, 5.962963, 7.7777777, 6.7777777, 3.3333333, 5.4444447, 2.4444444, -7.888889, 7.7777777, 0.5694444, -0.820403, positive
74.0, 88.0, 9.0, 0.0, 0.0, 0.7222214, 0.32963243, 0.50000125, 0.21111126, 110.59259, 101.55556, 127.55556, 102.666664, -27.11111, 50.88889, -23.777779, 127.55556, 0.2046753, -2.139239, negative
200.0, 147.0, 9.0, 0.0, 0.0, 0.22222222, 0.5443311, 0.4444445, 0.68853045, 0.2962963, 0.22222222, 0.44444445, 0.22222222, -0.22222222, 0.44444445, -0.22222222, 0.44444445, 0.11111111, -2.0943952, negative
253.0, 192.0, 9.0, 0.0, 0.0, 2.1666667, 2.0083156, 2.5555553, 1.5444032, 47.51852, 42.333336, 59.22222, 41.0, -15.555555, 35.11111, -19.555555, 59.22222, 0.3074729, -2.020234, negative
110.0, 196.0, 9.0, 0.0, 0.11111111, 3.666666, 1.8618978, 6.888888, 4.8610306, 52.48148, 46.88889, 65.0, 45.555557, -16.777779, 37.555557, -20.777779, 65.0, 0.29762968, -2.0225987, negative
58.0, 232.0, 9.0, 0.0, 0.0, 2.5000005, 1.4555542, 2.5555556, 0.829629, 14.703704, 11.222222, 13.555555, 19.333334, -10.444445, -3.4444444, 13.888889, 19.333334, 0.42348316, 2.402851, negative
57.0, 89.0, 9.0, 0.0, 0.0, 1.7222222, 1.3066783, 6.1666665, 4.7034264, 17.0, 13.0, 24.555555, 13.444445, -12.0, 22.666666, -10.666667, 24.555555, 0.47748852, -2.1297464, negative
167.0, 190.0, 9.0, 0.0, 0.0, 3.055556, 0.85418355, 5.055556, 2.784215, 51.074074, 44.88889, 63.22222, 45.11111, -18.555555, 36.444443, -17.88889, 63.22222, 0.29895782, -2.1126902, negative
38.0, 134.0, 9.0, 0.0, 0.0, 0.16666667, 0.18257421, 0.33333334, 0.2108186, 1.037037, 0.0, 3.1111112, 0.0, -3.1111112, 6.2222223, -3.1111112, 3.1111112, 1.0, -2.0943952, negative
195.0, 161.0, 9.0, 0.0, 0.0, 2.1111107, 1.8074051, 10.499999, 91.32222, 41.48148, 36.0, 51.11111, 37.333336, -16.444445, 28.88889, -12.444445, 51.22222, 0.29470626, -2.3165061, negative
115.0, 195.0, 9.0, 0.0, 0.0, 3.833334, 2.9571006, 3.9444447, 1.7051116, 57.11111, 51.333332, 70.111115, 49.88889, -17.333334, 39.0, -21.666666, 70.111115, 0.28835976, -2.015595, negative
199.0, 140.0, 9.0, 0.0, 0.0, 0.44444442, 0.25185186, 0.50000006, 0.388889, 6.0, 7.4444447, 6.888889, 3.6666667, 4.3333335, 2.6666667, -7.0, 7.5555553, 0.5138889, -0.91962, positive
85.0, 101.0, 9.0, 0.0, 0.0, 1.3333334, 1.2888881, 1.2777777, 1.2185181, 21.296297, 21.222221, 26.777779, 15.888889, -0.22222222, 16.444445, -16.222221, 26.777779, 0.4047922, -1.5585992, positive
153.0, 78.0, 9.0, 0.0, 0.0, 9.388889, 5.6702604, 2.9444444, 3.517681, 30.296297, 27.11111, 37.444443, 26.333334, -9.555555, 21.444445, -11.888889, 37.444443, 0.30020806, -2.0177794, negative
62.0, 140.0, 9.0, 0.0, 0.0, 2.4444447, 1.0074071, 1.388889, 0.68518525, 23.0, 17.88889, 32.22222, 18.88889, -15.333333, 27.666666, -12.333333, 32.22222, 0.4443531, -2.1672623, negative
208.0, 154.0, 9.0, 0.0, 0.11111111, 11.666667, 125.8667, 0.94444424, 0.68518424, 8.703704, 5.888889, 13.888889, 6.3333335, -8.444445, 15.555555, -7.111111, 13.888889, 0.77151674, -2.0669158, negative
17.0, 108.0, 9.0, 0.0, 0.0, 1.2777778, 0.64693, 1.1666666, 0.91287076, 1.8518518, 0.5555556, 3.3333333, 1.6666666, -3.8888888, 4.4444447, -0.5555556, 3.3333333, 0.8759259, -2.463852, negative
184.0, 197.0, 9.0, 0.0, 0.0, 3.0555553, 3.2551951, 4.5555553, 2.7460418, 11.962963, 8.888889, 9.555555, 17.444445, -9.222222, -7.2222223, 16.444445, 17.444445, 0.51518697, 2.164262, negative
219.0, 134.0, 9.0, 0.0, 0.0, 0.27777788, 0.10740747, 0.6666667, 0.4444444, 4.740741, 6.4444447, 5.2222223, 2.5555556, 5.111111, 1.4444444, -6.5555553, 6.4444447, 0.6037037, -0.7304648, positive
11.0, 62.0, 9.0, 0.0, 0.0, 0.88889056, 0.5018489, 0.72222394, 0.3896814, 66.77778, 57.444443, 84.66667, 58.22222, -28.0, 53.666668, -25.666666, 84.66667, 0.3227603, -2.124459, negative
206.0, 61.0, 9.0, 0.0, 0.0, 0.5555555, 0.40368673, 0.4999999, 0.45946813, 7.0740743, 4.666667, 12.222222, 4.3333335, -7.2222223, 15.444445, -8.222222, 12.222222, 0.64589113, -2.0487173, negative
95.0, 97.0, 9.0, 0.0, 0.0, 0.611111, 0.534027, 0.7777774, 0.45541978, 19.592592, 15.333333, 27.777779, 15.666667, -12.777778, 24.555555, -11.777778, 27.777779, 0.4474942, -2.121346, negative
173.0, 93.0, 9.0, 0.0, 0.0, 0.0, 0.0, 0.0, 0.0, 0.0, 0.0, 0.0, 0.0, 0.0, 0.0, 0.0, 0.0, 0.0, 0.0, negative
4.0, 188.0, 9.0, 0.0, 0.0, 1.5555555, 0.68853056, 2.333333, 0.7601162, 15.740741, 13.333333, 14.0, 19.88889, -7.2222223, -5.2222223, 12.444445, 19.88889, 0.3424082, 2.2046695, negative
238.0, 180.0, 9.0, 0.11111111, 0.0, 0.55555564, 0.34074086, 1.7222222, 1.6629628, 13.592592, 11.111111, 11.888889, 17.777779, -7.4444447, -5.111111, 12.555555, 17.777779, 0.3762527, 2.2128983, negative
34.0, 115.0, 9.0, 0.0, 0.0, 0.5, 0.3888888, 0.7777779, 0.60740745, 6.296296, 7.3333335, 7.888889, 3.6666667, 3.1111112, 4.7777777, -7.888889, 8.0, 0.5418871, -1.175454, positive
185.0, 84.0, 9.0, 0.0, 0.0, 0.61111134, 0.49065334, 0.49999937, 0.4594679, 23.25926, 18.666668, 31.333334, 19.777779, -13.777778, 24.222221, -10.444445, 31.333334, 0.40409946, -2.1848617, negative
121.0, 107.0, 9.0, 0.0, 0.0, 1.5555553, 0.8740748, 13.166667, 5.5888996, 54.0, 49.444443, 64.44444, 48.11111, -13.666667, 31.333334, -17.666666, 64.44444, 0.25266927, -2.0036066, negative
117.0, 110.0, 9.0, 0.0, 0.0, 2.3333333, 2.9059324, 2.277777, 1.9022408, 17.222221, 9.222222, 29.0, 13.444445, -24.0, 35.333332, -11.333333, 29.0, 0.6807869, -2.321226, negative
225.0, 181.0, 9.0, 0.0, 0.0, 1.1666666, 0.86281204, 1.8333327, 1.3291602, 55.333332, 49.0, 68.77778, 48.22222, -19.0, 40.333332, -21.333334, 68.77778, 0.30000642, -2.0531886, negative
84.0, 86.0, 9.0, 0.0, 0.0, 0.8333346, 0.6912141, 1.1666692, 0.69121444, 105.77778, 92.888885, 124.111115, 100.333336, -38.666668, 55.0, -16.333334, 124.111115, 0.25155202, -2.3437886, negative
115.0, 39.0, 9.0, 0.0, 0.0, 0.7222226, 0.06296253, 1.2222176, 0.47407454, 127.07407, 116.333336, 142.44444, 122.44444, -32.22222, 46.11111, -13.888889, 142.44444, 0.18324198, -2.3360245, negative
80.0, 116.0, 9.0, 0.0, 0.0, 1.5, 1.6333328, 1.5555557, 0.87407404, 21.703703, 21.222221, 27.555555, 16.333334, -1.4444444, 17.555555, -16.11111, 27.555555, 0.40736422, -1.6322426, positive
237.0, 137.0, 9.0, 0.0, 0.0, 0.38888887, 0.1074074, 0.33333334, 0.04444445, 0.6666667, 0.0, 2.0, 0.0, -2.0, 4.0, -2.0, 2.0, 1.0, -2.0943952, negative
188.0, 88.0, 9.0, 0.0, 0.0, 0.6666667, 0.4714045, 0.33333325, 0.29814243, 7.3333335, 5.111111, 12.222222, 4.666667, -6.6666665, 14.666667, -8.0, 12.222222, 0.61790985, -2.0357685, negative
86.0, 20.0, 9.0, 0.0, 0.0, 0.94444656, 1.0201677, 1.9444441, 1.0628412, 65.18519, 56.444443, 81.66667, 57.444443, -26.222221, 49.444443, -23.222221, 81.66667, 0.30955637, -2.1330314, negative
6.0, 90.0, 9.0, 0.0, 0.0, 1.9444447, 0.5962962, 1.3333336, 1.8222237, 18.11111, 18.777779, 22.11111, 13.444445, 2.0, 12.0, -14.0, 22.11111, 0.38846022, -1.4258847, positive
67.0, 118.0, 9.0, 0.0, 0.0, 1.111111, 0.38518602, 2.2777777, 4.2851844, 21.11111, 20.222221, 27.333334, 15.777778, -2.6666667, 18.666666, -16.0, 27.333334, 0.41688403, -1.620749, positive
25.0, 208.0, 9.0, 0.0, 0.0, 5.7222233, 4.841564, 6.3333344, 3.5527778, 55.62963, 48.22222, 70.333336, 48.333332, -22.222221, 44.11111, -21.88889, 70.333336, 0.32059526, -2.0945847, negative
142.0, 208.0, 9.0, 0.0, 0.0, 1.9444442, 2.6407385, 2.4999995, 1.3222219, 18.555555, 15.444445, 14.888889, 25.333334, -9.333333, -11.0, 20.333334, 25.333334, 0.4408947, 2.1022124, negative
28.0, 188.0, 9.0, 0.0, 0.0, 1.4444441, 1.4962955, 5.111111, 19.007412, 29.962963, 26.88889, 36.444443, 26.555555, -9.222222, 19.444445, -10.222222, 36.444443, 0.2758629, -2.083566, negative
59.0, 96.0, 9.0, 0.0, 0.0, 0.6111107, 0.4185212, 0.61111194, 0.24074087, 111.59259, 103.44444, 128.11111, 103.22222, -24.444445, 49.555557, -25.11111, 128.11111, 0.19773355, -2.0859544, negative
170.0, 113.0, 9.0, 0.0, 0.0, 2.833333, 0.62360847, 1.222222, 0.68853045, 28.333334, 24.333334, 34.88889, 25.777779, -12.0, 19.666666, -7.6666665, 34.88889, 0.30207062, -2.2362506, negative
108.0, 144.0, 9.0, 0.0, 0.0, 0.38888893, 0.15185183, 0.22222222, 0.07407406, 0.962963, 0.0, 2.8888888, 0.0, -2.8888888, 5.7777777, -2.8888888, 2.8888888, 1.0, -2.0943952, negative
180.0, 116.0, 9.0, 0.0, 0.0, 2.9444456, 1.611303, 1.333333, 0.81649673, 33.185184, 29.11111, 41.666668, 28.777779, -12.222222, 25.444445, -13.222222, 41.666668, 0.30946052, -2.068113, negative
252.0, 195.0, 9.0, 0.0, 0.0, 2.6111119, 2.091428, 3.722222, 2.2052138, 47.666668, 42.444443, 58.77778, 41.77778, -15.666667, 33.333332, -17.666666, 58.77778, 0.28878826, -2.0516715, negative
229.0, 24.0, 9.0, 0.0, 0.0, 1.777778, 1.1088876, 1.2222233, 1.0470423, 49.185184, 42.333336, 61.22222, 44.0, -20.555555, 36.11111, -15.555555, 61.22222, 0.3086199, -2.1867971, negative
159.0, 116.0, 9.0, 0.11111111, 0.0, 0.4444437, 0.34426528, 2.0555553, 1.1038655, 29.814816, 25.666666, 37.11111, 26.666666, -12.444445, 21.88889, -9.444445, 37.11111, 0.31028613, -2.1775072, negative
31.0, 42.0, 9.0, 0.11111111, 0.0, 1.2777773, 0.68518394, 0.944444, 0.7740725, 127.03704, 117.0, 141.77779, 122.333336, -30.11111, 44.22222, -14.111111, 141.77779, 0.17463355, -2.3144195, negative
103.0, 125.0, 9.0, 0.0, 0.0, 0.9444445, 0.82775915, 0.83333343, 0.6912146, 1.7777778, 0.44444445, 3.8888888, 1.0, -4.0, 6.3333335, -2.3333333, 3.8888888, 0.9238095, -2.2375617, negative
208.0, 65.0, 9.0, 0.0, 0.0, 1.3888874, 1.2367799, 26.444445, 25.537477, 56.703705, 52.666668, 64.44444, 53.0, -12.111111, 23.222221, -11.111111, 64.44444, 0.19713038, -1.9708116, negative
217.0, 208.0, 9.0, 0.0, 0.0, 2.5000002, 2.1666656, 2.6666667, 2.4444458, 16.074074, 12.666667, 14.444445, 21.11111, -10.222222, -4.888889, 15.111111, 21.11111, 0.40212956, 2.3109324, negative
67.0, 71.0, 9.0, 0.0, 0.0, 1.6666666, 0.8888911, 1.4999987, 0.29999846, 125.96296, 115.55556, 140.88889, 121.44444, -31.222221, 44.77778, -13.555555, 140.88889, 0.17967218, -2.339758, negative
81.0, 122.0, 9.0, 0.0, 0.11111111, 7.388889, 64.95186, 4.8333335, 42.255566, 6.6296296, 3.3333333, 11.333333, 5.2222223, -9.888889, 14.111111, -4.2222223, 11.333333, 0.8093314, -2.3490174, negative
102.0, 50.0, 9.0, 0.0, 0.0, 1.611112, 1.0628405, 1.333334, 0.8692274, 60.851852, 53.0, 75.77778, 53.77778, -23.555555, 44.77778, -21.222221, 75.77778, 0.30477422, -2.1294794, negative
92.0, 89.0, 9.0, 0.0, 0.0, 1.9999994, 1.2649107, 1.2222214, 0.95839226, 58.925926, 51.0, 74.44444, 51.333332, -23.777779, 46.555557, -22.777779, 74.44444, 0.31787068, -2.1087568, negative
189.0, 39.0, 9.0, 0.0, 0.0, 1.0555547, 0.57413566, 0.77777606, 0.58372843, 124.18519, 113.888885, 140.33334, 118.333336, -30.88889, 48.444443, -17.555555, 140.33334, 0.18839076, -2.268113, negative
147.0, 193.0, 9.0, 0.0, 0.0, 6.6111126, 3.6050377, 7.055556, 5.4095254, 51.74074, 46.555557, 63.0, 45.666668, -15.555555, 33.77778, -18.222221, 63.0, 0.27526647, -2.0801742, negative
32.0, 240.0, 9.0, 0.0, 0.0, 1.2777776, 1.540803, 2.2777777, 1.7051125, 12.148149, 9.777778, 9.333334, 17.333334, -7.111111, -8.444445, 15.555555, 17.333334, 0.47067475, 2.0438652, negative
112.0, 114.0, 9.0, 0.0, 0.0, 0.7222224, 0.06296291, 0.6666668, 0.0444444, 5.259259, 6.5555553, 6.111111, 3.1111112, 3.8888888, 2.5555556, -6.4444447, 6.6666665, 0.5343915, -0.9106101, positive
242.0, 89.0, 9.0, 0.0, 0.0, 0.5, 0.47777787, 0.9444445, 0.5518519, 1.8148148, 0.7777778, 4.111111, 0.5555556, -3.1111112, 6.888889, -3.7777777, 4.111111, 0.8962963, -2.0422592, negative
33.0, 149.0, 9.0, 0.0, 0.0, 0.5555556, 0.25185165, 0.72222227, 0.15185171, 5.4444447, 4.111111, 8.666667, 3.5555556, -4.0, 9.666667, -5.6666665, 8.666667, 0.5783389, -1.9857028, positive
173.0, 67.0, 9.0, 0.0, 0.0, 1.1111112, 1.2412658, 0.22222225, 0.34426522, 0.7407407, 0.7777778, 1.1111112, 0.33333334, 0.11111111, 1.1111112, -1.2222222, 1.1111112, 0.23148148, -1.5126845, negative
250.0, 87.0, 9.0, 0.0, 0.0, 0.72222203, 0.24074072, 0.61111087, 0.37407398, 11.148149, 6.6666665, 19.555555, 7.2222223, -13.444445, 25.222221, -11.777778, 19.555555, 0.6593289, -2.1386166, negative
44.0, 187.0, 9.0, 0.0, 0.0, 1.4444448, 0.3442649, 0.8333335, 1.0274024, 15.222222, 13.222222, 12.777778, 19.666668, -6.0, -7.3333335, 13.333333, 19.666668, 0.35552603, 2.038483, negative
138.0, 116.0, 9.0, 0.0, 0.0, 0.6111111, 0.15185188, 0.4444445, 0.20740739, 6.4814816, 7.5555553, 8.222222, 3.6666667, 3.2222223, 5.2222223, -8.444445, 8.333334, 0.5591711, -1.1910701, positive
58.0, 25.0, 9.0, 0.0, 0.0, 0.7777799, 0.50184816, 0.3888893, 0.3277306, 112.22222, 97.77778, 131.33334, 107.55556, -43.333332, 57.333332, -14.0, 131.33334, 0.25541002, -2.3968942, negative
57.0, 177.0, 9.0, 0.0, 0.0, 0.94444495, 0.55185163, 1.4444443, 1.71852, 19.592592, 15.777778, 18.444445, 24.555555, -11.444445, -3.4444444, 14.888889, 24.555555, 0.3589904, 2.413262, negative
63.0, 179.0, 9.0, 0.0, 0.0, 0.6666668, 0.22222233, 1.5555557, 0.5629631, 11.814815, 9.777778, 9.444445, 16.222223, -6.111111, -7.111111, 13.222222, 16.222223, 0.41976216, 2.04457, negative
12.0, 154.0, 9.0, 0.0, 0.0, 3.222222, 3.0518484, 2.3333333, 3.200002, 19.703703, 14.888889, 28.555555, 15.666667, -14.444445, 26.555555, -12.111111, 28.555555, 0.47971532, -2.1425292, negative
170.0, 62.0, 9.0, 0.0, 0.0, 0.0, 0.0, 0.0, 0.0, 0.0, 0.0, 0.0, 0.0, 0.0, 0.0, 0.0, 0.0, 0.0, 0.0, negative
214.0, 161.0, 9.0, 0.0, 0.0, 3.7222223, 0.72963357, 11.5, 18.922234, 40.444443, 35.333336, 49.666668, 36.333336, -15.333333, 27.666666, -12.333333, 49.666668, 0.29805613, -2.198939, negative
252.0, 201.0, 9.0, 0.0, 0.0, 4.6111107, 5.495115, 5.5555553, 5.795274, 40.296295, 35.77778, 49.0, 36.11111, -13.555555, 26.11111, -12.555555, 49.0, 0.2753682, -2.1758256, negative
79.0, 57.0, 9.0, 0.0, 0.0, 1.7222223, 1.6185173, 1.9444447, 1.9740733, 26.814816, 24.0, 36.22222, 20.222221, -8.444445, 28.222221, -19.777779, 36.22222, 0.44050935, -1.8376745, positive
152.0, 199.0, 9.0, 0.0, 0.0, 1.111111, 0.5185188, 0.8333337, 0.2555551, 17.962963, 15.222222, 15.444445, 23.222221, -8.222222, -7.5555553, 15.777778, 23.222221, 0.34806257, 2.129513, negative
172.0, 140.0, 9.0, 0.0, 0.0, 3.0, 0.42163622, 0.6666666, 0.42163697, 3.2222223, 2.6666667, 5.0, 2.0, -1.6666666, 5.3333335, -3.6666667, 5.0, 0.65608466, -1.8531612, negative
168.0, 209.0, 9.0, 0.0, 0.0, 1.3333334, 0.6666665, 0.7222217, 0.7123257, 22.518518, 17.666668, 20.88889, 29.0, -14.555555, -4.888889, 19.444445, 29.0, 0.39033788, 2.3893912, negative
69.0, 17.0, 9.0, 0.0, 0.0, 0.61111194, 0.10740544, 0.6666667, 0.3111077, 130.2963, 120.77778, 143.88889, 126.22222, -28.555555, 40.77778, -12.222222, 143.88889, 0.1606036, -2.3394933, negative
5.0, 118.0, 9.0, 0.0, 0.0, 0.22222222, 0.07407408, 0.33333334, 0.0888889, 0.9259259, 0.0, 2.5555556, 0.22222222, -2.7777777, 4.888889, -2.1111112, 2.5555556, 1.0, -2.1712801, negative
76.0, 200.0, 9.0, 0.0, 0.0, 2.7777786, 0.77936363, 4.3333325, 2.8828998, 56.37037, 50.444443, 69.66667, 49.0, -17.777779, 39.88889, -22.11111, 69.66667, 0.29683578, -2.0211716, negative
17.0, 94.0, 9.0, 0.0, 0.0, 1.7222223, 3.174073, 1.0555557, 0.9518536, 20.037037, 15.777778, 28.666666, 15.666667, -12.777778, 25.88889, -13.111111, 28.666666, 0.45777184, -2.0842547, negative
34.0, 137.0, 9.0, 0.0, 0.0, 0.5000002, 0.16666673, 1.111111, 0.47407418, 5.851852, 7.7777777, 6.4444447, 3.3333333, 5.7777777, 1.7777778, -7.5555553, 7.7777777, 0.57363313, -0.74427164, positive
49.0, 112.0, 9.0, 0.11111111, 0.0, 1.3333334, 1.3777776, 1.5555555, 1.7185184, 3.8148148, 1.1111112, 7.2222223, 3.1111112, -8.111111, 10.222222, -2.1111112, 7.2222223, 0.86766475, -2.4357176, negative
227.0, 69.0, 9.0, 0.0, 0.0, 3.6111114, 45.929623, 4.333333, 36.400005, 11.074074, 6.888889, 16.0, 10.333334, -12.555555, 14.777778, -2.2222223, 16.0, 0.6042809, -2.4818742, negative
40.0, 85.0, 9.0, 0.11111111, 0.0, 1.111111, 0.5185188, 2.5000007, 0.6555552, 21.11111, 20.777779, 27.11111, 15.444445, -1.0, 18.0, -17.0, 27.11111, 0.42873532, -1.6039575, positive
33.0, 131.0, 9.0, 0.0, 0.0, 0.44444445, 0.80737346, 1.0, 1.0954453, 0.7407407, 0.22222222, 1.7777778, 0.22222222, -1.5555556, 3.1111112, -1.5555556, 1.7777778, 0.4074074, -2.0943952, negative
187.0, 36.0, 9.0, 0.0, 0.0, 0.38888884, 0.2509243, 0.4999999, 0.2788868, 7.5185184, 4.7777777, 13.0, 4.7777777, -8.222222, 16.444445, -8.222222, 13.0, 0.6486569, -2.0972927, negative
140.0, 73.0, 9.0, 0.0, 0.0, 1.7222214, 0.8277598, 0.7777774, 1.0036957, 46.296295, 45.666668, 51.11111, 42.11111, -1.8888888, 14.444445, -12.555555, 51.11111, 0.1761556, -1.6815889, negative
187.0, 80.0, 9.0, 0.0, 0.0, 1.3333327, 0.7111114, 1.3333334, 0.7111086, 40.51852, 37.77778, 47.666668, 36.11111, -8.222222, 21.444445, -13.222222, 47.666668, 0.24472968, -1.942698, negative
205.0, 190.0, 9.0, 0.0, 0.0, 1.2777773, 0.9981452, 1.6111107, 1.1238158, 49.48148, 44.77778, 60.666668, 43.0, -14.111111, 33.555557, -19.444445, 60.666668, 0.29078844, -1.9875989, negative
227.0, 222.0, 9.0, 0.0, 0.0, 2.111111, 2.6074066, 2.6111114, 7.26296, 9.333333, 8.555555, 7.6666665, 11.777778, -2.3333333, -5.0, 7.3333335, 11.777778, 0.37369296, 1.9050448, negative
57.0, 89.0, 9.0, 0.0, 0.0, 1.7222222, 1.3066783, 6.1666665, 4.7034264, 17.0, 13.0, 24.555555, 13.444445, -12.0, 22.666666, -10.666667, 24.555555, 0.47748852, -2.1297464, negative
60.0, 116.0, 9.0, 0.0, 0.0, 0.7222226, 0.38968164, 0.7777774, 0.34426582, 23.407408, 19.333334, 31.444445, 19.444445, -12.222222, 24.11111, -11.888889, 31.444445, 0.39214933, -2.1049783, negative
134.0, 187.0, 9.0, 0.0, 0.0, 1.8888887, 1.5153537, 2.1111114, 1.7847083, 59.37037, 52.666668, 74.111115, 51.333332, -20.11111, 44.22222, -24.11111, 74.111115, 0.30745777, -2.03348, negative
8.0, 39.0, 9.0, 0.11111111, 0.0, 1.3888906, 1.129629, 1.8333334, 0.699999, 113.37037, 102.55556, 132.0, 105.55556, -32.444443, 55.88889, -23.444445, 132.0, 0.22295359, -2.1981578, negative
69.0, 74.0, 9.0, 0.22222222, 0.0, 3.8888886, 9.940739, 2.166667, 2.4777777, 23.592592, 22.555555, 30.555555, 17.666668, -3.1111112, 20.88889, -17.777779, 30.555555, 0.4202516, -1.6665796, positive
170.0, 121.0, 9.0, 0.0, 0.0, 2.166667, 1.8348485, 2.7222223, 1.9254632, 32.37037, 28.666666, 40.555557, 27.88889, -11.111111, 24.555555, -13.444445, 40.555557, 0.3134271, -2.0242684, negative
91.0, 54.0, 9.0, 0.0, 0.0, 0.8333333, 0.4082483, 0.8333346, 0.6582833, 110.0, 97.888885, 127.111115, 105.0, -36.333332, 51.333332, -15.0, 127.111115, 0.22967392, -2.345744, negative
14.0, 136.0, 9.0, 0.0, 0.0, 0.0, 0.0, 0.0, 0.0, 0.0, 0.0, 0.0, 0.0, 0.0, 0.0, 0.0, 0.0, 0.0, 0.0, negative
140.0, 19.0, 9.0, 0.11111111, 0.0, 1.0555534, 0.5518513, 1.888888, 1.9851776, 110.296295, 97.666664, 130.22223, 103.0, -37.88889, 59.77778, -21.88889, 130.22223, 0.2498948, -2.264331, negative
1.0, 45.0, 9.0, 0.0, 0.0, 0.88889056, 0.45542085, 1.1111132, 0.45541877, 122.85185, 110.55556, 140.0, 118.0, -36.88889, 51.444443, -14.555555, 140.0, 0.21017425, -2.3593597, negative
31.0, 96.0, 9.0, 0.0, 0.0, 2.3333333, 3.6, 2.7777777, 6.162962, 3.7777777, 1.0, 8.0, 2.3333335, -8.333333, 12.666667, -4.3333335, 8.0, 0.90923554, -2.268209, negative
67.0, 61.0, 9.0, 0.0, 0.0, 1.0555557, 0.50740737, 0.8333333, 0.38888904, 23.74074, 22.666666, 30.666666, 17.88889, -3.2222223, 20.777779, -17.555555, 30.666666, 0.41575083, -1.7009131, positive
226.0, 144.0, 9.0, 0.0, 0.0, 0.0, 0.0, 0.0, 0.0, 0.0, 0.0, 0.0, 0.0, 0.0, 0.0, 0.0, 0.0, 0.0, 0.0, negative
27.0, 189.0, 9.0, 0.0, 0.0, 0.9999997, 0.31111082, 2.6111114, 2.5074077, 32.77778, 29.0, 40.666668, 28.666666, -11.333333, 23.666666, -12.333333, 40.666668, 0.29784104, -2.0642734, negative
154.0, 249.0, 9.0, 0.0, 0.0, 3.5, 2.306994, 4.5555553, 3.5381527, 18.0, 14.666667, 15.666667, 23.666666, -10.0, -7.0, 17.0, 23.666666, 0.39839673, 2.214996, negative
231.0, 160.0, 9.0, 0.0, 0.0, 2.611111, 8.240739, 13.166667, 139.85553, 40.88889, 34.11111, 51.77778, 36.77778, -20.333334, 32.666668, -12.333333, 51.77778, 0.33961803, -2.335837, negative
128.0, 15.0, 9.0, 0.0, 0.0, 0.7777799, 0.27216768, 0.555556, 0.6206318, 129.25926, 118.333336, 144.0, 125.44444, -32.77778, 44.22222, -11.444445, 144.0, 0.17818023, -2.3824396, negative
184.0, 44.0, 9.0, 0.0, 0.0, 0.50000125, 0.12222207, 1.0, 0.7555569, 99.0, 85.0, 121.44444, 90.55556, -42.0, 67.333336, -25.333334, 121.44444, 0.30001867, -2.2545414, negative
18.0, 90.0, 9.0, 0.0, 0.0, 1.0555555, 0.37407416, 0.6666667, 0.22222227, 2.8148148, 0.5555556, 6.888889, 1.0, -6.7777777, 12.222222, -5.4444447, 6.888889, 0.9261464, -2.1643226, negative
5.0, 92.0, 9.0, 0.0, 0.0, 1.3333335, 0.48888856, 2.1666667, 1.2777781, 18.703703, 18.777779, 23.777779, 13.555555, 0.22222222, 15.222222, -15.444445, 23.777779, 0.4288601, -1.5482956, positive
151.0, 143.0, 9.0, 0.0, 0.0, 0.3888887, 0.06296294, 0.4999999, 0.0333333, 5.6666665, 7.5555553, 6.4444447, 3.0, 5.6666665, 2.3333333, -8.0, 7.5555553, 0.60119045, -0.79691786, positive
51.0, 111.0, 9.0, 0.0, 0.0, 16.222223, 16.443394, 0.44444498, 0.34426522, 34.11111, 30.333334, 42.22222, 29.777779, -11.333333, 24.333334, -13.0, 42.22222, 0.29035455, -2.0057423, negative
80.0, 184.0, 9.0, 0.0, 0.0, 3.444444, 11.851854, 4.166667, 5.8555503, 17.62963, 13.555555, 17.11111, 22.222221, -12.222222, -1.5555556, 13.777778, 22.222221, 0.39835298, 2.524273, negative
187.0, 86.0, 9.0, 0.0, 0.0, 1.0555556, 1.0628402, 3.0555553, 2.5422366, 6.703704, 4.666667, 10.888889, 4.5555553, -6.111111, 12.555555, -6.4444447, 10.888889, 0.5942257, -2.0544748, negative
63.0, 33.0, 9.0, 0.0, 0.0, 0.6111107, 0.32962793, 0.7222214, 0.062962785, 111.333336, 97.77778, 132.0, 104.22222, -40.666668, 62.0, -21.333334, 132.0, 0.25913006, -2.2904212, negative
224.0, 190.0, 9.0, 0.0, 0.0, 2.8888886, 2.1361103, 3.0000007, 1.8499246, 47.48148, 42.444443, 58.666668, 41.333336, -15.111111, 33.555557, -18.444445, 58.666668, 0.2956214, -2.025942, negative
116.0, 192.0, 9.0, 0.11111111, 0.0, 6.055556, 2.8238401, 4.3333335, 3.062316, 57.074074, 50.333332, 72.111115, 48.77778, -20.222221, 45.11111, -24.88889, 72.111115, 0.32401717, -2.024748, negative
42.0, 57.0, 9.0, 0.0, 0.0, 1.3888906, 0.97562754, 0.99999875, 0.36514837, 65.703705, 59.444443, 79.44444, 58.22222, -18.777779, 41.22222, -22.444445, 79.44444, 0.26677614, -2.0307028, negative
86.0, 136.0, 9.0, 0.0, 0.0, 3.888889, 4.193469, 2.111111, 2.3913426, 12.185185, 6.6666665, 20.88889, 9.0, -16.555555, 26.11111, -9.555555, 20.88889, 0.6957549, -2.268991, negative
22.0, 60.0, 9.0, 0.0, 0.0, 0.5, 0.30000025, 1.2777777, 0.7296294, 19.925926, 19.333334, 25.777779, 14.666667, -1.7777778, 17.555555, -15.777778, 25.777779, 0.43048432, -1.650048, positive
37.0, 25.0, 9.0, 0.0, 0.0, 1.3333321, 0.73029673, 0.9999962, 0.76011676, 126.03704, 114.333336, 142.22223, 121.55556, -35.11111, 48.555557, -13.444445, 142.22223, 0.19609308, -2.36518, negative
37.0, 165.0, 9.0, 0.0, 0.0, 2.388889, 8.1074, 16.444445, 23.89629, 35.814816, 30.777779, 42.88889, 33.77778, -15.111111, 21.222221, -6.111111, 42.88889, 0.2736466, -2.470153, negative
134.0, 187.0, 9.0, 0.0, 0.0, 1.8888887, 1.5153537, 2.1111114, 1.7847083, 59.37037, 52.666668, 74.111115, 51.333332, -20.11111, 44.22222, -24.11111, 74.111115, 0.30745777, -2.03348, negative
105.0, 193.0, 9.0, 0.0, 0.0, 3.222222, 1.9051597, 2.8888893, 2.1773255, 60.11111, 53.11111, 75.111115, 52.11111, -21.0, 45.0, -24.0, 75.111115, 0.30846536, -2.047766, negative
171.0, 15.0, 9.0, 0.0, 0.0, 0.66666794, 0.55777216, 0.66666794, 0.6992054, 113.74074, 100.111115, 132.0, 109.111115, -40.88889, 54.77778, -13.888889, 132.0, 0.24157602, -2.3890254, negative
238.0, 211.0, 9.0, 0.11111111, 0.0, 1.0555559, 0.49065375, 1.6111113, 1.2546215, 20.518518, 16.11111, 19.222221, 26.222221, -13.222222, -3.8888888, 17.11111, 26.222221, 0.38528243, 2.4163542, negative
168.0, 77.0, 9.0, 0.0, 0.0, 0.88888866, 1.2740752, 1.5555553, 1.5851847, 59.555557, 54.22222, 71.333336, 53.11111, -16.0, 35.333332, -19.333334, 71.333336, 0.25532874, -2.030875, negative
122.0, 11.0, 9.0, 0.0, 0.0, 1.0, 0.31111577, 2.8888905, 5.051852, 143.44444, 136.88889, 150.88889, 142.55556, -19.666666, 22.333334, -2.6666667, 150.88889, 0.09277301, -2.5216477, negative
212.0, 235.0, 9.0, 0.0, 0.0, 1.4444447, 1.4555132, 1.944445, 2.2648687, 25.88889, 21.11111, 24.0, 32.555557, -14.333333, -5.6666665, 20.0, 32.555557, 0.35188085, 2.3560238, negative
241.0, 218.0, 9.0, 0.0, 0.0, 1.7777777, 3.4962964, 1.6666664, 1.0222222, 8.444445, 5.4444447, 7.3333335, 12.555555, -9.0, -3.3333333, 12.333333, 12.555555, 0.5692659, 2.361442, negative
68.0, 107.0, 9.0, 0.11111111, 0.0, 1.111111, 3.1407404, 1.111111, 2.5629632, 1.7777778, 0.22222222, 4.5555553, 0.5555556, -4.6666665, 8.333333, -3.6666667, 4.5555553, 0.9814815, -2.146531, negative
36.0, 207.0, 9.0, 0.0, 0.0, 2.722222, 3.1792145, 6.444444, 2.8021147, 56.814816, 50.444443, 70.111115, 49.88889, -19.11111, 39.88889, -20.777779, 70.111115, 0.2906682, -2.0627244, negative
116.0, 238.0, 9.0, 0.0, 0.0, 1.1666665, 0.87777746, 1.0555556, 2.2851841, 8.518518, 7.4444447, 5.6666665, 12.444445, -3.2222223, -8.555555, 11.777778, 12.444445, 0.54054004, 1.8447257, negative
104.0, 103.0, 9.0, 0.11111111, 0.0, 0.94444466, 0.5340273, 0.6666673, 0.59628505, 58.88889, 52.22222, 72.66667, 51.77778, -20.0, 41.333332, -21.333334, 72.66667, 0.28739437, -2.0711336, negative
92.0, 121.0, 9.0, 0.0, 0.0, 1.4444445, 1.8216802, 2.0555556, 2.0593057, 14.962963, 9.555555, 23.444445, 11.888889, -16.222221, 25.444445, -9.222222, 23.444445, 0.5964221, -2.2353554, negative
178.0, 185.0, 9.0, 0.0, 0.0, 2.6111119, 1.8063676, 3.1111114, 2.2771008, 49.037037, 44.0, 60.666668, 42.444443, -15.111111, 34.88889, -19.777779, 60.666668, 0.30003616, -2.006186, negative
39.0, 77.0, 9.0, 0.11111111, 0.0, 1.8333334, 1.811111, 2.388889, 0.7740743, 7.703704, 3.2222223, 13.111111, 6.7777777, -13.444445, 16.222221, -2.7777777, 13.111111, 0.7620489, -2.4674928, negative
167.0, 189.0, 9.0, 0.0, 0.0, 3.7777774, 2.2377224, 3.7777774, 1.544405, 58.407406, 51.333332, 72.44444, 51.444443, -21.222221, 42.11111, -20.88889, 72.44444, 0.29552308, -2.1013258, negative
139.0, 109.0, 9.0, 0.0, 0.0, 0.88888866, 0.8344436, 0.277778, 0.38968176, 29.407408, 24.777779, 37.11111, 26.333334, -13.888889, 23.11111, -9.222222, 37.11111, 0.33195418, -2.226161, negative
89.0, 107.0, 9.0, 0.11111111, 0.0, 1.4444445, 1.940741, 1.8888894, 2.740741, 18.88889, 19.88889, 22.88889, 13.888889, 3.0, 12.0, -15.0, 23.0, 0.39465594, -1.3578709, positive
3.0, 106.0, 9.0, 0.0, 0.0, 0.22222222, 0.17213261, 0.11111111, 0.17213261, 0.5555556, 0.0, 1.6666666, 0.0, -1.6666666, 3.3333333, -1.6666666, 1.6666666, 1.0, -2.0943952, negative
89.0, 89.0, 9.0, 0.0, 0.0, 1.722222, 2.9074073, 2.9444447, 4.862958, 21.88889, 21.333334, 27.777779, 16.555555, -1.6666666, 17.666666, -16.0, 27.777779, 0.4004446, -1.6113652, positive
16.0, 51.0, 9.0, 0.0, 0.0, 0.7222226, 0.44305405, 0.8333346, 0.7226493, 122.96296, 110.666664, 140.77779, 117.44444, -36.88889, 53.444443, -16.555555, 140.77779, 0.21381323, -2.3304648, negative
29.0, 111.0, 9.0, 0.0, 0.0, 0.38888884, 0.24074061, 0.6111111, 0.15185188, 5.4074073, 6.888889, 6.3333335, 3.0, 4.4444447, 2.7777777, -7.2222223, 6.888889, 0.56415343, -0.89785874, positive
158.0, 195.0, 9.0, 0.0, 0.0, 2.4444442, 2.3444183, 2.8333333, 1.7224011, 11.703704, 9.444445, 8.555555, 17.11111, -6.7777777, -9.444445, 16.222221, 17.11111, 0.5177167, 2.011228, negative
74.0, 129.0, 9.0, 0.0, 0.0, 0.22222222, 0.029629637, 0.11111111, 0.029629635, 0.5185185, 0.0, 1.5555556, 0.0, -1.5555556, 3.1111112, -1.5555556, 1.5555556, 1.0, -2.0943952, negative
214.0, 194.0, 9.0, 0.0, 0.0, 1.222222, 1.0255985, 3.2222226, 1.6953099, 45.074074, 40.22222, 55.444443, 39.555557, -14.555555, 31.11111, -16.555555, 55.444443, 0.29197225, -2.0469983, negative
205.0, 204.0, 9.0, 0.0, 0.0, 1.555555, 0.9583939, 1.8888887, 1.7722135, 19.0, 14.333333, 17.11111, 25.555555, -14.0, -5.6666665, 19.666666, 25.555555, 0.43934208, 2.3487284, negative
59.0, 99.0, 9.0, 0.0, 0.0, 0.77777785, 0.8296297, 0.99999994, 0.3555556, 2.0370371, 0.11111111, 5.5555553, 0.44444445, -5.7777777, 10.555555, -4.7777777, 5.5555553, 0.9861111, -2.149743, negative
117.0, 246.0, 9.0, 0.0, 0.0, 2.277778, 5.6185174, 2.6666665, 5.866666, 15.444445, 12.0, 14.333333, 20.0, -10.333333, -3.3333333, 13.666667, 20.0, 0.3959547, 2.395692, negative
188.0, 35.0, 9.0, 0.0, 0.0, 1.2222227, 1.0518501, 1.1111132, 0.56296283, 124.55556, 114.44444, 140.11111, 119.111115, -30.333334, 46.666668, -16.333334, 140.11111, 0.183109, -2.2829227, negative
145.0, 34.0, 9.0, 0.11111111, 0.0, 0.55555725, 0.34074122, 1.8888906, 1.1407446, 137.03703, 131.44444, 146.66667, 133.0, -16.777779, 28.88889, -12.111111, 146.66667, 0.1045387, -2.2000005, negative
33.0, 94.0, 9.0, 0.0, 0.0, 1.3333336, 0.21081811, 2.5555556, 1.6420401, 5.888889, 3.2222223, 7.7777777, 6.6666665, -8.0, 5.6666665, 2.3333333, 7.7777777, 0.60978836, -2.869948, negative
146.0, 124.0, 9.0, 0.0, 0.0, 0.4999999, 0.16666664, 0.38888875, 0.107407376, 6.037037, 7.4444447, 7.3333335, 3.3333333, 4.2222223, 3.8888888, -8.111111, 7.6666665, 0.56349206, -1.0247301, positive
67.0, 34.0, 9.0, 0.0, 0.0, 1.1111113, 1.2232314, 0.555556, 0.5837306, 54.25926, 46.22222, 70.333336, 46.22222, -24.11111, 48.22222, -24.11111, 70.333336, 0.34747013, -2.0945199, negative
161.0, 135.0, 9.0, 0.0, 0.0, 0.055555563, 0.13608278, 0.11111113, 0.17213261, 1.2592592, 0.7777778, 3.0, 0.0, -1.4444444, 5.2222223, -3.7777777, 3.0, 1.0, -1.8222142, negative
212.0, 81.0, 9.0, 0.0, 0.0, 0.7222201, 0.10740903, 0.83333206, 0.07777894, 92.18519, 77.22222, 118.44444, 80.888885, -44.88889, 78.77778, -33.88889, 118.44444, 0.34790245, -2.1873991, negative
143.0, 34.0, 9.0, 0.0, 0.0, 1.0555547, 0.9289564, 1.388888, 0.8798136, 125.48148, 113.666664, 142.0, 120.77778, -35.444443, 49.555557, -14.111111, 142.0, 0.19951604, -2.3572717, negative
169.0, 98.0, 9.0, 0.0, 0.0, 0.7222214, 0.15184994, 1.6666666, 0.75555366, 92.333336, 77.333336, 116.888885, 82.77778, -45.0, 73.666664, -28.666666, 116.888885, 0.3382884, -2.238522, negative
197.0, 144.0, 9.0, 0.0, 0.0, 0.9444444, 0.7123252, 0.38888887, 0.49065337, 0.7037037, 0.33333334, 1.6666666, 0.11111111, -1.1111112, 2.8888888, -1.7777778, 1.6666666, 0.8611111, -1.9869384, negative
62.0, 26.0, 9.0, 0.0, 0.0, 0.7777774, 0.27216512, 0.44444403, 0.40368605, 112.22222, 98.333336, 130.88889, 107.44444, -41.666668, 56.0, -14.333333, 130.88889, 0.24869815, -2.38614, negative
235.0, 195.0, 9.0, 0.0, 0.0, 1.8888887, 2.0940824, 2.9999988, 1.7384534, 48.333332, 42.77778, 59.666668, 42.555557, -16.666666, 34.0, -17.333334, 59.666668, 0.29058507, -2.0810955, negative
157.0, 221.0, 9.0, 0.0, 0.0, 1.0555555, 0.6469299, 1.2222222, 0.6206328, 12.111111, 10.222222, 8.111112, 18.0, -5.6666665, -12.0, 17.666666, 18.0, 0.5491797, 1.8771459, negative
239.0, 123.0, 9.0, 0.0, 0.0, 0.5, 0.077777736, 0.5, 0.16666667, 1.5185186, 0.0, 4.2222223, 0.33333334, -4.5555553, 8.111111, -3.5555556, 4.2222223, 1.0, -2.1640944, negative
25.0, 91.0, 9.0, 0.0, 0.0, 1.611111, 4.3740745, 1.388889, 0.99629617, 3.8888888, 0.8888889, 8.111112, 2.6666667, -9.0, 12.666667, -3.6666667, 8.111112, 0.9114478, -2.3545752, negative
38.0, 112.0, 9.0, 0.0, 0.0, 0.55555564, 0.3851852, 1.0000001, 0.0888888, 6.2222223, 7.0, 8.111112, 3.5555556, 2.3333333, 5.6666665, -8.0, 8.111112, 0.5591711, -1.2739921, positive
85.0, 124.0, 9.0, 0.0, 0.0, 1.2222227, 0.93491936, 2.3888893, 1.6788442, 14.666667, 7.5555553, 24.11111, 12.333333, -21.333334, 28.333334, -7.0, 24.11111, 0.6911226, -2.3966818, negative
120.0, 89.0, 9.0, 0.11111111, 0.0, 4.0, 9.555554, 5.8333335, 11.85555, 10.481482, 5.7777777, 17.11111, 8.555555, -14.111111, 19.88889, -5.7777777, 17.11111, 0.6866853, -2.356793, negative
99.0, 132.0, 9.0, 0.0, 0.0, 0.44444442, 0.3851853, 0.5555555, 0.7851854, 0.7407407, 0.11111111, 2.0, 0.11111111, -1.8888888, 3.7777777, -1.8888888, 2.0, 0.9814815, -2.0943952, negative
163.0, 166.0, 9.0, 0.0, 0.0, 1.7777776, 1.0962971, 2.444445, 1.0518519, 16.962963, 12.333333, 16.333334, 22.222221, -13.888889, -1.8888888, 15.777778, 22.222221, 0.4462137, 2.5158255, negative
65.0, 54.0, 9.0, 0.0, 0.0, 1.777778, 1.6740733, 2.722222, 4.3296285, 24.592592, 22.777779, 32.555557, 18.444445, -5.4444447, 23.88889, -18.444445, 32.555557, 0.4321665, -1.7607523, positive
47.0, 121.0, 9.0, 0.0, 0.0, 0.88888866, 1.0255988, 4.888888, 3.208784, 53.666668, 46.88889, 66.88889, 47.22222, -20.333334, 39.666668, -19.333334, 66.88889, 0.30067223, -2.1102333, negative
48.0, 202.0, 9.0, 0.0, 0.11111111, 3.3888886, 1.6250362, 4.8333325, 4.091997, 58.0, 52.0, 71.0, 51.0, -18.0, 39.0, -21.0, 71.0, 0.2845155, -2.0459433, negative
9.0, 131.0, 9.0, 0.0, 0.0, 0.0, 0.0, 0.0, 0.0, 0.0, 0.0, 0.0, 0.0, 0.0, 0.0, 0.0, 0.0, 0.0, 0.0, negative
140.0, 181.0, 9.0, 0.11111111, 0.0, 0.8333333, 0.47777775, 1.2777777, 1.7074063, 19.296297, 15.444445, 18.444445, 24.0, -11.555555, -2.5555556, 14.111111, 24.0, 0.3576681, 2.4584713, negative
237.0, 83.0, 9.0, 0.0, 0.0, 0.7222223, 0.41851845, 5.8333335, 20.922216, 9.888889, 6.0, 17.0, 6.6666665, -11.666667, 21.333334, -9.666667, 17.0, 0.6765811, -2.1502569, negative
210.0, 153.0, 9.0, 0.0, 0.0, 0.0, 0.0, 0.0, 0.0, 0.0, 0.0, 0.0, 0.0, 0.0, 0.0, 0.0, 0.0, 0.0, 0.0, negative
18.0, 43.0, 9.0, 0.0, 0.0, 1.8888893, 1.7722137, 1.5555567, 1.2232332, 64.703705, 54.88889, 82.55556, 56.666668, -29.444445, 53.555557, -24.11111, 82.55556, 0.3351151, -2.1605515, negative
36.0, 243.0, 9.0, 0.11111111, 0.0, 1.888889, 1.8518513, 2.0, 0.7111104, 13.333333, 9.888889, 12.111111, 18.0, -10.333333, -3.6666667, 14.0, 18.0, 0.4522286, 2.3683105, negative
233.0, 97.0, 9.0, 0.0, 0.0, 0.38888887, 0.19629626, 0.5555555, 0.20740739, 2.1111112, 0.11111111, 5.5555553, 0.6666667, -6.0, 10.333333, -4.3333335, 5.5555553, 0.984127, -2.1913822, negative
198.0, 148.0, 9.0, 0.11111111, 0.0, 1.6666666, 0.84327394, 1.111111, 0.98130697, 1.7777778, 1.1111112, 3.2222223, 1.0, -2.0, 4.3333335, -2.3333333, 3.2222223, 0.61296296, -2.0451503, negative
139.0, 95.0, 9.0, 0.0, 0.0, 3.6111107, 2.524692, 7.0555553, 5.724864, 46.851852, 42.88889, 56.333332, 41.333336, -11.888889, 28.444445, -16.555555, 56.333332, 0.2645714, -1.9708016, negative
191.0, 119.0, 9.0, 0.0, 0.0, 1.1111107, 1.2938615, 0.9444459, 0.772202, 39.851852, 36.22222, 48.22222, 35.11111, -10.888889, 25.11111, -14.222222, 48.22222, 0.27171725, -2.0059998, negative
250.0, 172.0, 9.0, 0.0, 0.0, 0.9444442, 0.5074071, 1.3333334, 0.7111102, 16.074074, 12.333333, 15.0, 20.88889, -11.222222, -3.2222223, 14.444445, 20.88889, 0.40983546, 2.4177017, negative
145.0, 102.0, 9.0, 0.0, 0.0, 0.88888866, 0.6074083, 2.611111, 1.4851857, 23.074074, 22.11111, 29.777779, 17.333334, -2.8888888, 20.11111, -17.222221, 29.777779, 0.41776258, -1.6854404, positive
145.0, 33.0, 9.0, 0.0, 0.0, 0.8888893, 0.27216268, 0.88888806, 0.6206336, 124.55556, 113.22222, 140.88889, 119.55556, -34.0, 49.0, -15.0, 140.88889, 0.19629721, -2.3335373, negative
93.0, 67.0, 9.0, 0.0, 0.0, 1.7222208, 1.3891102, 1.4999994, 1.1879022, 60.74074, 53.0, 75.888885, 53.333332, -23.222221, 45.444443, -22.222221, 75.888885, 0.303044, -2.109804, negative
199.0, 25.0, 9.0, 0.0, 0.0, 1.0, 0.8444401, 1.2777761, 0.7740752, 103.62963, 89.111115, 126.888885, 94.888885, -43.555557, 69.77778, -26.222221, 126.888885, 0.29752782, -2.2521007, negative
212.0, 234.0, 9.0, 0.0, 0.0, 0.4444445, 0.11851848, 1.0555555, 0.28518525, 7.111111, 6.0, 4.2222223, 11.111111, -3.3333333, -8.666667, 12.0, 11.111111, 0.62132436, 1.8382597, negative
196.0, 129.0, 9.0, 0.0, 0.0, 0.83333325, 0.43333334, 0.6666667, 0.17777774, 6.3333335, 7.888889, 7.3333335, 3.7777777, 4.6666665, 3.0, -7.6666665, 8.222222, 0.54012346, -0.9327826, positive
54.0, 126.0, 9.0, 0.0, 0.0, 0.6666666, 0.31111127, 0.49999997, 0.16666673, 1.4074074, 0.0, 3.6666667, 0.5555556, -4.2222223, 6.7777777, -2.5555556, 3.6666667, 1.0, -2.229939, negative
163.0, 177.0, 9.0, 0.11111111, 0.0, 1.1666673, 0.7, 2.5, 0.7888896, 24.518518, 21.222221, 21.444445, 30.88889, -9.888889, -9.222222, 19.11111, 30.88889, 0.3211389, 2.1254158, negative
1.0, 115.0, 9.0, 0.11111111, 0.0, 1.8333331, 2.3888893, 2.2222226, 4.9629602, 16.555555, 15.666667, 21.777779, 12.222222, -2.6666667, 15.666667, -13.0, 21.88889, 0.42553785, -1.5480099, positive
47.0, 96.0, 9.0, 0.0, 0.0, 0.94444466, 0.5741338, 0.8333333, 0.75277233, 61.925926, 54.444443, 77.0, 54.333332, -22.444445, 45.22222, -22.777779, 77.0, 0.29722086, -2.0891051, negative
254.0, 159.0, 9.0, 0.0, 0.0, 3.5555553, 7.54074, 14.833333, 152.7, 36.62963, 31.333334, 46.22222, 32.333336, -15.888889, 28.777779, -12.888889, 46.22222, 0.29484537, -2.316872, negative
155.0, 68.0, 9.0, 0.0, 0.0, 3.4444447, 3.786917, 0.16666667, 0.27888665, 2.2962964, 2.1111112, 2.8888888, 1.8888888, -0.5555556, 1.7777778, -1.2222222, 2.8888888, 0.11574074, -1.8611541, negative
180.0, 186.0, 9.0, 0.11111111, 0.0, 1.5000013, 1.7981453, 1.9444441, 1.7815933, 49.62963, 45.0, 61.333332, 42.555557, -13.888889, 35.11111, -21.222221, 61.333332, 0.30616122, -1.9580852, negative
47.0, 119.0, 9.0, 0.11111111, 0.0, 2.2777777, 2.2746592, 1.3333334, 1.3824296, 4.3703704, 2.1111112, 6.7777777, 4.2222223, -6.7777777, 7.2222223, -0.44444445, 6.7777777, 0.7329263, -2.587228, negative
137.0, 190.0, 9.0, 0.0, 0.0, 2.055556, 0.7428677, 2.277778, 1.4050181, 60.444443, 53.444443, 75.55556, 52.333332, -21.0, 45.333332, -24.333334, 75.55556, 0.30879894, -2.0436168, negative
47.0, 215.0, 9.0, 0.0, 0.0, 3.1111114, 1.7847089, 3.3888893, 2.4075494, 17.185184, 14.444445, 15.666667, 21.444445, -8.222222, -4.5555553, 12.777778, 21.444445, 0.34176603, 2.2660944, negative
187.0, 180.0, 9.0, 0.0, 0.0, 4.055556, 2.9845276, 3.3333333, 3.19722, 62.074074, 54.88889, 77.55556, 53.77778, -21.555555, 46.444443, -24.88889, 77.55556, 0.30690557, -2.0441787, negative
221.0, 154.0, 9.0, 0.11111111, 0.11111111, 4.2222223, 2.740737, 1.2777778, 0.5962961, 6.4814816, 4.3333335, 10.777778, 4.3333335, -6.4444447, 12.888889, -6.4444447, 10.777778, 0.6248002, -2.0879846, negative
212.0, 48.0, 9.0, 0.0, 0.0, 0.5555547, 0.25185233, 0.5555547, 0.07407382, 122.37037, 112.22222, 138.11111, 116.77778, -30.444445, 47.22222, -16.777779, 138.11111, 0.18736246, -2.2786043, negative
149.0, 163.0, 9.0, 0.0, 0.0, 2.6111107, 12.151846, 14.0, 48.8889, 41.666668, 35.444447, 51.333332, 38.22222, -18.666666, 29.0, -10.333333, 51.333332, 0.29754734, -2.384441, negative
211.0, 206.0, 9.0, 0.0, 0.0, 0.94444466, 1.1296302, 2.166667, 1.1000005, 16.074074, 13.555555, 14.555555, 20.11111, -7.5555553, -4.5555553, 12.111111, 20.11111, 0.3273603, 2.252368, negative
29.0, 78.0, 9.0, 0.0, 0.0, 0.6666654, 0.6992061, 2.6111107, 2.322991, 69.74074, 59.666668, 88.44444, 61.11111, -30.222221, 56.11111, -25.88889, 88.44444, 0.32548746, -2.145541, negative
128.0, 175.0, 9.0, 0.0, 0.0, 2.1666667, 4.2111096, 2.7222214, 4.3296275, 23.777779, 20.88889, 21.777779, 28.666666, -8.666667, -6.0, 14.666667, 28.666666, 0.2849537, 2.2635381, negative
228.0, 114.0, 9.0, 0.0, 0.0, 0.38888875, 0.06296294, 0.83333325, 0.12222214, 5.888889, 7.0, 7.4444447, 3.2222223, 3.3333333, 4.6666665, -8.0, 7.4444447, 0.5674603, -1.1518371, positive
10.0, 196.0, 9.0, 0.0, 0.0, 1.2222217, 1.0470414, 0.9999997, 0.8432735, 15.333333, 14.111111, 11.444445, 20.444445, -3.6666667, -11.666667, 15.333333, 20.444445, 0.4405804, 1.789167, negative
228.0, 191.0, 9.0, 0.0, 0.0, 1.4444447, 0.6206325, 2.3333328, 1.1925693, 49.22222, 44.0, 60.555557, 43.11111, -15.666667, 34.0, -18.333334, 60.555557, 0.28958246, -2.040515, negative
149.0, 182.0, 9.0, 0.11111111, 0.0, 3.1111126, 3.2087827, 7.0, 5.6489916, 39.851852, 37.22222, 47.333332, 35.0, -7.888889, 22.444445, -14.555555, 47.333332, 0.24779001, -1.8682772, negative
108.0, 138.0, 9.0, 0.0, 0.0, 0.2777777, 0.062962934, 0.5, 0.12222223, 3.1851852, 1.4444444, 6.6666665, 1.4444444, -5.2222223, 10.444445, -5.2222223, 6.6666665, 0.79960316, -2.08783, negative
21.0, 90.0, 9.0, 0.0, 0.0, 0.66666794, 0.044444147, 0.7777786, 0.56296283, 113.48148, 105.888885, 128.55556, 106.0, -22.777779, 45.22222, -22.444445, 128.55556, 0.17969723, -2.0978148, negative
38.0, 200.0, 9.0, 0.0, 0.0, 3.4444447, 2.125681, 3.4444454, 1.2049289, 55.962963, 49.0, 70.22222, 48.666668, -20.88889, 42.77778, -21.88889, 70.22222, 0.3098264, -2.080206, negative
136.0, 45.0, 9.0, 0.0, 0.0, 1.222222, 1.5444059, 2.0555553, 1.5263131, 53.074074, 48.11111, 63.77778, 47.333332, -14.888889, 32.11111, -17.222221, 63.77778, 0.25936732, -2.0459049, negative
68.0, 80.0, 9.0, 0.0, 0.0, 1.1666666, 0.16666552, 1.7222239, 1.7074076, 111.07407, 102.888885, 127.333336, 103.0, -24.555555, 48.77778, -24.222221, 127.333336, 0.19805206, -2.0986974, negative
23.0, 55.0, 9.0, 0.0, 0.0, 2.2222216, 3.6740727, 1.7777773, 0.7851852, 23.444445, 21.666666, 31.11111, 17.555555, -5.3333335, 23.0, -17.666666, 31.11111, 0.43507022, -1.7711632, positive
205.0, 190.0, 9.0, 0.0, 0.0, 1.2777773, 0.9981452, 1.6111107, 1.1238158, 49.48148, 44.77778, 60.666668, 43.0, -14.111111, 33.555557, -19.444445, 60.666668, 0.29078844, -1.9875989, negative
88.0, 211.0, 9.0, 0.22222222, 0.0, 1.388889, 0.87981474, 2.4444444, 1.4555134, 10.814815, 8.888889, 7.6666665, 15.888889, -5.7777777, -9.444445, 15.222222, 15.888889, 0.52432793, 1.9408315, negative
233.0, 154.0, 9.0, 0.0, 0.0, 3.7222223, 11.618519, 0.66666603, 0.577778, 33.0, 25.11111, 46.555557, 27.333334, -23.666666, 40.666668, -17.0, 46.555557, 0.45878506, -2.2026498, negative
223.0, 190.0, 9.0, 0.0, 0.0, 1.9999994, 1.0327959, 2.055556, 1.4669192, 46.88889, 42.0, 57.77778, 40.88889, -14.666667, 32.666668, -18.0, 57.77778, 0.29222646, -2.0251334, negative
147.0, 182.0, 9.0, 0.0, 0.0, 2.2777786, 1.7051128, 2.9444447, 1.5974519, 43.592594, 40.333336, 52.555557, 37.88889, -9.777778, 26.88889, -17.11111, 52.555557, 0.27866945, -1.9191672, negative
189.0, 144.0, 9.0, 0.0, 0.0, 0.0, 0.0, 0.0, 0.0, 0.0, 0.0, 0.0, 0.0, 0.0, 0.0, 0.0, 0.0, 0.0, 0.0, negative
212.0, 152.0, 9.0, 0.0, 0.0, 5.0, 7.6444416, 2.3888886, 3.2629645, 26.555555, 20.333334, 37.666668, 21.666666, -18.666666, 33.333332, -14.666667, 37.666668, 0.46343043, -2.1657314, negative
160.0, 110.0, 9.0, 0.0, 0.0, 0.833333, 0.6912145, 0.4444437, 0.2721654, 31.62963, 27.222221, 39.333336, 28.333334, -13.222222, 23.11111, -9.888889, 39.333336, 0.3074441, -2.1872416, negative
224.0, 63.0, 9.0, 0.0, 0.0, 0.77777606, 0.29629365, 0.66666794, 0.17777742, 120.22222, 108.44444, 137.55556, 114.666664, -35.333332, 52.0, -16.666666, 137.55556, 0.21148404, -2.3158848, negative
178.0, 138.0, 9.0, 0.0, 0.0, 0.11111108, 0.17213255, 0.05555554, 0.13608274, 1.3703704, 1.0, 3.1111112, 0.0, -1.1111112, 5.2222223, -4.111111, 3.1111112, 1.0, -1.755017, negative
210.0, 47.0, 9.0, 0.0, 0.0, 0.5, 0.21111278, 0.6666667, 0.4888892, 97.111115, 82.55556, 121.44444, 87.333336, -43.666668, 73.0, -29.333334, 121.44444, 0.32009703, -2.2232175, negative
155.0, 138.0, 9.0, 0.0, 0.0, 2.0000012, 0.66666055, 1.0555534, 0.41852024, 69.48148, 63.88889, 82.55556, 62.0, -16.777779, 39.22222, -22.444445, 82.55556, 0.24899773, -1.9990451, negative
181.0, 115.0, 9.0, 0.0, 0.0, 0.22222392, 0.029630082, 1.4444453, 1.2296361, 132.77777, 123.22222, 145.33334, 129.77779, -28.666666, 37.666668, -9.0, 145.33334, 0.15213422, -2.4054766, negative
44.0, 79.0, 9.0, 0.0, 0.0, 0.44444403, 0.34426486, 0.7777786, 0.4036864, 107.74074, 93.888885, 126.55556, 102.77778, -41.555557, 56.444443, -14.888889, 126.55556, 0.2580791, -2.3779652, negative
88.0, 71.0, 9.0, 0.11111111, 0.11111111, 1.4444447, 0.785185, 4.5, 5.677779, 22.333334, 21.777779, 28.555555, 16.666668, -1.6666666, 18.666666, -17.0, 28.555555, 0.41629943, -1.6368634, positive
162.0, 237.0, 9.0, 0.11111111, 0.0, 2.2777777, 1.1434193, 2.6666667, 2.564718, 13.222222, 10.888889, 10.0, 18.777779, -7.0, -9.666667, 16.666666, 18.777779, 0.47282594, 1.9903806, negative
40.0, 142.0, 9.0, 0.0, 0.0, 0.27777782, 0.1360828, 0.22222225, 0.17213261, 1.2222222, 0.11111111, 3.5555556, 0.0, -3.3333333, 7.0, -3.6666667, 3.5555556, 1.0, -2.0561552, negative
177.0, 76.0, 9.0, 0.0, 0.0, 1.3888893, 1.3567389, 15.0, 11.481388, 29.814816, 28.666666, 33.444447, 27.333334, -3.4444444, 10.888889, -7.4444447, 33.444447, 0.20066153, -1.9036244, negative
190.0, 105.0, 9.0, 0.0, 0.0, 1.8888893, 2.2962983, 2.166666, 1.6777797, 45.74074, 41.22222, 56.333332, 39.666668, -13.555555, 31.777779, -18.222221, 56.333332, 0.29599184, -1.9960818, negative
231.0, 91.0, 9.0, 0.0, 0.0, 0.4999999, 0.27888656, 0.5555554, 0.17213255, 6.0, 4.5555553, 9.777778, 3.6666667, -4.3333335, 11.333333, -7.0, 9.777778, 0.62065095, -1.9349097, negative
188.0, 182.0, 9.0, 0.0, 0.0, 1.611112, 0.7428682, 4.166666, 2.1265519, 58.0, 51.88889, 72.44444, 49.666668, -18.333334, 43.333332, -25.0, 72.44444, 0.31428084, -1.99159, negative
194.0, 118.0, 9.0, 0.0, 0.0, 0.4444445, 0.11851848, 0.4444445, 0.16296297, 6.259259, 7.5555553, 7.6666665, 3.5555556, 3.8888888, 4.2222223, -8.111111, 7.7777777, 0.5438712, -1.0761977, positive
79.0, 48.0, 9.0, 0.0, 0.0, 1.0555534, 0.9962996, 0.99999875, 0.35555598, 107.888885, 94.77778, 129.11111, 99.77778, -39.333332, 63.666668, -24.333334, 129.11111, 0.26589924, -2.2470357, negative
56.0, 140.0, 9.0, 0.0, 0.0, 0.9444444, 0.46296272, 0.27777776, 0.06296294, 5.5555553, 3.6666667, 9.444445, 3.5555556, -5.6666665, 11.666667, -6.0, 9.444445, 0.6392537, -2.0722682, negative
101.0, 197.0, 9.0, 0.0, 0.0, 3.5555553, 7.54074, 4.9444447, 6.418518, 21.25926, 17.444445, 18.777779, 27.555555, -11.444445, -7.4444447, 18.88889, 27.555555, 0.39488608, 2.2430942, negative
177.0, 126.0, 9.0, 0.0, 0.0, 0.44444442, 0.11851859, 0.6111111, 0.41851866, 5.4074073, 7.6666665, 5.6666665, 2.8888888, 6.7777777, 0.7777778, -7.5555553, 7.6666665, 0.6230159, -0.6128861, positive
55.0, 145.0, 9.0, 0.0, 0.0, 5.0555553, 2.9770727, 1.0, 0.4216377, 26.777779, 24.222221, 33.333336, 22.777779, -7.6666665, 19.666666, -12.0, 33.333336, 0.31533822, -1.934686, negative
142.0, 33.0, 9.0, 0.0, 0.0, 0.49999872, 0.62360865, 0.50000125, 0.3496027, 110.59259, 96.77778, 128.66667, 106.333336, -41.444443, 54.22222, -12.777778, 128.66667, 0.24777646, -2.4080186, negative
115.0, 138.0, 9.0, 0.0, 0.0, 0.33333334, 0.0888889, 0.33333334, 0.1777778, 0.7777778, 0.0, 2.3333335, 0.0, -2.3333333, 4.6666665, -2.3333333, 2.3333335, 1.0, -2.0943952, negative
160.0, 73.0, 9.0, 0.11111111, 0.0, 0.944444, 0.32963002, 0.7777774, 0.6518517, 58.814816, 54.0, 70.111115, 52.333332, -14.444445, 33.88889, -19.444445, 70.111115, 0.25336418, -1.9969074, negative
116.0, 184.0, 9.0, 0.0, 0.0, 2.2222226, 2.118519, 10.611111, 45.085182, 31.703703, 28.777779, 38.0, 28.333334, -8.777778, 18.88889, -10.111111, 38.333336, 0.25072145, -2.2154639, negative
64.0, 114.0, 9.0, 0.0, 0.0, 5.166667, 6.320163, 8.833333, 8.66859, 29.814816, 18.333334, 47.22222, 23.88889, -34.444443, 52.22222, -17.777779, 47.22222, 0.62924504, -2.2953806, negative
77.0, 185.0, 9.0, 0.0, 0.0, 2.944445, 7.6629586, 6.2222214, 32.118523, 32.555557, 29.222221, 39.666668, 28.777779, -10.0, 21.333334, -11.333333, 39.666668, 0.27036038, -2.0852716, negative
169.0, 137.0, 9.0, 0.0, 0.0, 1.5000005, 0.47777736, 8.444445, 50.07408, 25.333334, 18.666668, 36.555557, 20.777779, -20.0, 33.666668, -13.666667, 36.555557, 0.50256854, -2.2130325, negative
94.0, 13.0, 9.0, 0.0, 0.0, 1.0555521, 0.50740635, 1.6666641, 1.2444407, 141.59259, 134.88889, 149.88889, 140.0, -20.11111, 24.88889, -4.7777777, 149.88889, 0.10009145, -2.449265, negative
234.0, 175.0, 9.0, 0.0, 0.0, 1.9444441, 1.323576, 3.4444454, 2.2574966, 57.77778, 50.666668, 72.66667, 50.0, -21.333334, 44.666668, -23.333334, 72.66667, 0.31203708, -2.0637763, negative
90.0, 134.0, 9.0, 0.0, 0.0, 0.5555556, 0.34074077, 1.0555555, 0.37407416, 2.6666667, 1.0, 6.111111, 0.8888889, -5.0, 10.333333, -5.3333335, 6.111111, 0.87610227, -2.0712416, negative
214.0, 84.0, 9.0, 0.0, 0.0, 0.22222202, 0.27216527, 0.44444466, 0.34426498, 17.185184, 13.0, 24.88889, 13.666667, -12.555555, 23.11111, -10.555555, 24.88889, 0.47722223, -2.152852, negative
121.0, 55.0, 9.0, 0.0, 0.0, 1.5000013, 2.8777716, 1.4444466, 1.1851842, 103.07407, 90.0, 124.111115, 95.111115, -39.22222, 63.11111, -23.88889, 124.111115, 0.27479535, -2.2510118, negative
90.0, 111.0, 9.0, 0.0, 0.0, 1.6666666, 1.4666656, 1.333333, 1.0222224, 18.62963, 19.777779, 22.222221, 13.888889, 3.4444444, 10.777778, -14.222222, 22.222221, 0.37431172, -1.3337922, positive
140.0, 116.0, 9.0, 0.0, 0.0, 0.94444495, 0.28518537, 0.8888893, 0.074074045, 22.11111, 21.333334, 28.11111, 16.88889, -2.3333333, 18.0, -15.666667, 28.11111, 0.39844838, -1.6703143, positive
99.0, 184.0, 9.0, 0.0, 0.0, 1.8333327, 3.2777793, 7.944443, 63.35185, 31.518518, 27.777779, 38.77778, 28.0, -11.222222, 21.777779, -10.555555, 38.77778, 0.28044972, -2.1831248, negative
225.0, 22.0, 9.0, 0.0, 0.0, 0.8333333, 0.25555903, 0.7222214, 0.1074089, 137.96297, 133.0, 147.0, 133.88889, -14.888889, 27.11111, -12.222222, 147.0, 0.09518399, -2.1583037, negative
125.0, 46.0, 9.0, 0.11111111, 0.0, 0.61110944, 0.61161584, 2.166668, 0.7817352, 124.55556, 112.77778, 141.0, 119.888885, -35.333332, 49.333332, -14.0, 141.0, 0.20012376, -2.357688, negative
220.0, 120.0, 9.0, 0.0, 0.0, 0.38888893, 0.062962964, 0.38888887, 0.062962994, 1.0, 0.0, 3.0, 0.0, -3.0, 6.0, -3.0, 3.0, 1.0, -2.0943952, negative
169.0, 190.0, 9.0, 0.0, 0.0, 3.1111114, 1.8094412, 2.8888893, 2.0940847, 52.555557, 46.88889, 65.0, 45.77778, -17.0, 37.333332, -20.333334, 65.0, 0.2970586, -2.0348296, negative
230.0, 124.0, 9.0, 0.0, 0.0, 0.2777778, 0.10740743, 0.2777778, 0.15185183, 0.6666667, 0.0, 2.0, 0.0, -2.0, 4.0, -2.0, 2.0, 1.0, -2.0943952, negative
237.0, 91.0, 9.0, 0.0, 0.0, 0.61111087, 0.018518543, 0.61111087, 0.19629624, 12.148149, 7.5555553, 20.666668, 8.222222, -13.777778, 25.555555, -11.777778, 20.666668, 0.63446367, -2.1475708, negative
141.0, 89.0, 9.0, 0.0, 0.0, 1.277778, 1.4851854, 1.6666666, 3.6888885, 23.88889, 23.11111, 30.444445, 18.11111, -2.3333333, 19.666666, -17.333334, 30.444445, 0.40502182, -1.6640084, positive
150.0, 144.0, 9.0, 0.0, 0.0, 0.55555564, 0.074074075, 0.6111111, 0.15185197, 2.5185184, 0.11111111, 6.5555553, 0.8888889, -7.2222223, 12.111111, -4.888889, 6.5555553, 0.9861111, -2.2121625, negative
138.0, 137.0, 9.0, 0.11111111, 0.0, 1.666667, 1.7777779, 1.0000001, 0.17777735, 7.6296296, 3.1111112, 13.888889, 5.888889, -13.555555, 18.777779, -5.2222223, 13.888889, 0.77986646, -2.3607821, negative
68.0, 128.0, 9.0, 0.0, 0.0, 21.333334, 5.955534, 1.3333341, 0.8444443, 35.592594, 32.11111, 43.77778, 30.88889, -10.444445, 24.555555, -14.111111, 43.77778, 0.31617704, -1.9818461, negative
191.0, 162.0, 9.0, 0.0, 0.0, 2.6111114, 1.8851837, 14.166667, 210.92223, 40.962963, 34.88889, 50.11111, 37.88889, -18.222221, 27.444445, -9.222222, 50.666668, 0.298124, -2.555683, negative
175.0, 212.0, 9.0, 0.11111111, 0.0, 1.0000001, 0.666667, 1.8333334, 1.345775, 12.296296, 10.0, 9.0, 17.88889, -6.888889, -9.888889, 16.777779, 17.88889, 0.4987573, 1.9744948, negative
92.0, 68.0, 9.0, 0.0, 0.0, 1.0555573, 0.15185204, 0.7777786, 0.6518519, 125.77778, 115.666664, 141.0, 120.666664, -30.333334, 45.666668, -15.333333, 141.0, 0.17962871, -2.3006182, negative
215.0, 153.0, 9.0, 0.0, 0.11111111, 19.666666, 8.044466, 1.1111113, 3.8962963, 8.333333, 5.3333335, 13.444445, 6.2222223, -9.0, 15.333333, -6.3333335, 13.444445, 0.7695767, -2.1438897, negative
14.0, 110.0, 9.0, 0.0, 0.0, 1.7222224, 5.3518505, 2.6666667, 1.0222229, 17.925926, 18.88889, 21.444445, 13.444445, 2.8888888, 10.555555, -13.444445, 21.444445, 0.36884832, -1.3450956, positive
146.0, 140.0, 9.0, 0.0, 0.0, 1.0555557, 0.4629631, 1.0000001, 0.57777774, 6.3333335, 7.888889, 7.3333335, 3.7777777, 4.6666665, 3.0, -7.6666665, 8.222222, 0.537017, -0.9092674, positive
140.0, 116.0, 9.0, 0.11111111, 0.0, 1.777778, 1.2232317, 0.55555534, 0.501848, 46.814816, 42.333336, 56.555557, 41.555557, -13.444445, 29.222221, -15.777778, 56.555557, 0.26456326, -2.0386236, negative
232.0, 149.0, 9.0, 0.0, 0.0, 0.0, 0.0, 0.0, 0.0, 0.0, 0.0, 0.0, 0.0, 0.0, 0.0, 0.0, 0.0, 0.0, 0.0, negative
96.0, 133.0, 9.0, 0.0, 0.0, 0.055555556, 0.01851852, 0.22222222, 0.029629637, 0.4814815, 0.0, 1.4444444, 0.0, -1.4444444, 2.8888888, -1.4444444, 1.4444444, 1.0, -2.0943952, negative
23.0, 86.0, 9.0, 0.0, 0.0, 0.88888913, 0.6518528, 1.7222222, 1.3074087, 18.592592, 18.555555, 23.555555, 13.666667, -0.11111111, 14.888889, -14.777778, 23.555555, 0.41791564, -1.5415015, positive
9.0, 130.0, 9.0, 0.0, 0.0, 0.055555582, 0.018518535, 2.611111, 6.240745, 1.7407408, 1.0, 3.2222223, 1.0, -2.2222223, 4.4444447, -2.2222223, 3.2222223, 0.5509259, -2.0943952, negative
118.0, 180.0, 9.0, 0.0, 0.0, 1.9444447, 1.4819913, 3.1111114, 1.0886629, 48.555557, 44.11111, 59.0, 42.555557, -13.333333, 31.333334, -18.0, 59.0, 0.27882218, -1.9960423, negative
254.0, 73.0, 9.0, 0.0, 0.0, 6.6666665, 7.865538, 9.444445, 12.33003, 34.703705, 20.555555, 57.333332, 26.222221, -42.444443, 67.888885, -25.444445, 57.333332, 0.6511328, -2.2555614, negative
58.0, 140.0, 9.0, 0.0, 0.0, 0.055555556, 0.01851852, 0.22222225, 0.029629627, 0.25925925, 0.0, 0.7777778, 0.0, -0.7777778, 1.5555556, -0.7777778, 0.7777778, 0.7777778, -2.0943952, negative
210.0, 73.0, 9.0, 0.0, 0.0, 1.3333327, 0.96609074, 1.0, 0.81649536, 42.25926, 40.555557, 47.333332, 38.88889, -5.111111, 15.222222, -10.111111, 47.333332, 0.17822558, -1.8934947, negative
230.0, 98.0, 9.0, 0.0, 0.0, 0.38888884, 0.15185185, 0.38888887, 0.06296294, 1.4074074, 0.0, 4.111111, 0.11111111, -4.2222223, 8.111111, -3.8888888, 4.111111, 1.0, -2.1137195, negative
58.0, 109.0, 9.0, 0.0, 0.0, 0.8888889, 0.25185165, 2.8333333, 1.677777, 4.296296, 1.4444444, 8.444445, 3.0, -8.555555, 12.444445, -3.8888888, 8.444445, 0.8644824, -2.2837873, negative
8.0, 102.0, 9.0, 0.0, 0.0, 1.888889, 1.8518513, 1.9444443, 3.2629614, 17.925926, 18.555555, 21.88889, 13.333333, 1.8888888, 11.888889, -13.777778, 21.88889, 0.39032918, -1.4470371, positive
39.0, 246.0, 9.0, 0.11111111, 0.0, 2.277778, 3.2629633, 1.8333334, 2.4333339, 15.37037, 12.555555, 13.111111, 20.444445, -8.444445, -6.7777777, 15.222222, 20.444445, 0.3938387, 2.170543, negative
68.0, 135.0, 9.0, 0.0, 0.0, 0.83333343, 0.47777793, 0.3333334, 0.2666667, 6.2222223, 4.0, 10.444445, 4.2222223, -6.6666665, 12.666667, -6.0, 10.444445, 0.6175926, -2.1255164, negative
6.0, 81.0, 9.0, 0.0, 0.11111111, 4.111111, 8.740745, 5.722223, 28.50741, 12.481482, 7.6666665, 18.88889, 10.888889, -14.444445, 19.222221, -4.7777777, 18.88889, 0.6281558, -2.388561, negative
156.0, 32.0, 9.0, 0.0, 0.0, 0.77777356, 0.16296418, 2.6111095, 1.0407379, 136.2963, 129.77779, 146.33334, 132.77779, -19.555555, 30.11111, -10.555555, 146.33334, 0.113055356, -2.280755, negative
21.0, 216.0, 9.0, 0.11111111, 0.0, 3.833333, 0.69999796, 0.8333333, 0.47777775, 16.555555, 13.111111, 14.0, 22.555555, -10.333333, -7.6666665, 18.0, 22.555555, 0.426777, 2.2093086, negative
4.0, 248.0, 9.0, 0.0, 0.0, 3.333334, 1.8135293, 3.2222226, 1.2590408, 19.555555, 15.555555, 16.666668, 26.444445, -12.0, -8.666667, 20.666666, 26.444445, 0.42215064, 2.205099, negative
157.0, 57.0, 9.0, 0.0, 0.0, 1.2222201, 0.47407314, 1.2222201, 0.8296261, 124.703705, 114.22222, 139.66667, 120.22222, -31.444445, 44.88889, -13.444445, 139.66667, 0.18207318, -2.3401897, negative
220.0, 61.0, 9.0, 0.0, 0.0, 0.27777776, 0.13608277, 0.5555556, 0.27216548, 6.888889, 4.5555553, 12.0, 4.111111, -7.0, 15.333333, -8.333333, 12.0, 0.65589225, -2.039459, negative
106.0, 107.0, 9.0, 0.0, 0.0, 1.111111, 0.72008204, 0.6666667, 0.4216372, 22.555555, 13.0, 36.0, 18.666668, -28.666666, 40.333332, -11.666667, 36.0, 0.6385408, -2.3546174, negative
12.0, 56.0, 9.0, 0.22222222, 0.0, 1.2222223, 0.20740713, 1.3333336, 1.0222219, 19.851852, 19.444445, 25.444445, 14.666667, -1.2222222, 16.777779, -15.555555, 25.444445, 0.42268896, -1.6222115, positive
106.0, 193.0, 9.0, 0.0, 0.0, 1.0555557, 0.9525794, 0.888889, 0.6206331, 14.444445, 11.666667, 12.555555, 19.11111, -8.333333, -5.6666665, 14.0, 19.11111, 0.38886335, 2.2100549, negative
183.0, 153.0, 9.0, 0.0, 0.0, 5.0000005, 12.266663, 3.0000002, 6.8888917, 28.0, 21.333334, 38.77778, 23.88889, -20.0, 32.333332, -12.333333, 38.77778, 0.44774532, -2.2427413, negative
234.0, 58.0, 9.0, 0.0, 0.0, 1.1666679, 0.3888878, 1.0000013, 0.5333344, 93.14815, 77.333336, 118.77778, 83.333336, -47.444443, 76.888885, -29.444445, 118.77778, 0.34886265, -2.2463162, negative
83.0, 114.0, 9.0, 0.0, 0.0, 1.388889, 1.129629, 1.9444443, 0.59629667, 19.851852, 20.0, 24.666666, 14.888889, 0.44444445, 14.444445, -14.888889, 24.666666, 0.39496386, -1.5086578, positive
35.0, 96.0, 9.0, 0.11111111, 0.0, 2.1111114, 1.0074071, 2.833333, 3.855554, 21.74074, 20.777779, 27.777779, 16.666668, -2.8888888, 18.11111, -15.222222, 27.777779, 0.39949927, -1.6769211, positive
108.0, 75.0, 9.0, 0.11111111, 0.0, 0.6666667, 0.47140282, 11.111111, 10.014803, 116.703705, 105.888885, 133.0, 111.22222, -32.444443, 48.88889, -16.444445, 133.0, 0.20298976, -2.2954879, negative
103.0, 65.0, 9.0, 0.0, 0.0, 1.277778, 1.0835457, 1.2222214, 0.91083974, 60.148148, 53.77778, 73.888885, 52.77778, -19.11111, 41.22222, -22.11111, 73.888885, 0.2870454, -2.0419006, negative
192.0, 40.0, 9.0, 0.0, 0.0, 1.2222214, 0.20740789, 1.3333321, 0.4888911, 124.62963, 114.44444, 140.55556, 118.888885, -30.555555, 47.77778, -17.222221, 140.55556, 0.18574874, -2.2702193, negative
155.0, 80.0, 9.0, 0.0, 0.0, 0.99999875, 0.17777939, 1.4444453, 0.6962941, 96.333336, 82.44444, 119.333336, 87.22222, -41.666668, 69.0, -27.333334, 119.333336, 0.30905932, -2.2287123, negative
60.0, 132.0, 9.0, 0.0, 0.0, 0.11111113, 0.029629637, 0.22222222, 0.029629637, 0.37037036, 0.0, 1.1111112, 0.0, -1.1111112, 2.2222223, -1.1111112, 1.1111112, 0.8888889, -2.0943952, negative
188.0, 133.0, 9.0, 0.0, 0.0, 0.33333334, 0.26666674, 0.5, 0.077777736, 6.6666665, 8.333334, 7.7777777, 3.8888888, 5.0, 3.3333333, -8.333333, 8.444445, 0.53858024, -0.92481726, positive
59.0, 120.0, 9.0, 0.0, 0.0, 2.1666667, 1.9860634, 1.4444441, 1.8698385, 19.074074, 10.555555, 33.11111, 13.555555, -25.555555, 42.11111, -16.555555, 33.11111, 0.6812664, -2.2312608, negative
55.0, 93.0, 9.0, 0.11111111, 0.0, 0.83333343, 0.2999998, 1.388889, 1.7962962, 3.0, 0.5555556, 7.2222223, 1.2222222, -7.3333335, 12.666667, -5.3333335, 7.2222223, 0.9356702, -2.1836095, negative
38.0, 94.0, 9.0, 0.11111111, 0.0, 1.3888906, 1.0417213, 0.88888806, 0.7793629, 68.111115, 61.11111, 82.66667, 60.555557, -21.0, 43.666668, -22.666666, 82.66667, 0.26725835, -2.0685365, negative
78.0, 99.0, 9.0, 0.0, 0.0, 1.611111, 8.018518, 3.0555553, 14.7740755, 4.148148, 1.1111112, 9.0, 2.3333335, -9.111111, 14.555555, -5.4444447, 9.0, 0.91089994, -2.2556732, negative
25.0, 155.0, 9.0, 0.0, 0.0, 5.722223, 99.75187, 18.0, 151.68887, 14.333333, 13.0, 18.666668, 11.333333, -4.0, 13.0, -9.0, 21.444445, 0.64629805, -1.7974349, negative
173.0, 113.0, 9.0, 0.0, 0.0, 0.5, 0.3, 1.3333334, 1.0666667, 133.11111, 124.666664, 145.66667, 129.0, -25.333334, 37.666668, -12.333333, 145.66667, 0.14413407, -2.3095512, negative
219.0, 80.0, 9.0, 0.0, 0.0, 1.2777767, 0.3296295, 0.6666667, 0.9333318, 39.703705, 36.333336, 48.22222, 34.555557, -10.111111, 25.555555, -15.444445, 48.22222, 0.28296396, -1.9626464, negative
51.0, 141.0, 9.0, 0.0, 0.0, 0.5555556, 0.11851845, 0.22222225, 0.074074075, 0.7037037, 0.33333334, 1.7777778, 0.0, -1.1111112, 3.2222223, -2.1111112, 1.7777778, 0.8888889, -1.9212171, negative
254.0, 57.0, 9.0, 0.0, 0.0, 0.9444402, 0.7740701, 1.3888906, 1.0407445, 135.77777, 129.44444, 146.66667, 131.22223, -19.0, 32.666668, -13.666667, 146.66667, 0.11873322, -2.1874216, negative
217.0, 148.0, 9.0, 0.0, 0.0, 2.0555556, 2.551854, 1.0555553, 0.5074078, 29.074074, 21.444445, 41.555557, 24.222221, -22.88889, 37.444443, -14.555555, 41.555557, 0.4837708, -2.2379715, negative
125.0, 46.0, 9.0, 0.11111111, 0.0, 0.61110944, 0.61161584, 2.166668, 0.7817352, 124.55556, 112.77778, 141.0, 119.888885, -35.333332, 49.333332, -14.0, 141.0, 0.20012376, -2.357688, negative
219.0, 126.0, 9.0, 0.0, 0.0, 0.3888893, 0.06296301, 14.055554, 44.374123, 36.185184, 33.555557, 43.0, 32.0, -7.888889, 20.444445, -12.555555, 43.0, 0.25840873, -1.9421787, negative
97.0, 90.0, 9.0, 0.0, 0.0, 1.8888892, 2.5629632, 3.6111114, 8.507409, 20.148148, 15.666667, 29.0, 15.777778, -13.444445, 26.555555, -13.111111, 29.0, 0.465278, -2.101515, negative
231.0, 198.0, 9.0, 0.11111111, 0.0, 0.9999997, 0.13333334, 1.111111, 1.2296298, 15.814815, 12.444445, 14.222222, 20.777779, -10.111111, -4.7777777, 14.888889, 20.777779, 0.40090325, 2.3248901, negative
152.0, 155.0, 9.0, 0.0, 0.0, 0.5, 0.61111104, 10.777778, 131.80739, 7.296296, 5.3333335, 11.0, 5.5555553, -5.888889, 11.111111, -5.2222223, 11.0, 0.5, -2.115567, negative
174.0, 59.0, 9.0, 0.0, 0.0, 0.8333346, 0.34960264, 1.3333334, 0.8165003, 122.03704, 110.55556, 138.77779, 116.77778, -34.444443, 50.22222, -15.777778, 138.77779, 0.20332612, -2.323173, negative
54.0, 133.0, 9.0, 0.0, 0.0, 4.3888893, 1.705111, 1.2777773, 1.2186816, 21.444445, 19.88889, 25.777779, 18.666668, -4.6666665, 13.0, -8.333333, 25.777779, 0.27027062, -1.9038104, negative
245.0, 129.0, 9.0, 0.0, 0.0, 0.0, 0.0, 0.0, 0.0, 0.0, 0.0, 0.0, 0.0, 0.0, 0.0, 0.0, 0.0, 0.0, 0.0, negative
190.0, 45.0, 9.0, 0.0, 0.0, 0.6666667, 0.66666645, 0.7777786, 0.54433, 108.96296, 95.888885, 126.888885, 104.111115, -39.22222, 53.77778, -14.555555, 126.888885, 0.24428888, -2.3718073, negative
243.0, 166.0, 9.0, 0.0, 0.0, 0.61111116, 0.3296294, 0.72222203, 0.32962978, 13.37037, 11.222222, 12.111111, 16.777779, -6.4444447, -3.7777777, 10.222222, 16.777779, 0.33051255, 2.2642767, negative
114.0, 129.0, 9.0, 0.11111111, 0.0, 2.055556, 1.1434174, 0.77777606, 0.88610685, 62.407406, 54.22222, 78.0, 55.0, -24.555555, 46.77778, -22.222221, 78.0, 0.30597952, -2.1269891, negative
145.0, 90.0, 9.0, 0.0, 0.0, 1.0, 0.5777784, 2.0, 0.399999, 24.851852, 23.666666, 32.22222, 18.666668, -3.5555556, 22.11111, -18.555555, 32.22222, 0.4205985, -1.7059416, positive
22.0, 133.0, 9.0, 0.0, 0.0, 0.0, 0.0, 0.0, 0.0, 0.0, 0.0, 0.0, 0.0, 0.0, 0.0, 0.0, 0.0, 0.0, 0.0, negative
7.0, 18.0, 9.0, 0.0, 0.0, 1.2777786, 0.7296265, 0.9444453, 0.37407914, 138.62962, 133.33334, 147.55556, 135.0, -15.888889, 26.777779, -10.888889, 147.55556, 0.096352234, -2.2146115, negative
2.0, 98.0, 9.0, 0.0, 0.0, 2.0, 0.6666667, 1.055555, 0.5518528, 17.481482, 18.333334, 20.777779, 13.333333, 2.5555556, 9.888889, -12.444445, 20.777779, 0.35672373, -1.3604367, positive
33.0, 142.0, 9.0, 0.0, 0.0, 0.11111113, 0.029629637, 0.11111113, 0.029629637, 0.037037037, 0.0, 0.11111111, 0.0, -0.11111111, 0.22222222, -0.11111111, 0.11111111, 0.11111111, -2.0943952, negative
77.0, 124.0, 9.0, 0.0, 0.0, 0.50000006, 0.12222217, 0.6111111, 0.06296294, 5.111111, 6.888889, 5.6666665, 2.7777777, 5.3333335, 1.6666666, -7.0, 6.888889, 0.59589946, -0.7526692, positive
179.0, 133.0, 9.0, 0.0, 0.0, 2.3888886, 2.3796985, 0.8888893, 0.7503084, 36.77778, 32.0, 46.333332, 32.0, -14.333333, 28.666666, -14.333333, 46.333332, 0.3133975, -2.091572, negative
77.0, 36.0, 9.0, 0.0, 0.0, 0.555556, 0.17213687, 1.0555559, 0.6469302, 111.92593, 98.22222, 130.33334, 107.22222, -41.11111, 55.22222, -14.111111, 130.33334, 0.24633974, -2.387384, negative
77.0, 78.0, 9.0, 0.0, 0.0, 2.222223, 2.3407404, 2.0, 5.8666697, 24.592592, 24.0, 31.222221, 18.555555, -1.7777778, 19.88889, -18.11111, 31.222221, 0.40196496, -1.610448, positive
150.0, 113.0, 9.0, 0.0, 0.0, 0.5, 0.25555554, 0.77777773, 0.20740744, 5.5925927, 7.111111, 6.6666665, 3.0, 4.5555553, 3.2222223, -7.7777777, 7.111111, 0.5793651, -0.942558, positive
94.0, 104.0, 9.0, 0.0, 0.0, 6.6111107, 1.420747, 1.0000013, 0.5163988, 55.74074, 48.88889, 69.55556, 48.77778, -20.555555, 41.444443, -20.88889, 69.55556, 0.30307138, -2.0854902, negative
222.0, 62.0, 9.0, 0.0, 0.0, 0.27777782, 0.2509242, 0.6666667, 0.55777335, 6.4074073, 4.111111, 11.444445, 3.6666667, -6.888889, 15.111111, -8.222222, 11.444445, 0.68080807, -2.0341523, negative
30.0, 56.0, 9.0, 0.0, 0.0, 1.5555553, 0.4296295, 1.4999996, 1.2777773, 23.703703, 22.11111, 31.333334, 17.666668, -4.7777777, 22.88889, -18.11111, 31.333334, 0.43595982, -1.7488347, positive
119.0, 192.0, 9.0, 0.11111111, 0.0, 2.4999993, 2.0843334, 6.1666675, 2.3261807, 59.555557, 52.555557, 74.77778, 51.333332, -21.0, 45.666668, -24.666666, 74.77778, 0.31279564, -2.0381765, negative
96.0, 135.0, 9.0, 0.0, 0.0, 0.38888893, 0.06296293, 0.16666664, 0.033333324, 1.925926, 1.0, 4.4444447, 0.33333334, -2.7777777, 7.5555553, -4.7777777, 4.4444447, 0.92777777, -1.9313321, negative
219.0, 176.0, 9.0, 0.0, 0.11111111, 2.1111119, 1.857917, 5.111111, 2.8414931, 60.296295, 53.333332, 75.66667, 51.88889, -20.88889, 46.11111, -25.222221, 75.66667, 0.31446242, -2.0306482, negative
220.0, 149.0, 9.0, 0.0, 0.0, 0.11111113, 0.17213261, 0.11111113, 0.17213261, 0.037037037, 0.0, 0.11111111, 0.0, -0.11111111, 0.22222222, -0.11111111, 0.11111111, 0.11111111, -2.0943952, negative
55.0, 80.0, 9.0, 0.11111111, 0.0, 1.833333, 4.3, 1.8333334, 1.0999995, 7.0740743, 2.8888888, 12.444445, 5.888889, -12.555555, 16.11111, -3.5555556, 12.444445, 0.77528197, -2.4175172, negative
10.0, 207.0, 9.0, 0.0, 0.0, 2.61111, 1.3066788, 3.1111119, 3.0086293, 52.11111, 46.0, 64.88889, 45.444443, -18.333334, 38.333332, -20.0, 64.88889, 0.29928485, -2.0633535, negative
227.0, 132.0, 9.0, 0.0, 0.0, 6.666668, 1.3824298, 1.3333334, 1.0110494, 38.77778, 33.22222, 49.22222, 33.88889, -16.666666, 31.333334, -14.666667, 49.22222, 0.32576838, -2.1295228, negative
34.0, 116.0, 9.0, 0.0, 0.0, 5.777778, 4.405383, 0.49999872, 0.27888796, 61.0, 52.444443, 76.44444, 54.11111, -25.666666, 46.333332, -20.666666, 76.44444, 0.31323463, -2.1617932, negative
95.0, 100.0, 9.0, 0.11111111, 0.0, 0.7222223, 0.1074075, 1.2222217, 1.140741, 21.074074, 21.666666, 26.0, 15.555555, 1.7777778, 14.777778, -16.555555, 26.0, 0.4010419, -1.4770186, positive
102.0, 158.0, 9.0, 0.22222222, 0.0, 2.2777774, 2.1230664, 1.8333334, 1.0488074, 39.333332, 35.555557, 47.444443, 35.0, -11.333333, 24.333334, -13.0, 47.444443, 0.26415184, -2.049172, negative
146.0, 201.0, 9.0, 0.0, 0.0, 0.61111087, 0.32773054, 1.0555555, 0.8004625, 10.666667, 8.666667, 7.0, 16.333334, -6.0, -11.0, 17.0, 16.333334, 0.5708515, 1.9092555, negative
187.0, 89.0, 9.0, 0.0, 0.0, 1.7777777, 1.7469549, 0.9444444, 0.80046284, 5.037037, 2.8888888, 9.555555, 2.6666667, -6.4444447, 13.555555, -7.111111, 9.555555, 0.74090356, -2.0653422, negative
219.0, 80.0, 9.0, 0.0, 0.0, 2.0555556, 2.9014688, 2.9444444, 1.0835476, 14.481482, 11.333333, 20.333334, 11.777778, -9.444445, 17.555555, -8.111111, 20.333334, 0.43286037, -2.1389008, negative
123.0, 136.0, 9.0, 0.0, 0.0, 0.5555555, 1.0962964, 0.6666666, 1.3333331, 1.1111112, 0.11111111, 3.0, 0.22222222, -3.0, 5.6666665, -2.6666667, 3.0, 0.9861111, -2.1109743, negative
237.0, 135.0, 9.0, 0.0, 0.0, 0.5555556, 0.20740725, 0.66666675, 0.35555547, 4.148148, 5.6666665, 4.7777777, 2.0, 4.5555553, 1.8888888, -6.4444447, 5.6666665, 0.6472222, -0.8078477, positive
127.0, 57.0, 9.0, 0.11111111, 0.0, 0.944444, 0.7123264, 1.611112, 1.1038661, 124.25926, 113.0, 140.33334, 119.44444, -33.77778, 48.22222, -14.444445, 140.33334, 0.19475445, -2.3411634, negative
236.0, 117.0, 9.0, 0.0, 0.0, 0.7777786, 0.40368706, 1.277778, 0.74286777, 45.88889, 39.555557, 58.444443, 39.666668, -19.0, 37.666668, -18.666666, 58.444443, 0.33047688, -2.0994802, negative
243.0, 41.0, 9.0, 0.0, 0.0, 1.0, 0.35555902, 0.27777863, 0.15185194, 135.22223, 128.44444, 145.88889, 131.33334, -20.333334, 32.0, -11.666667, 145.88889, 0.11953241, -2.2702253, negative
52.0, 89.0, 9.0, 0.0, 0.0, 5.2222223, 2.721655, 0.7222226, 0.49065316, 28.925926, 25.222221, 36.88889, 24.666666, -11.111111, 23.88889, -12.777778, 36.88889, 0.33112764, -2.0484614, negative
96.0, 141.0, 9.0, 0.0, 0.0, 1.5555555, 0.7407407, 0.44444445, 0.11851848, 4.962963, 3.1111112, 8.777778, 3.0, -5.5555553, 11.444445, -5.888889, 8.777778, 0.6652397, -2.0750706, negative
174.0, 112.0, 9.0, 0.0, 0.0, 2.3888881, 0.99629515, 0.6666663, 0.79999924, 31.62963, 24.222221, 43.666668, 27.0, -22.222221, 36.11111, -13.888889, 43.666668, 0.4450395, -2.2447722, negative
121.0, 154.0, 9.0, 0.0, 0.0, 0.44444442, 0.118518524, 2.611111, 5.7518525, 1.8518518, 1.5555556, 3.0, 1.0, -0.8888889, 3.4444444, -2.5555556, 3.0, 0.5343915, -1.9059265, negative
236.0, 42.0, 9.0, 0.0, 0.0, 0.72222394, 0.46296337, 1.3888906, 1.4407468, 135.2963, 128.11111, 146.44444, 131.33334, -21.555555, 33.444443, -11.888889, 146.44444, 0.12513736, -2.2822175, negative
22.0, 116.0, 9.0, 0.0, 0.0, 0.38888875, 0.10740741, 0.33333325, 0.13333334, 5.6296296, 6.7777777, 7.0, 3.1111112, 3.4444444, 4.111111, -7.5555553, 7.3333335, 0.57539684, -1.0996237, positive
84.0, 62.0, 9.0, 0.0, 0.0, 0.72222203, 0.49065322, 0.9444434, 0.77220213, 61.037037, 53.444443, 76.22222, 53.444443, -22.777779, 45.555557, -22.777779, 76.22222, 0.3031787, -2.0937438, negative
117.0, 224.0, 9.0, 0.0, 0.0, 3.0555556, 2.5596585, 3.0555556, 3.0215273, 20.25926, 15.444445, 17.777779, 27.555555, -14.444445, -7.4444447, 21.88889, 27.555555, 0.44151622, 2.3041532, negative
86.0, 33.0, 9.0, 0.0, 0.0, 1.1666654, 0.6111112, 0.61110944, 0.19629543, 109.888885, 96.77778, 130.55556, 102.333336, -39.333332, 62.0, -22.666666, 130.55556, 0.25860354, -2.2662253, negative
234.0, 122.0, 9.0, 0.0, 0.0, 1.7222222, 7.8407397, 1.3888888, 7.574073, 2.2592592, 0.5555556, 5.2222223, 1.0, -5.111111, 8.888889, -3.7777777, 5.2222223, 0.96031743, -2.1732037, negative
250.0, 160.0, 9.0, 0.0, 0.0, 2.1111114, 1.1851863, 1.5555553, 2.740741, 42.814816, 36.444443, 55.333332, 36.666668, -19.11111, 37.555557, -18.444445, 55.333332, 0.34714225, -2.1023183, negative
56.0, 32.0, 9.0, 0.0, 0.0, 0.9444453, 0.41851896, 0.83333206, 0.6555584, 112.03704, 99.22222, 132.55556, 104.333336, -38.444443, 61.555557, -23.11111, 132.55556, 0.25142038, -2.2556741, negative
74.0, 64.0, 9.0, 0.0, 0.0, 1.8333327, 1.2064646, 2.0, 1.1155467, 56.592594, 49.666668, 71.0, 49.11111, -20.777779, 43.22222, -22.444445, 71.0, 0.3130033, -2.0671675, negative
104.0, 136.0, 9.0, 0.0, 0.0, 0.50000006, 0.12222223, 0.66666657, 0.08888887, 6.814815, 8.333334, 8.0, 4.111111, 4.5555553, 3.5555556, -8.111111, 8.666667, 0.52623457, -0.96393055, positive
11.0, 118.0, 9.0, 0.0, 0.0, 0.27777776, 0.15185185, 0.38888893, 0.06296293, 0.7037037, 0.0, 2.0, 0.11111111, -2.1111112, 3.8888888, -1.7777778, 2.0, 1.0, -2.132635, negative
166.0, 110.0, 9.0, 0.0, 0.11111111, 0.61111134, 0.24074027, 2.1111114, 2.2962978, 29.296297, 23.0, 40.444443, 24.444445, -18.88889, 33.444443, -14.555555, 40.444443, 0.4318249, -2.182018, negative
29.0, 195.0, 9.0, 0.0, 0.0, 0.44444433, 0.40368652, 0.61111087, 0.6804136, 16.037037, 14.444445, 13.333333, 20.333334, -4.7777777, -8.111111, 12.888889, 20.333334, 0.34230694, 1.9430399, negative
224.0, 34.0, 9.0, 0.0, 0.0, 1.3333321, 0.9660913, 1.0000013, 0.63245475, 123.22222, 111.44444, 140.0, 118.22222, -35.333332, 50.333332, -15.0, 140.0, 0.20392033, -2.3433814, negative
84.0, 40.0, 9.0, 0.0, 0.0, 1.1666641, 0.16666654, 1.2222214, 2.1185126, 127.40741, 117.44444, 142.22223, 122.55556, -29.88889, 44.444443, -14.555555, 142.22223, 0.17420864, -2.3087664, negative
7.0, 203.0, 9.0, 0.11111111, 0.11111111, 3.8888881, 2.8570898, 5.4444447, 2.7460413, 54.0, 47.666668, 67.66667, 46.666668, -19.0, 41.0, -22.0, 67.66667, 0.31489635, -2.0400128, negative
50.0, 50.0, 9.0, 0.0, 0.0, 0.7777774, 0.6554623, 0.7777799, 0.50185025, 124.111115, 113.111115, 140.88889, 118.333336, -33.0, 50.333332, -17.333334, 140.88889, 0.19716202, -2.2882798, negative
27.0, 50.0, 9.0, 0.0, 0.0, 1.0555557, 0.46296322, 1.0000004, 0.48888907, 23.037037, 21.666666, 30.0, 17.444445, -4.111111, 20.88889, -16.777779, 30.0, 0.41874644, -1.7412539, positive
242.0, 57.0, 9.0, 0.0, 0.0, 1.2222239, 0.78518283, 1.0000013, 0.31111082, 92.92593, 76.44444, 119.333336, 83.0, -49.444443, 79.22222, -29.777779, 119.333336, 0.35934293, -2.2542083, negative
212.0, 140.0, 9.0, 0.0, 0.0, 3.8333333, 4.204495, 0.66666657, 0.6666667, 2.8888888, 2.6666667, 3.3333333, 2.6666667, -0.6666667, 1.3333334, -0.6666667, 3.3333333, 0.06888328, -2.0943952, negative
69.0, 136.0, 9.0, 0.0, 0.0, 3.1111114, 2.8100348, 2.777778, 3.1669588, 19.444445, 16.88889, 25.777779, 15.666667, -7.6666665, 19.0, -11.333333, 26.666666, 0.42529303, -1.6157203, negative
223.0, 161.0, 9.0, 0.0, 0.0, 1.3888893, 3.040736, 8.999999, 31.022234, 42.037037, 36.0, 52.22222, 37.88889, -18.11111, 30.555555, -12.444445, 52.22222, 0.30841646, -2.282295, negative
30.0, 102.0, 9.0, 0.0, 0.0, 1.2222217, 0.11851845, 1.333333, 0.7999998, 20.25926, 20.333334, 25.0, 15.444445, 0.22222222, 14.222222, -14.444445, 25.0, 0.38105944, -1.5550972, positive
143.0, 24.0, 9.0, 0.0, 0.0, 1.2777773, 0.9074056, 0.88888806, 1.1407489, 127.62963, 117.666664, 141.66667, 123.55556, -29.88889, 42.11111, -12.222222, 141.66667, 0.16939692, -2.349252, negative
