@relation segment0
@attribute Region-centroid-col real [1.0, 254.0]
@attribute Region-centroid-row real [11.0, 251.0]
@attribute Region-pixel-count real [9.0, 10.0]
@attribute Short-line-density-5 real [0.0, 0.33333334]
@attribute Short-line-density-2 real [0.0, 0.22222222]
@attribute Vedge-mean real [0.0, 29.222221]
@attribute Vegde-sd real [0.0, 991.7184]
@attribute Hedge-mean real [0.0, 44.722225]
@attribute Hedge-sd real [-1.5894573E-8, 1386.3292]
@attribute Intensity-mean real [0.0, 143.44444]
@attribute Rawred-mean real [0.0, 137.11111]
@attribute Rawblue-mean real [0.0, 150.88889]
@attribute Rawgreen-mean real [0.0, 142.55556]
@attribute Exred-mean real [-49.666668, 9.888889]
@attribute Exblue-mean real [-12.444445, 82.0]
@attribute Exgreen-mean real [-33.88889, 24.666666]
@attribute Value-mean real [0.0, 150.88889]
@attribute Saturatoin-mean real [0.0, 1.0]
@attribute Hue-mean real [-3.0441751, 2.9124804]
@attribute Class {positive,negative}
@inputs Region-centroid-col, Region-centroid-row, Region-pixel-count, Short-line-density-5, Short-line-density-2, Vedge-mean, Vegde-sd, Hedge-mean, Hedge-sd, Intensity-mean, Rawred-mean, Rawblue-mean, Rawgreen-mean, Exred-mean, Exblue-mean, Exgreen-mean, Value-mean, Saturatoin-mean, Hue-mean
@outputs Class
@data
6.0, 51.0, 9.0, 0.0, 0.0, 1.6666666, 1.9999989, 1.611111, 2.1074073, 19.592592, 18.777779, 25.666666, 14.333333, -2.4444444, 18.222221, -15.777778, 25.666666, 0.44286063, -1.6812904, positive
203.0, 182.0, 9.0, 0.0, 0.0, 3.722222, 2.576964, 3.6111114, 1.705112, 54.925926, 49.444443, 68.111115, 47.22222, -16.444445, 39.555557, -23.11111, 68.111115, 0.3067216, -1.9803478, negative
225.0, 58.0, 9.0, 0.0, 0.0, 0.3333335, 0.42163706, 0.4444445, 0.34426522, 8.333333, 5.5555553, 14.111111, 5.3333335, -8.333333, 17.333334, -9.0, 14.111111, 0.62222224, -2.0685637, negative
14.0, 120.0, 9.0, 0.0, 0.0, 0.3333333, 0.13333331, 0.44444442, 0.29629624, 1.5925926, 0.0, 3.8888888, 0.8888889, -4.7777777, 6.888889, -2.1111112, 3.8888888, 1.0, -2.3157208, negative
184.0, 145.0, 9.0, 0.0, 0.0, 0.9444445, 0.49065363, 1.7777778, 0.93491936, 3.4074075, 2.3333335, 5.7777777, 2.1111112, -3.2222223, 7.111111, -3.8888888, 5.7777777, 0.65661377, -2.0365057, negative
155.0, 40.0, 9.0, 0.0, 0.0, 1.888889, 2.072751, 0.05555554, 0.13608274, 1.2592592, 1.2222222, 1.5555556, 1.0, -0.11111111, 0.8888889, -0.7777778, 1.5555556, 0.11666667, -1.5707964, negative
192.0, 157.0, 9.0, 0.0, 0.0, 1.0555559, 0.5074076, 0.77777797, 0.16296285, 18.333334, 13.888889, 17.222223, 23.88889, -13.333333, -3.3333333, 16.666666, 23.88889, 0.41818407, 2.4386153, negative
118.0, 85.0, 9.0, 0.0, 0.0, 3.2777777, 4.418521, 2.277778, 6.8185186, 8.185185, 3.5555556, 14.888889, 6.111111, -13.888889, 20.11111, -6.2222223, 14.888889, 0.7741213, -2.3290927, negative
218.0, 115.0, 9.0, 0.0, 0.0, 0.944444, 0.5340271, 0.38888898, 0.38968194, 22.962963, 19.444445, 29.444445, 20.0, -10.555555, 19.444445, -8.888889, 29.444445, 0.33914888, -2.1486697, negative
108.0, 146.0, 9.0, 0.0, 0.0, 0.0, 0.0, 0.0, 0.0, 0.0, 0.0, 0.0, 0.0, 0.0, 0.0, 0.0, 0.0, 0.0, 0.0, negative
91.0, 120.0, 9.0, 0.0, 0.0, 1.3888893, 0.9289578, 0.61111146, 0.77220225, 16.851852, 11.222222, 25.777779, 13.555555, -16.88889, 26.777779, -9.888889, 25.777779, 0.5621582, -2.2308207, negative
211.0, 130.0, 9.0, 0.0, 0.0, 0.0, 0.0, 0.0, 0.0, 0.0, 0.0, 0.0, 0.0, 0.0, 0.0, 0.0, 0.0, 0.0, 0.0, negative
245.0, 238.0, 9.0, 0.11111111, 0.0, 1.6666665, 2.5385911, 2.3333333, 2.4404008, 8.925926, 6.3333335, 6.5555553, 13.888889, -7.7777777, -7.111111, 14.888889, 13.888889, 0.59701496, 2.1260629, negative
147.0, 87.0, 9.0, 0.0, 0.0, 6.8333335, 6.6189947, 1.5555567, 1.6953089, 43.333332, 37.88889, 54.88889, 37.22222, -16.333334, 34.666668, -18.333334, 54.88889, 0.319706, -2.050388, negative
221.0, 107.0, 9.0, 0.0, 0.0, 1.1666666, 0.2111112, 0.83333325, 0.3444444, 2.2222223, 0.33333334, 5.3333335, 1.0, -5.6666665, 9.333333, -3.6666667, 5.3333335, 0.94708997, -2.2263546, negative
153.0, 192.0, 9.0, 0.0, 0.0, 3.3888893, 1.7815926, 7.444444, 4.1347656, 53.444443, 47.333332, 65.0, 48.0, -18.333334, 34.666668, -16.333334, 65.0, 0.27272084, -2.1641955, negative
59.0, 116.0, 9.0, 0.0, 0.0, 3.0000007, 2.8126693, 0.7777777, 0.45542037, 21.962963, 17.88889, 29.555555, 18.444445, -12.222222, 22.777779, -10.555555, 29.555555, 0.39566323, -2.144778, negative
116.0, 35.0, 9.0, 0.0, 0.0, 0.8333333, 0.7817351, 0.88888806, 0.5443334, 125.18519, 113.77778, 141.33334, 120.44444, -34.22222, 48.444443, -14.222222, 141.33334, 0.19485293, -2.3466358, negative
181.0, 15.0, 9.0, 0.0, 0.0, 0.8333359, 0.21111082, 1.4444427, 1.2296315, 140.2963, 133.88889, 149.55556, 137.44444, -19.222221, 27.777779, -8.555555, 149.55556, 0.10463921, -2.330563, negative
201.0, 125.0, 9.0, 0.11111111, 0.0, 1.722222, 1.3402604, 8.555554, 5.725834, 43.37037, 41.666668, 49.0, 39.444443, -5.111111, 16.88889, -11.777778, 49.0, 0.19248421, -1.8405788, negative
201.0, 125.0, 9.0, 0.0, 0.0, 1.0, 0.44444403, 9.944444, 103.751854, 42.814816, 39.11111, 51.77778, 37.555557, -11.111111, 26.88889, -15.777778, 51.77778, 0.27063802, -1.9730246, negative
59.0, 120.0, 9.0, 0.0, 0.0, 2.1666667, 1.9860634, 1.4444441, 1.8698385, 19.074074, 10.555555, 33.11111, 13.555555, -25.555555, 42.11111, -16.555555, 33.11111, 0.6812664, -2.2312608, negative
187.0, 89.0, 9.0, 0.0, 0.0, 3.0, 1.6055458, 1.111111, 1.0680547, 8.444445, 6.3333335, 13.0, 6.0, -6.3333335, 13.666667, -7.3333335, 13.0, 0.548545, -2.0438845, negative
206.0, 61.0, 9.0, 0.0, 0.0, 0.5555555, 0.40368673, 0.4999999, 0.45946813, 7.0740743, 4.666667, 12.222222, 4.3333335, -7.2222223, 15.444445, -8.222222, 12.222222, 0.64589113, -2.0487173, negative
34.0, 169.0, 9.0, 0.0, 0.0, 0.8333333, 0.5055251, 1.6111112, 0.8798151, 12.814815, 10.666667, 9.777778, 18.0, -6.4444447, -9.111111, 15.555555, 18.0, 0.46356925, 1.9931829, negative
151.0, 163.0, 9.0, 0.0, 0.0, 2.0555556, 2.2851863, 18.166666, 41.988934, 40.0, 34.555557, 48.0, 37.444443, -16.333334, 24.0, -7.6666665, 48.11111, 0.2638465, -2.5174901, negative
161.0, 154.0, 9.0, 0.0, 0.0, 0.0, 0.0, 0.0, 0.0, 0.0, 0.0, 0.0, 0.0, 0.0, 0.0, 0.0, 0.0, 0.0, 0.0, negative
223.0, 175.0, 9.0, 0.0, 0.0, 3.7777786, 3.1245742, 7.166668, 4.68923, 57.851852, 50.77778, 72.77778, 50.0, -21.222221, 44.77778, -23.555555, 72.77778, 0.31283396, -2.05935, negative
156.0, 188.0, 9.0, 0.0, 0.0, 4.277778, 2.3134086, 5.0, 3.7475924, 61.25926, 55.11111, 75.66667, 53.0, -18.444445, 43.22222, -24.777779, 75.66667, 0.3002418, -1.9977459, negative
62.0, 200.0, 9.0, 0.0, 0.0, 2.2777774, 2.1335068, 3.7777793, 1.7847085, 61.037037, 54.11111, 76.44444, 52.555557, -20.777779, 46.22222, -25.444445, 76.44444, 0.31254068, -2.0265863, negative
23.0, 172.0, 9.0, 0.0, 0.0, 1.333334, 0.8944272, 9.166667, 5.8566217, 42.333332, 38.0, 51.22222, 37.77778, -13.0, 26.666666, -13.666667, 51.22222, 0.26545405, -2.1265585, negative
140.0, 125.0, 9.0, 0.0, 0.0, 0.66666657, 0.22222227, 2.6666667, 3.7777781, 3.925926, 1.5555556, 7.7777777, 2.4444444, -7.111111, 11.555555, -4.4444447, 7.7777777, 0.85319865, -2.2342408, negative
166.0, 154.0, 9.0, 0.0, 0.0, 0.11111113, 0.029629637, 0.44444445, 0.074074075, 0.7037037, 0.22222222, 1.8888888, 0.0, -1.4444444, 3.5555556, -2.1111112, 1.8888888, 1.0, -2.0175102, negative
233.0, 184.0, 9.0, 0.0, 0.0, 0.5000002, 0.077777766, 0.7777777, 0.785185, 11.851851, 9.777778, 9.888889, 15.888889, -6.2222223, -5.888889, 12.111111, 15.888889, 0.40555555, 2.1286457, negative
253.0, 32.0, 9.0, 0.0, 0.0, 0.49999872, 0.58689225, 1.3333296, 0.5577723, 116.77778, 103.888885, 133.33334, 113.111115, -38.666668, 49.666668, -11.0, 133.33334, 0.22074823, -2.421193, negative
151.0, 129.0, 9.0, 0.0, 0.0, 8.055556, 8.141569, 0.72222203, 0.8277585, 32.037037, 27.555555, 41.11111, 27.444445, -13.444445, 27.222221, -13.777778, 41.11111, 0.3384073, -2.0787966, negative
86.0, 193.0, 9.0, 0.0, 0.0, 3.2777793, 1.6521593, 2.222222, 1.8094397, 61.407406, 53.666668, 76.55556, 54.0, -23.222221, 45.444443, -22.222221, 76.55556, 0.29957896, -2.1093748, negative
23.0, 147.0, 9.0, 0.0, 0.0, 0.33333337, 0.13333334, 0.72222215, 0.41851825, 4.5925927, 4.111111, 7.4444447, 2.2222223, -1.4444444, 8.555555, -7.111111, 7.6666665, 0.6984448, -1.5617536, positive
222.0, 131.0, 9.0, 0.0, 0.0, 0.0, 0.0, 0.0, 0.0, 0.0, 0.0, 0.0, 0.0, 0.0, 0.0, 0.0, 0.0, 0.0, 0.0, negative
10.0, 94.0, 9.0, 0.0, 0.0, 0.4444445, 0.11851851, 0.72222227, 0.1962963, 2.2592592, 0.11111111, 6.0, 0.6666667, -6.4444447, 11.222222, -4.7777777, 6.0, 0.9861111, -2.189708, negative
103.0, 226.0, 9.0, 0.0, 0.0, 1.722222, 1.7074074, 1.6111108, 1.7518508, 13.481482, 10.222222, 11.888889, 18.333334, -9.777778, -4.7777777, 14.555555, 18.333334, 0.44245604, 2.3038533, negative
43.0, 137.0, 9.0, 0.0, 0.0, 0.16666667, 0.077777795, 1.3888888, 1.7518517, 1.6666666, 0.6666667, 3.7777777, 0.5555556, -3.0, 6.3333335, -3.3333333, 3.7777777, 0.91798943, -2.0712416, negative
96.0, 94.0, 9.0, 0.0, 0.0, 0.7222226, 0.28518537, 0.44444466, 0.42963016, 20.222221, 16.0, 28.777779, 15.888889, -12.666667, 25.666666, -13.0, 28.777779, 0.45154575, -2.084893, negative
71.0, 95.0, 9.0, 0.0, 0.0, 2.111111, 3.6296296, 2.6666665, 3.5555563, 9.518518, 4.7777777, 15.444445, 8.333334, -14.222222, 17.777779, -3.5555556, 15.444445, 0.6989016, -2.4450119, negative
82.0, 109.0, 9.0, 0.11111111, 0.0, 0.722223, 0.24074084, 1.3333336, 0.8000008, 17.777779, 19.222221, 21.0, 13.111111, 4.3333335, 9.666667, -14.0, 21.0, 0.37602362, -1.2765617, positive
47.0, 232.0, 9.0, 0.0, 0.0, 1.2777778, 1.254621, 1.0, 0.8944273, 12.703704, 11.0, 9.0, 18.11111, -5.111111, -11.111111, 16.222221, 18.11111, 0.50096595, 1.875362, negative
151.0, 187.0, 9.0, 0.0, 0.0, 1.2222222, 0.74074084, 2.0555556, 1.0407399, 11.62963, 9.333334, 9.666667, 15.888889, -6.888889, -5.888889, 12.777778, 15.888889, 0.42836255, 2.1566393, negative
202.0, 193.0, 9.0, 0.0, 0.0, 1.111112, 0.7503075, 3.3888881, 2.489236, 41.703705, 37.88889, 50.666668, 36.555557, -11.444445, 26.88889, -15.444445, 50.666668, 0.27838665, -1.9929975, negative
140.0, 73.0, 9.0, 0.0, 0.0, 1.7222214, 0.8277598, 0.7777774, 1.0036957, 46.296295, 45.666668, 51.11111, 42.11111, -1.8888888, 14.444445, -12.555555, 51.11111, 0.1761556, -1.6815889, negative
112.0, 38.0, 9.0, 0.0, 0.0, 11.055554, 11.074329, 1.111112, 1.0680542, 64.62963, 58.22222, 78.44444, 57.22222, -19.222221, 41.444443, -22.222221, 78.44444, 0.27165923, -2.0388238, negative
112.0, 35.0, 9.0, 0.0, 0.0, 1.1111107, 1.229632, 1.4444441, 0.82963103, 127.55556, 117.44444, 142.55556, 122.666664, -30.333334, 45.0, -14.666667, 142.55556, 0.17608316, -2.311049, negative
148.0, 109.0, 9.0, 0.0, 0.0, 0.99999934, 1.2110597, 1.222222, 0.6554618, 49.407406, 42.555557, 62.88889, 42.77778, -20.555555, 40.444443, -19.88889, 62.88889, 0.32513812, -2.105478, negative
209.0, 94.0, 9.0, 0.0, 0.0, 1.0000002, 0.7601168, 0.6111111, 0.49065334, 9.111111, 5.888889, 15.222222, 6.2222223, -9.666667, 18.333334, -8.666667, 15.222222, 0.6197129, -2.1293402, negative
215.0, 235.0, 9.0, 0.0, 0.0, 1.388889, 1.06284, 1.0555557, 0.49065349, 9.185185, 6.7777777, 8.0, 12.777778, -7.2222223, -3.5555556, 10.777778, 12.777778, 0.48219234, 2.3107576, negative
114.0, 181.0, 9.0, 0.0, 0.0, 1.1111107, 0.38518563, 0.88888866, 1.0962963, 19.925926, 15.888889, 18.777779, 25.11111, -12.111111, -3.4444444, 15.555555, 25.11111, 0.36658052, 2.420823, negative
202.0, 140.0, 9.0, 0.0, 0.0, 0.72222215, 0.49065349, 0.44444445, 0.34426528, 1.037037, 0.7777778, 1.8888888, 0.44444445, -0.7777778, 2.5555556, -1.7777778, 1.8888888, 0.8148148, -1.8388771, negative
160.0, 187.0, 9.0, 0.11111111, 0.0, 2.6111119, 1.9369694, 5.1111107, 3.5381508, 49.48148, 44.666668, 60.88889, 42.88889, -14.444445, 34.22222, -19.777779, 60.88889, 0.2973408, -1.9906267, negative
224.0, 242.0, 9.0, 0.0, 0.0, 1.8888888, 0.829629, 2.222222, 3.2740743, 11.740741, 8.666667, 10.777778, 15.777778, -9.222222, -2.8888888, 12.111111, 15.777778, 0.45454717, 2.386597, negative
163.0, 68.0, 9.0, 0.0, 0.0, 1.833334, 2.21111, 1.5555559, 0.96296287, 56.77778, 52.0, 68.22222, 50.11111, -14.333333, 34.333332, -20.0, 68.22222, 0.26505277, -1.9843078, negative
46.0, 235.0, 9.0, 0.0, 0.0, 1.9444445, 1.8407409, 1.7222223, 3.574073, 10.888889, 7.5555553, 9.333334, 15.777778, -10.0, -4.6666665, 14.666667, 15.777778, 0.5203994, 2.3162425, negative
60.0, 181.0, 9.0, 0.11111111, 0.0, 1.6666666, 1.2000005, 2.6666667, 2.0888875, 19.62963, 17.11111, 17.88889, 23.88889, -7.5555553, -5.2222223, 12.777778, 23.88889, 0.28569087, 2.1891353, negative
23.0, 219.0, 9.0, 0.0, 0.0, 1.4999999, 1.0055401, 1.7222223, 0.9289575, 13.37037, 10.888889, 12.0, 17.222223, -7.4444447, -4.111111, 11.555555, 17.222223, 0.37191358, 2.2553325, negative
2.0, 63.0, 9.0, 0.0, 0.0, 1.2222219, 0.5629627, 1.4999999, 0.7000005, 18.074074, 17.222223, 23.666666, 13.333333, -2.5555556, 16.777779, -14.222222, 23.666666, 0.43502074, -1.6838473, positive
179.0, 101.0, 9.0, 0.0, 0.0, 0.44444785, 0.3851871, 0.61110944, 0.32963282, 134.92592, 126.44444, 147.22223, 131.11111, -25.444445, 36.88889, -11.444445, 147.22223, 0.14110672, -2.3287346, negative
71.0, 187.0, 9.0, 0.0, 0.0, 2.0, 1.6329935, 3.555555, 1.8698399, 18.666666, 14.666667, 16.222223, 25.11111, -12.0, -7.3333335, 19.333334, 25.11111, 0.43121487, 2.2543035, negative
166.0, 65.0, 9.0, 0.0, 0.0, 0.7777774, 0.7851876, 0.7222214, 0.3296294, 97.333336, 82.77778, 121.111115, 88.111115, -43.666668, 71.333336, -27.666666, 121.111115, 0.316474, -2.2391438, negative
32.0, 45.0, 9.0, 0.0, 0.0, 2.2777777, 3.1740727, 3.2777777, 1.44074, 21.925926, 20.555555, 28.777779, 16.444445, -4.111111, 20.555555, -16.444445, 28.777779, 0.42816728, -1.7353698, positive
9.0, 236.0, 9.0, 0.0, 0.0, 1.8333335, 3.455556, 3.0555553, 5.5296316, 11.074074, 9.444445, 9.444445, 14.333333, -4.888889, -4.888889, 9.777778, 14.333333, 0.37655354, 2.0832295, negative
42.0, 201.0, 9.0, 0.0, 0.0, 2.1111107, 2.0184336, 4.333332, 4.7234635, 59.333332, 52.555557, 74.0, 51.444443, -20.333334, 44.0, -23.666666, 74.0, 0.3066086, -2.042514, negative
45.0, 89.0, 9.0, 0.0, 0.0, 0.7777777, 0.3407409, 0.77777773, 0.47407398, 2.2962964, 0.11111111, 6.4444447, 0.33333334, -6.5555553, 12.444445, -5.888889, 6.4444447, 0.9861111, -2.1239047, negative
159.0, 40.0, 9.0, 0.0, 0.0, 0.8888893, 0.6206305, 0.555556, 0.17213097, 125.14815, 114.22222, 141.66667, 119.55556, -32.77778, 49.555557, -16.777779, 141.66667, 0.19366461, -2.2948995, negative
42.0, 138.0, 9.0, 0.0, 0.0, 0.4444445, 1.1851856, 0.44444445, 1.1851853, 0.2962963, 0.11111111, 0.6666667, 0.11111111, -0.5555556, 1.1111112, -0.5555556, 0.6666667, 0.09259259, -2.0943952, negative
68.0, 115.0, 9.0, 0.0, 0.0, 3.3333333, 3.1055503, 2.722222, 2.7921848, 26.037037, 18.444445, 39.0, 20.666668, -22.777779, 38.88889, -16.11111, 39.0, 0.5235376, -2.0906491, negative
236.0, 193.0, 9.0, 0.0, 0.0, 2.6666653, 1.6865476, 4.0555553, 3.2756124, 49.11111, 43.333332, 61.22222, 42.77778, -17.333334, 36.333332, -19.0, 61.22222, 0.30314395, -2.0654206, negative
32.0, 113.0, 9.0, 0.0, 0.0, 0.50000006, 0.07777767, 0.27777782, 0.15185188, 6.148148, 7.2222223, 7.7777777, 3.4444444, 3.2222223, 4.888889, -8.111111, 7.888889, 0.56349206, -1.175454, positive
178.0, 25.0, 9.0, 0.0, 0.0, 0.7222214, 0.32773143, 1.5555559, 1.2412641, 44.814816, 39.555557, 55.0, 39.88889, -15.777778, 30.555555, -14.777778, 55.0, 0.2845817, -2.1188104, negative
41.0, 75.0, 9.0, 0.0, 0.11111111, 15.388889, 19.136257, 26.611113, 31.71359, 55.0, 47.444443, 65.44444, 52.11111, -22.666666, 31.333334, -8.666667, 65.44444, 0.29780185, -2.3567543, negative
42.0, 59.0, 9.0, 0.0, 0.0, 1.833333, 3.5000002, 2.0555553, 0.86296284, 21.814816, 20.777779, 28.777779, 15.888889, -3.1111112, 20.88889, -17.777779, 28.777779, 0.44514215, -1.680812, positive
123.0, 94.0, 9.0, 0.0, 0.0, 0.50000066, 0.07777796, 0.8333333, 0.033333335, 21.444445, 16.88889, 30.444445, 17.0, -13.666667, 27.0, -13.333333, 30.444445, 0.4521822, -2.1009657, negative
89.0, 195.0, 9.0, 0.11111111, 0.0, 2.7222226, 1.8668653, 3.1666667, 1.8226969, 61.74074, 55.11111, 76.55556, 53.555557, -19.88889, 44.444443, -24.555555, 76.55556, 0.30023456, -2.020938, negative
189.0, 79.0, 9.0, 0.0, 0.0, 2.7222226, 2.3296294, 1.333334, 0.75555575, 41.407406, 38.0, 49.666668, 36.555557, -10.222222, 24.777779, -14.555555, 49.666668, 0.2655346, -1.9845829, negative
146.0, 125.0, 9.0, 0.11111111, 0.0, 0.99999744, 0.44444707, 2.1666667, 1.9444479, 69.333336, 63.22222, 83.111115, 61.666668, -18.333334, 41.333332, -23.0, 83.111115, 0.2575994, -2.0195448, negative
114.0, 238.0, 9.0, 0.0, 0.0, 1.666667, 1.1352924, 1.4444445, 1.0680548, 13.62963, 11.111111, 10.666667, 19.11111, -7.5555553, -8.888889, 16.444445, 19.11111, 0.46145898, 2.0466826, negative
10.0, 137.0, 9.0, 0.0, 0.0, 0.5555555, 0.07407411, 0.2777778, 0.018518511, 0.9259259, 0.11111111, 2.6666667, 0.0, -2.4444444, 5.2222223, -2.7777777, 2.6666667, 1.0, -2.0561552, negative
226.0, 69.0, 9.0, 0.0, 0.11111111, 19.111113, 991.7184, 20.444445, 1039.5408, 23.814816, 19.222221, 29.333334, 22.88889, -13.777778, 16.555555, -2.7777777, 29.333334, 0.5089938, -2.488979, negative
75.0, 113.0, 9.0, 0.0, 0.11111111, 2.944445, 4.1226563, 6.1666665, 6.2245026, 27.88889, 17.11111, 44.22222, 22.333334, -32.333332, 49.0, -16.666666, 44.22222, 0.62207055, -2.2966495, negative
215.0, 219.0, 9.0, 0.0, 0.0, 2.5555556, 2.2377238, 3.2222223, 2.491467, 13.222222, 10.333334, 10.222222, 19.11111, -8.666667, -9.0, 17.666666, 19.11111, 0.49459508, 2.0861003, negative
148.0, 169.0, 9.0, 0.11111111, 0.0, 1.0555553, 0.7740734, 1.833333, 2.6111097, 19.592592, 15.111111, 18.666668, 25.0, -13.444445, -2.7777777, 16.222221, 25.0, 0.3961213, 2.467752, negative
23.0, 113.0, 9.0, 0.0, 0.0, 0.72222203, 0.9962958, 2.777778, 2.7851818, 14.703704, 17.11111, 16.88889, 10.111111, 7.2222223, 6.5555553, -13.777778, 18.333334, 0.4513593, -0.97570044, positive
174.0, 115.0, 9.0, 0.0, 0.0, 2.444444, 3.407407, 3.6666663, 12.266669, 29.481482, 23.11111, 40.11111, 25.222221, -19.11111, 31.88889, -12.777778, 40.11111, 0.42149335, -2.2186553, negative
165.0, 186.0, 9.0, 0.0, 0.0, 2.5555546, 1.5729187, 2.0, 1.173788, 49.51852, 45.11111, 61.11111, 42.333336, -13.222222, 34.77778, -21.555555, 61.11111, 0.3072572, -1.9408131, negative
54.0, 134.0, 9.0, 0.0, 0.0, 0.22222222, 0.029629637, 0.055555556, 0.01851852, 0.5185185, 0.0, 1.5555556, 0.0, -1.5555556, 3.1111112, -1.5555556, 1.5555556, 1.0, -2.0943952, negative
252.0, 181.0, 9.0, 0.0, 0.0, 0.9999997, 0.6324556, 2.055555, 2.037609, 16.296297, 13.555555, 13.888889, 21.444445, -8.222222, -7.2222223, 15.444445, 21.444445, 0.38555545, 2.141428, negative
27.0, 57.0, 9.0, 0.11111111, 0.0, 0.7222226, 0.32772803, 0.7222226, 0.3896791, 70.37037, 60.0, 90.111115, 61.0, -31.11111, 59.22222, -28.11111, 90.111115, 0.33538663, -2.128801, negative
122.0, 129.0, 9.0, 0.0, 0.0, 2.2777786, 0.86296284, 19.833334, 11.944499, 51.0, 46.88889, 60.666668, 45.444443, -12.333333, 29.0, -16.666666, 60.666668, 0.24809188, -1.9972415, negative
163.0, 131.0, 9.0, 0.0, 0.0, 0.16666669, 0.18257421, 0.27777776, 0.25092423, 1.5555556, 0.8888889, 3.6666667, 0.11111111, -2.0, 6.3333335, -4.3333335, 3.6666667, 0.9722222, -1.871048, negative
176.0, 100.0, 9.0, 0.0, 0.0, 1.9444441, 0.7740748, 1.4444447, 0.6518514, 55.37037, 50.333332, 66.88889, 48.88889, -15.111111, 34.555557, -19.444445, 66.88889, 0.26862052, -2.00619, negative
218.0, 147.0, 9.0, 0.0, 0.0, 0.0, 0.0, 0.0, 0.0, 0.0, 0.0, 0.0, 0.0, 0.0, 0.0, 0.0, 0.0, 0.0, 0.0, negative
252.0, 27.0, 9.0, 0.0, 0.0, 1.2777761, 0.59629273, 0.99999744, 0.5777743, 136.2963, 130.33334, 145.55556, 133.0, -17.88889, 27.777779, -9.888889, 145.55556, 0.1044701, -2.2641287, negative
114.0, 242.0, 9.0, 0.0, 0.0, 2.7222223, 2.4532676, 4.6666675, 1.9206476, 24.074074, 19.222221, 22.444445, 30.555555, -14.555555, -4.888889, 19.444445, 30.555555, 0.3716949, 2.395778, negative
165.0, 96.0, 9.0, 0.0, 0.0, 2.38889, 1.5740778, 1.722222, 1.2185229, 67.03704, 61.0, 80.22222, 59.88889, -18.11111, 39.555557, -21.444445, 80.22222, 0.25459513, -2.0363362, negative
34.0, 131.0, 9.0, 0.0, 0.0, 0.3333333, 0.17777775, 0.72222215, 0.5518518, 0.8148148, 0.33333334, 1.8888888, 0.22222222, -1.4444444, 3.2222223, -1.7777778, 1.8888888, 0.9259259, -2.0561552, negative
147.0, 111.0, 9.0, 0.0, 0.0, 0.38888893, 0.1518518, 0.4444445, 0.118518546, 5.6666665, 7.0, 7.0, 3.0, 4.0, 4.0, -8.0, 7.3333335, 0.59126985, -1.0414338, positive
78.0, 107.0, 9.0, 0.0, 0.0, 0.8333332, 0.65555614, 1.6111108, 1.92963, 17.185184, 18.333334, 20.666668, 12.555555, 3.4444444, 10.444445, -13.888889, 20.777779, 0.3952535, -1.3124995, positive
79.0, 154.0, 9.0, 0.0, 0.0, 1.1111112, 1.5851849, 0.16666669, 0.07777777, 0.7407407, 0.44444445, 1.5555556, 0.22222222, -0.8888889, 2.4444444, -1.5555556, 1.5555556, 0.2888889, -1.9196393, negative
64.0, 49.0, 9.0, 0.0, 0.0, 0.94444656, 0.2407416, 0.7222252, 0.4185201, 108.888885, 97.111115, 128.88889, 100.666664, -35.333332, 60.0, -24.666666, 128.88889, 0.246491, -2.211659, negative
121.0, 120.0, 9.0, 0.0, 0.0, 0.9444445, 0.250924, 0.72222215, 0.8798147, 3.5185184, 1.1111112, 6.5555553, 2.8888888, -7.2222223, 9.111111, -1.8888888, 6.5555553, 0.8399471, -2.4337952, negative
250.0, 131.0, 9.0, 0.0, 0.0, 0.0, 0.0, 0.0, 0.0, 0.0, 0.0, 0.0, 0.0, 0.0, 0.0, 0.0, 0.0, 0.0, 0.0, negative
208.0, 34.0, 9.0, 0.0, 0.0, 1.7222224, 1.7309811, 0.4444445, 0.50184834, 14.444445, 10.777778, 21.0, 11.555555, -11.0, 19.666666, -8.666667, 21.0, 0.479958, -2.1623826, negative
26.0, 120.0, 9.0, 0.0, 0.0, 0.77777773, 1.2740741, 0.8333333, 1.0555556, 1.3333334, 0.11111111, 3.3333333, 0.5555556, -3.6666667, 6.0, -2.3333333, 3.3333333, 0.984127, -2.1787686, negative
203.0, 93.0, 9.0, 0.0, 0.0, 2.6666667, 6.4444437, 3.4444444, 11.674076, 6.7777777, 3.2222223, 11.888889, 5.2222223, -10.666667, 15.333333, -4.6666665, 11.888889, 0.7601911, -2.332766, negative
193.0, 66.0, 9.0, 0.11111111, 0.0, 1.3888906, 1.4407414, 0.88888806, 0.60741055, 95.111115, 80.66667, 118.77778, 85.888885, -43.333332, 71.0, -27.666666, 118.77778, 0.32066384, -2.2357008, negative
60.0, 131.0, 9.0, 0.0, 0.0, 0.33333334, 0.088888854, 0.33333325, 0.08888887, 5.2222223, 7.2222223, 5.4444447, 3.0, 6.0, 0.6666667, -6.6666665, 7.2222223, 0.5813492, -0.62122244, positive
244.0, 105.0, 9.0, 0.0, 0.0, 5.9444447, 4.9234886, 1.4999996, 0.80966365, 22.703703, 19.11111, 29.555555, 19.444445, -10.777778, 20.555555, -9.777778, 29.555555, 0.36449948, -2.1255476, negative
137.0, 105.0, 9.0, 0.0, 0.11111111, 10.722224, 16.507421, 31.222223, 650.42957, 42.851852, 35.77778, 52.666668, 40.11111, -21.222221, 29.444445, -8.222222, 52.666668, 0.37578005, -2.380238, negative
124.0, 29.0, 9.0, 0.0, 0.0, 1.0000013, 0.7111076, 1.0555534, 0.90741664, 128.44444, 119.22222, 142.88889, 123.22222, -27.666666, 43.333332, -15.666667, 142.88889, 0.16561614, -2.271128, negative
202.0, 129.0, 9.0, 0.0, 0.0, 0.22222225, 0.54433113, 3.4444447, 3.804481, 2.2962964, 2.4444444, 2.5555556, 1.8888888, 0.44444445, 0.7777778, -1.2222222, 2.6666667, 0.09656084, -1.1013936, negative
191.0, 107.0, 9.0, 0.0, 0.0, 2.0555553, 1.5263124, 10.333333, 3.0110908, 29.222221, 26.88889, 35.88889, 24.88889, -7.0, 20.0, -13.0, 35.88889, 0.31155226, -1.8771589, negative
104.0, 137.0, 9.0, 0.0, 0.0, 0.2777778, 0.1518518, 0.2777778, 0.1518518, 3.7037036, 2.1111112, 7.111111, 1.8888888, -4.7777777, 10.222222, -5.4444447, 7.111111, 0.7319224, -2.0584507, negative
199.0, 144.0, 9.0, 0.0, 0.0, 0.33333334, 0.5163977, 0.33333334, 0.36514834, 0.44444445, 0.11111111, 1.1111112, 0.11111111, -1.0, 2.0, -1.0, 1.1111112, 0.7407407, -2.0943952, negative
97.0, 126.0, 9.0, 0.0, 0.0, 1.0555555, 0.37407416, 1.0000001, 0.8444445, 6.4814816, 7.6666665, 8.0, 3.7777777, 3.5555556, 4.5555553, -8.111111, 8.333334, 0.5515873, -1.1181307, positive
141.0, 17.0, 9.0, 0.11111111, 0.22222222, 3.7222226, 4.4493027, 5.0, 2.319004, 44.592594, 40.333336, 54.0, 39.444443, -12.777778, 28.222221, -15.444445, 54.0, 0.26818594, -2.030048, negative
20.0, 117.0, 9.0, 0.0, 0.0, 0.0, 0.0, 0.0, 0.0, 0.0, 0.0, 0.0, 0.0, 0.0, 0.0, 0.0, 0.0, 0.0, 0.0, negative
21.0, 232.0, 9.0, 0.0, 0.0, 2.3888888, 2.6851852, 2.277778, 2.3740737, 13.555555, 11.333333, 12.333333, 17.0, -6.6666665, -3.6666667, 10.333333, 17.0, 0.32791784, 2.2831473, negative
49.0, 95.0, 9.0, 0.0, 0.0, 1.6666665, 5.911111, 3.0, 3.2888885, 5.185185, 2.2222223, 9.444445, 3.8888888, -8.888889, 12.777778, -3.8888888, 9.444445, 0.79410774, -2.3264554, negative
66.0, 160.0, 9.0, 0.0, 0.0, 3.0000007, 4.044447, 2.777778, 0.4296295, 22.851852, 18.222221, 31.555555, 18.777779, -13.888889, 26.11111, -12.222222, 31.555555, 0.4260139, -2.1387258, negative
229.0, 104.0, 9.0, 0.0, 0.0, 0.49999985, 0.54772234, 2.8333333, 2.0412421, 19.777779, 16.333334, 26.11111, 16.88889, -10.333333, 19.0, -8.666667, 26.11111, 0.37553233, -2.1506376, negative
105.0, 110.0, 9.0, 0.0, 0.0, 0.5, 0.12222223, 1.9444445, 2.3740728, 4.2222223, 4.3333335, 6.3333335, 2.0, 0.33333334, 6.3333335, -6.6666665, 6.3333335, 0.7083333, -1.5397619, positive
97.0, 116.0, 9.0, 0.0, 0.0, 0.72222227, 0.1962963, 0.5555555, 0.20740739, 6.6296296, 7.5555553, 8.444445, 3.8888888, 2.7777777, 5.4444447, -8.222222, 8.555555, 0.5465168, -1.2339455, positive
29.0, 125.0, 9.0, 0.0, 0.0, 0.38888875, 0.06296301, 0.6666667, 0.1777776, 5.851852, 7.2222223, 6.888889, 3.4444444, 4.111111, 3.1111112, -7.2222223, 7.3333335, 0.5297619, -0.9442725, positive
24.0, 58.0, 9.0, 0.0, 0.0, 0.8888893, 0.1629633, 1.3888887, 2.285186, 20.925926, 20.0, 27.333334, 15.444445, -2.7777777, 19.222221, -16.444445, 27.333334, 0.4347433, -1.6850739, positive
84.0, 134.0, 9.0, 0.0, 0.0, 0.44444442, 0.118518464, 0.72222215, 0.1518519, 2.1111112, 1.0, 4.666667, 0.6666667, -3.3333333, 7.6666665, -4.3333335, 4.666667, 0.8740741, -2.0131435, negative
142.0, 111.0, 9.0, 0.0, 0.0, 1.1111113, 0.45541987, 0.55555534, 0.34426492, 28.74074, 24.555555, 35.88889, 25.777779, -12.555555, 21.444445, -8.888889, 35.88889, 0.31548372, -2.2026672, negative
204.0, 194.0, 9.0, 0.0, 0.0, 2.6111114, 1.9254627, 5.1111107, 3.4167333, 41.037037, 37.0, 49.77778, 36.333336, -12.111111, 26.222221, -14.111111, 49.77778, 0.27541482, -2.0452008, negative
116.0, 203.0, 9.0, 0.0, 0.0, 3.0555553, 1.9484084, 2.9444437, 1.7564695, 19.518518, 15.444445, 17.666668, 25.444445, -12.222222, -5.5555553, 17.777779, 25.444445, 0.39386794, 2.320382, negative
69.0, 59.0, 9.0, 0.0, 0.0, 1.2777773, 0.9518511, 2.055555, 1.4851853, 23.851852, 22.666666, 30.88889, 18.0, -3.5555556, 21.11111, -17.555555, 30.88889, 0.41530126, -1.6993256, positive
110.0, 189.0, 9.0, 0.0, 0.0, 1.0000004, 0.66666675, 1.2222223, 1.1863422, 12.925926, 10.888889, 9.222222, 18.666668, -6.111111, -11.111111, 17.222221, 18.666668, 0.50813884, 1.9108642, negative
68.0, 103.0, 9.0, 0.0, 0.0, 0.66666675, 0.57777774, 1.111111, 0.96296334, 2.148148, 0.11111111, 5.6666665, 0.6666667, -6.111111, 10.555555, -4.4444447, 5.6666665, 0.9876543, -2.1854658, negative
172.0, 183.0, 9.0, 0.0, 0.0, 2.8888893, 1.6821506, 4.0555553, 3.0725813, 56.333332, 50.444443, 70.0, 48.555557, -17.666666, 41.0, -23.333334, 70.0, 0.30547154, -1.9975766, negative
149.0, 92.0, 9.0, 0.0, 0.0, 1.2222223, 0.5629636, 2.3333333, 3.822222, 23.666666, 23.11111, 30.333334, 17.555555, -1.6666666, 20.0, -18.333334, 30.333334, 0.4209725, -1.6377774, positive
163.0, 180.0, 9.0, 0.0, 0.0, 1.777778, 1.1851858, 9.166667, 63.944435, 30.37037, 27.444445, 36.333336, 27.333334, -8.777778, 17.88889, -9.111111, 36.333336, 0.23849043, -2.2170947, negative
106.0, 65.0, 9.0, 0.22222222, 0.0, 2.222222, 1.655519, 2.2777786, 0.82775915, 60.62963, 53.666668, 74.55556, 53.666668, -20.88889, 41.77778, -20.88889, 74.55556, 0.28732476, -2.0910368, negative
212.0, 239.0, 9.0, 0.0, 0.0, 1.9444443, 1.4516913, 2.3333333, 2.8205595, 10.37037, 7.6666665, 9.666667, 13.777778, -8.111111, -2.1111112, 10.222222, 13.777778, 0.4459687, 2.4263785, negative
86.0, 140.0, 9.0, 0.0, 0.0, 5.444444, 4.7687263, 3.0555556, 2.6784468, 9.925926, 6.0, 15.111111, 8.666667, -11.777778, 15.555555, -3.7777777, 15.111111, 0.627944, -2.417818, negative
239.0, 160.0, 9.0, 0.0, 0.0, 1.8333334, 0.9222209, 5.944443, 4.5962973, 45.148148, 37.88889, 58.333332, 39.22222, -21.777779, 39.555557, -17.777779, 58.333332, 0.35212588, -2.1629994, negative
217.0, 130.0, 9.0, 0.0, 0.0, 2.3333333, 2.5333333, 1.4444447, 0.4740743, 21.37037, 15.777778, 31.88889, 16.444445, -16.777779, 31.555555, -14.777778, 31.88889, 0.50544137, -2.1349237, negative
71.0, 113.0, 9.0, 0.0, 0.0, 0.7222221, 0.24074072, 0.7222221, 0.1518519, 5.4814816, 7.111111, 6.3333335, 3.0, 4.888889, 2.5555556, -7.4444447, 7.111111, 0.58002645, -0.8512021, positive
169.0, 136.0, 9.0, 0.0, 0.0, 0.27777782, 0.06296299, 0.8333333, 0.21111113, 2.074074, 0.6666667, 4.888889, 0.6666667, -4.2222223, 8.444445, -4.2222223, 4.888889, 0.87751323, -2.0943952, negative
48.0, 79.0, 9.0, 0.0, 0.0, 1.7777778, 1.8518519, 1.1666667, 1.3222216, 5.4074073, 1.7777778, 10.555555, 3.8888888, -10.888889, 15.444445, -4.5555553, 10.555555, 0.8424523, -2.3397982, negative
203.0, 133.0, 9.0, 0.0, 0.0, 0.11111111, 0.029629635, 0.11111111, 0.029629635, 0.5925926, 0.0, 1.7777778, 0.0, -1.7777778, 3.5555556, -1.7777778, 1.7777778, 1.0, -2.0943952, negative
71.0, 197.0, 9.0, 0.0, 0.0, 2.7222233, 1.8549237, 4.555556, 2.1464868, 55.444443, 49.11111, 69.55556, 47.666668, -19.0, 42.333332, -23.333334, 69.55556, 0.31473875, -2.0243213, negative
118.0, 180.0, 9.0, 0.0, 0.0, 1.9444447, 1.4819913, 3.1111114, 1.0886629, 48.555557, 44.11111, 59.0, 42.555557, -13.333333, 31.333334, -18.0, 59.0, 0.27882218, -1.9960423, negative
118.0, 38.0, 9.0, 0.0, 0.0, 0.7777774, 0.58372986, 0.88888806, 1.0680552, 124.85185, 113.333336, 141.66667, 119.55556, -34.555557, 50.444443, -15.888889, 141.66667, 0.19997217, -2.322923, negative
76.0, 138.0, 9.0, 0.0, 0.22222222, 3.2222226, 3.8796716, 5.5, 2.4289908, 16.518518, 9.888889, 24.777779, 14.888889, -19.88889, 24.777779, -4.888889, 24.777779, 0.60921985, -2.4395385, negative
138.0, 49.0, 9.0, 0.0, 0.0, 1.0555573, 0.9289595, 1.7777799, 1.0680549, 124.03704, 113.111115, 140.44444, 118.55556, -32.77778, 49.22222, -16.444445, 140.44444, 0.19462235, -2.303412, negative
24.0, 93.0, 9.0, 0.0, 0.0, 1.6111094, 0.7722033, 2.0555553, 1.7309806, 62.851852, 54.77778, 79.22222, 54.555557, -24.222221, 49.11111, -24.88889, 79.22222, 0.3155379, -2.0837152, negative
92.0, 56.0, 9.0, 0.0, 0.0, 0.44444275, 0.029629406, 0.8333333, 0.5666677, 126.0, 115.888885, 140.66667, 121.44444, -30.333334, 44.0, -13.666667, 140.66667, 0.17606053, -2.3267827, negative
145.0, 101.0, 9.0, 0.11111111, 0.0, 0.55555534, 0.118518576, 1.611111, 0.5962954, 22.444445, 21.555555, 29.222221, 16.555555, -2.6666667, 20.333334, -17.666666, 29.222221, 0.43281928, -1.6743178, positive
207.0, 97.0, 9.0, 0.0, 0.0, 0.88888884, 0.65185195, 0.7777777, 0.4740743, 2.6296296, 0.5555556, 5.888889, 1.4444444, -6.2222223, 9.777778, -3.5555556, 5.888889, 0.91534394, -2.2690227, negative
16.0, 82.0, 9.0, 0.0, 0.0, 4.3333335, 41.288895, 6.222223, 66.65185, 8.481482, 4.3333335, 14.555555, 6.5555553, -12.444445, 18.222221, -5.7777777, 14.555555, 0.7428191, -2.3206284, negative
63.0, 201.0, 9.0, 0.0, 0.0, 1.4444445, 0.9185186, 0.94444424, 0.5518518, 7.7777777, 6.2222223, 5.5555553, 11.555555, -4.6666665, -6.6666665, 11.333333, 11.555555, 0.54320127, 1.9829868, negative
79.0, 44.0, 9.0, 0.0, 0.0, 4.8888893, 3.2018518, 2.1111126, 1.1287482, 58.666668, 50.11111, 75.55556, 50.333332, -25.666666, 50.666668, -25.0, 75.55556, 0.33991683, -2.1026516, negative
31.0, 88.0, 9.0, 0.11111111, 0.0, 0.88888884, 0.60740745, 2.1666665, 1.9888896, 5.259259, 1.5555556, 10.111111, 4.111111, -11.111111, 14.555555, -3.4444444, 10.111111, 0.85137916, -2.3966565, negative
206.0, 64.0, 9.0, 0.0, 0.0, 0.055555504, 0.13608263, 0.27777776, 0.13608277, 5.703704, 3.6666667, 10.333334, 3.1111112, -6.111111, 13.888889, -7.7777777, 10.333334, 0.6979798, -2.015428, negative
44.0, 50.0, 9.0, 0.0, 0.0, 1.1666673, 0.96032333, 1.0555573, 0.389682, 65.111115, 57.333332, 80.333336, 57.666668, -23.333334, 45.666668, -22.333334, 80.333336, 0.29016516, -2.1077845, negative
26.0, 90.0, 9.0, 0.0, 0.0, 0.61111194, 0.3740762, 1.2777799, 0.28518537, 113.111115, 105.666664, 128.33334, 105.333336, -22.333334, 45.666668, -23.333334, 128.33334, 0.18178941, -2.0784183, negative
53.0, 42.0, 9.0, 0.0, 0.0, 3.2777774, 0.71232545, 0.611111, 0.534027, 28.25926, 24.444445, 36.22222, 24.11111, -11.444445, 23.88889, -12.444445, 36.22222, 0.33789337, -2.0610058, negative
113.0, 123.0, 9.0, 0.11111111, 0.0, 1.4444441, 0.6206331, 1.9444441, 1.7180963, 59.333332, 51.88889, 73.77778, 52.333332, -22.333334, 43.333332, -21.0, 73.77778, 0.29916364, -2.1119413, negative
155.0, 135.0, 9.0, 0.0, 0.0, 2.3888867, 3.2629583, 0.83333206, 0.122224174, 69.92593, 63.666668, 83.888885, 62.22222, -18.777779, 41.88889, -23.11111, 83.888885, 0.25830337, -2.0249448, negative
168.0, 187.0, 9.0, 0.0, 0.0, 3.5, 2.1679482, 2.8333333, 1.602082, 58.0, 52.555557, 71.44444, 50.0, -16.333334, 40.333332, -24.0, 71.44444, 0.29964966, -1.9666711, negative
166.0, 135.0, 9.0, 0.0, 0.0, 0.44444442, 0.2721655, 0.22222221, 0.4036867, 1.4074074, 0.7777778, 3.3333333, 0.11111111, -1.8888888, 5.7777777, -3.8888888, 3.3333333, 0.9722222, -1.8807242, negative
53.0, 28.0, 9.0, 0.0, 0.0, 0.44444403, 0.40368605, 1.7777786, 0.86066204, 111.59259, 96.44444, 130.66667, 107.666664, -45.444443, 57.22222, -11.777778, 130.66667, 0.26183844, -2.4385846, negative
201.0, 133.0, 9.0, 0.0, 0.0, 0.6111111, 0.24074069, 0.22222222, 0.07407406, 0.7407407, 0.33333334, 1.7777778, 0.11111111, -1.2222222, 3.1111112, -1.8888888, 1.7777778, 0.962963, -1.999063, negative
247.0, 197.0, 9.0, 0.0, 0.0, 0.33333316, 0.044444434, 0.611111, 0.06296301, 6.0, 4.111111, 4.0, 9.888889, -5.6666665, -6.0, 11.666667, 9.888889, 0.61705947, 2.0749567, negative
207.0, 172.0, 9.0, 0.0, 0.0, 1.0000004, 0.29814267, 1.6666673, 0.9189365, 19.0, 16.444445, 16.333334, 24.222221, -7.6666665, -8.0, 15.666667, 24.222221, 0.34374964, 2.0838537, negative
80.0, 203.0, 9.0, 0.0, 0.0, 1.3888887, 0.74286735, 1.9444443, 1.5263122, 12.407408, 10.0, 9.0, 18.222221, -7.2222223, -10.222222, 17.444445, 18.222221, 0.5144446, 1.9867483, negative
228.0, 22.0, 9.0, 0.0, 0.0, 1.1111107, 0.8606628, 1.3888887, 0.9756292, 49.666668, 42.77778, 62.88889, 43.333332, -20.666666, 39.666668, -19.0, 62.88889, 0.3194739, -2.123537, negative
178.0, 134.0, 9.0, 0.0, 0.0, 0.11111108, 0.17213255, 0.22222222, 0.2721655, 1.8518518, 1.0, 3.8888888, 0.6666667, -2.5555556, 6.111111, -3.5555556, 3.8888888, 0.8333333, -1.997796, negative
185.0, 35.0, 9.0, 0.0, 0.0, 1.3888868, 1.0417228, 1.1666654, 0.80966425, 109.111115, 96.44444, 125.44444, 105.44444, -38.0, 49.0, -11.0, 125.44444, 0.23116584, -2.4202032, negative
178.0, 185.0, 9.0, 0.0, 0.0, 2.6111119, 1.8063676, 3.1111114, 2.2771008, 49.037037, 44.0, 60.666668, 42.444443, -15.111111, 34.88889, -19.777779, 60.666668, 0.30003616, -2.006186, negative
200.0, 215.0, 9.0, 0.0, 0.0, 1.5555559, 0.95839405, 4.722222, 2.6450515, 23.037037, 17.11111, 22.555555, 29.444445, -17.777779, -1.4444444, 19.222221, 29.444445, 0.42076695, 2.5610487, negative
189.0, 68.0, 9.0, 0.0, 0.0, 1.6666666, 1.619327, 1.1111113, 1.344399, 38.592594, 38.333336, 42.333336, 35.11111, -0.7777778, 11.222222, -10.444445, 42.333336, 0.17044854, -1.6248463, negative
196.0, 129.0, 9.0, 0.0, 0.0, 0.83333325, 0.43333334, 0.6666667, 0.17777774, 6.3333335, 7.888889, 7.3333335, 3.7777777, 4.6666665, 3.0, -7.6666665, 8.222222, 0.54012346, -0.9327826, positive
196.0, 182.0, 9.0, 0.0, 0.0, 1.1666664, 0.43333244, 0.6111107, 0.37407404, 19.88889, 16.88889, 18.11111, 24.666666, -9.0, -5.3333335, 14.333333, 24.666666, 0.31489658, 2.2716928, negative
177.0, 131.0, 9.0, 0.0, 0.0, 0.44444442, 0.4296296, 0.77777785, 0.20740739, 5.962963, 7.5555553, 6.6666665, 3.6666667, 4.7777777, 2.1111112, -6.888889, 7.5555553, 0.515873, -0.8048458, positive
186.0, 12.0, 9.0, 0.0, 0.0, 0.44444433, 0.27216548, 2.3333333, 1.9663839, 6.259259, 3.8888888, 11.333333, 3.5555556, -7.111111, 15.222222, -8.111111, 11.333333, 0.6873016, -2.057978, negative
58.0, 113.0, 9.0, 0.0, 0.0, 3.4444447, 1.2232318, 0.7222223, 0.38968182, 20.851852, 16.88889, 28.444445, 17.222223, -11.888889, 22.777779, -10.888889, 28.444445, 0.4148072, -2.1256926, negative
242.0, 148.0, 9.0, 0.0, 0.0, 0.0, 0.0, 0.0, 0.0, 0.0, 0.0, 0.0, 0.0, 0.0, 0.0, 0.0, 0.0, 0.0, 0.0, negative
186.0, 173.0, 9.0, 0.0, 0.0, 1.4444445, 0.82963055, 2.1111114, 1.9851853, 17.148148, 13.555555, 15.555555, 22.333334, -10.777778, -4.7777777, 15.555555, 22.333334, 0.39643326, 2.332739, negative
75.0, 65.0, 9.0, 0.0, 0.0, 2.5, 1.1105564, 1.5555553, 0.9349202, 57.74074, 50.444443, 72.66667, 50.11111, -21.88889, 44.77778, -22.88889, 72.66667, 0.31478265, -2.077647, negative
224.0, 73.0, 9.0, 0.0, 0.0, 1.5, 1.2777776, 2.3333333, 1.0666656, 5.814815, 2.3333335, 10.666667, 4.4444447, -10.444445, 14.555555, -4.111111, 10.666667, 0.7899301, -2.3556414, negative
81.0, 126.0, 9.0, 0.0, 0.11111111, 1.9444443, 1.12963, 1.0555555, 0.28518513, 2.9629629, 0.5555556, 6.5555553, 1.7777778, -7.2222223, 10.777778, -3.5555556, 6.5555553, 0.93570626, -2.2890973, negative
13.0, 103.0, 9.0, 0.0, 0.0, 1.3888888, 0.5962964, 2.277778, 2.1518524, 16.148148, 17.666668, 19.11111, 11.666667, 4.5555553, 8.888889, -13.444445, 19.444445, 0.39890292, -1.2192107, positive
217.0, 245.0, 9.0, 0.11111111, 0.11111111, 3.1666667, 3.0166214, 2.1666667, 1.2427571, 9.740741, 7.4444447, 7.111111, 14.666667, -6.888889, -7.888889, 14.777778, 14.666667, 0.57276654, 2.0694523, negative
123.0, 68.0, 9.0, 0.0, 0.0, 0.944444, 0.5741346, 0.72222394, 0.57413423, 107.37037, 94.22222, 126.333336, 101.55556, -39.444443, 56.88889, -17.444445, 126.333336, 0.25415963, -2.333212, negative
238.0, 162.0, 9.0, 0.22222222, 0.0, 0.94444466, 0.7123257, 2.666667, 0.73029745, 19.0, 15.777778, 17.333334, 23.88889, -9.666667, -5.0, 14.666667, 23.88889, 0.34003016, 2.2914152, negative
162.0, 190.0, 9.0, 0.0, 0.0, 3.0555553, 1.0628418, 6.1111107, 5.2182016, 57.333332, 51.0, 70.0, 51.0, -19.0, 38.0, -19.0, 70.0, 0.27956137, -2.1120865, negative
221.0, 195.0, 9.0, 0.0, 0.0, 1.2222223, 1.408966, 2.9444447, 1.5263131, 14.740741, 11.666667, 12.444445, 20.11111, -9.222222, -6.888889, 16.11111, 20.11111, 0.43448815, 2.1937644, negative
226.0, 72.0, 9.0, 0.0, 0.0, 1.2777778, 0.81851846, 1.3888888, 1.4407405, 4.5185184, 1.5555556, 9.444445, 2.5555556, -8.888889, 14.777778, -5.888889, 9.444445, 0.84168977, -2.2167206, negative
99.0, 103.0, 9.0, 0.0, 0.0, 1.0, 0.40000102, 0.8333359, 0.43333372, 64.44444, 58.333332, 78.111115, 56.88889, -18.333334, 41.0, -22.666666, 78.111115, 0.271568, -2.022581, negative
95.0, 191.0, 9.0, 0.0, 0.11111111, 3.1666667, 2.786874, 6.0000014, 5.1854515, 60.25926, 52.444443, 76.22222, 52.11111, -23.444445, 47.88889, -24.444445, 76.22222, 0.3208649, -2.0776508, negative
251.0, 215.0, 9.0, 0.11111111, 0.0, 1.5000001, 2.0333328, 2.777778, 2.518517, 12.407408, 9.222222, 11.555555, 16.444445, -9.555555, -2.5555556, 12.111111, 16.444445, 0.4410489, 2.437819, negative
221.0, 30.0, 9.0, 0.0, 0.0, 1.0555556, 0.8541837, 1.6666666, 1.6329935, 8.481482, 6.111111, 13.111111, 6.2222223, -7.111111, 13.888889, -6.7777777, 13.111111, 0.5185864, -2.05997, negative
159.0, 105.0, 9.0, 0.0, 0.0, 0.55555564, 0.5018486, 4.0, 1.8257413, 26.74074, 22.555555, 34.0, 23.666666, -12.555555, 21.777779, -9.222222, 34.0, 0.3374935, -2.192406, negative
79.0, 58.0, 9.0, 0.0, 0.0, 1.0555559, 0.5340274, 1.0555586, 0.68041354, 109.07407, 96.333336, 126.44444, 104.44444, -38.22222, 52.11111, -13.888889, 126.44444, 0.23814337, -2.3752072, negative
198.0, 127.0, 9.0, 0.0, 0.0, 2.4444444, 4.385187, 8.555555, 59.54075, 40.74074, 38.0, 48.22222, 36.0, -8.222222, 22.444445, -14.222222, 48.22222, 0.24899939, -1.9083478, negative
28.0, 162.0, 9.0, 0.11111111, 0.0, 1.1666666, 0.6236098, 1.4444443, 1.3277662, 25.11111, 19.666668, 26.11111, 29.555555, -16.333334, 3.0, 13.333333, 29.555555, 0.33512673, 2.769038, negative
112.0, 30.0, 9.0, 0.0, 0.0, 0.55555725, 0.2721644, 1.2222227, 0.7200825, 113.25926, 100.77778, 130.11111, 108.888885, -37.444443, 50.555557, -13.111111, 130.11111, 0.22538376, -2.3853076, negative
24.0, 15.0, 9.0, 0.0, 0.0, 0.8333346, 0.6912141, 1.1111107, 0.54432976, 70.07407, 61.0, 87.44444, 61.77778, -27.222221, 52.11111, -24.88889, 87.44444, 0.30227023, -2.1249814, negative
97.0, 77.0, 9.0, 0.0, 0.11111111, 1.222222, 1.8518518, 4.4444447, 6.5629597, 25.185184, 24.11111, 32.333336, 19.11111, -3.2222223, 21.444445, -18.222221, 32.333336, 0.4076231, -1.6773084, positive
150.0, 94.0, 9.0, 0.0, 0.0, 1.1111107, 0.6074038, 1.2777761, 0.5074095, 95.296295, 80.888885, 119.22222, 85.77778, -43.22222, 71.77778, -28.555555, 119.22222, 0.3215052, -2.227114, negative
206.0, 26.0, 9.0, 0.0, 0.0, 1.2222189, 1.496289, 1.8888855, 1.4074122, 137.03703, 131.44444, 146.77777, 132.88889, -16.777779, 29.222221, -12.444445, 146.77777, 0.105127536, -2.1825674, negative
121.0, 192.0, 9.0, 0.11111111, 0.0, 3.3888886, 2.059307, 5.9444447, 2.489237, 60.814816, 53.444443, 76.44444, 52.555557, -22.11111, 46.88889, -24.777779, 76.44444, 0.3126096, -2.055457, negative
142.0, 112.0, 9.0, 0.0, 0.0, 1.0555557, 0.49065286, 0.55555534, 0.34426492, 28.851852, 24.555555, 36.22222, 25.777779, -12.888889, 22.11111, -9.222222, 36.22222, 0.32174963, -2.2001557, negative
116.0, 184.0, 9.0, 0.0, 0.0, 2.2222226, 2.118519, 10.611111, 45.085182, 31.703703, 28.777779, 38.0, 28.333334, -8.777778, 18.88889, -10.111111, 38.333336, 0.25072145, -2.2154639, negative
8.0, 21.0, 9.0, 0.11111111, 0.0, 0.61111194, 0.44305393, 2.055556, 1.2186847, 125.59259, 113.44444, 142.44444, 120.888885, -36.444443, 50.555557, -14.111111, 142.44444, 0.20358202, -2.362526, negative
105.0, 62.0, 9.0, 0.0, 0.0, 0.8333346, 0.16666616, 1.1666679, 0.83333385, 126.48148, 117.55556, 140.33334, 121.55556, -26.777779, 41.555557, -14.777778, 140.33334, 0.16222528, -2.2754252, negative
202.0, 71.0, 9.0, 0.0, 0.0, 0.944444, 0.5741341, 0.7777774, 0.45541972, 38.37037, 37.88889, 42.11111, 35.11111, -1.4444444, 11.222222, -9.777778, 42.11111, 0.16604693, -1.6759187, negative
159.0, 210.0, 9.0, 0.0, 0.0, 1.4999999, 1.3666656, 1.5555555, 2.1629632, 12.962963, 9.444445, 12.0, 17.444445, -10.555555, -2.8888888, 13.444445, 17.444445, 0.4604365, 2.4287496, negative
133.0, 102.0, 9.0, 0.0, 0.11111111, 22.055555, 374.5964, 29.888887, 488.02975, 44.037037, 37.444443, 52.666668, 42.0, -19.777779, 25.88889, -6.111111, 52.666668, 0.3978916, -2.4168172, negative
72.0, 31.0, 9.0, 0.0, 0.0, 1.1111094, 1.4962956, 1.3333334, 0.7111079, 135.92592, 129.88889, 145.55556, 132.33334, -18.11111, 28.88889, -10.777778, 145.55556, 0.10761623, -2.255012, negative
130.0, 189.0, 9.0, 0.0, 0.0, 0.888889, 0.34074098, 1.1666669, 0.92222214, 12.0, 9.444445, 10.111111, 16.444445, -7.6666665, -5.6666665, 13.333333, 16.444445, 0.43944263, 2.194143, negative
41.0, 77.0, 9.0, 0.11111111, 0.0, 1.777778, 0.6518514, 1.611111, 1.5740745, 5.0, 1.2222222, 10.222222, 3.5555556, -11.333333, 15.666667, -4.3333335, 10.222222, 0.8916084, -2.3548815, negative
240.0, 58.0, 9.0, 0.0, 0.0, 1.0555547, 0.77407175, 1.0000013, 0.7111076, 92.703705, 76.888885, 118.55556, 82.66667, -47.444443, 77.55556, -30.11111, 118.55556, 0.35133117, -2.2393005, negative
84.0, 65.0, 9.0, 0.0, 0.0, 0.7222214, 0.37407157, 2.0, 0.7111089, 125.666664, 115.333336, 141.66667, 120.0, -31.0, 48.0, -17.0, 141.66667, 0.18565786, -2.2737436, negative
157.0, 20.0, 9.0, 0.0, 0.0, 1.3333334, 0.7601168, 4.944444, 4.479171, 35.48148, 32.0, 42.77778, 31.666666, -10.444445, 21.88889, -11.444445, 42.77778, 0.26195785, -2.045203, negative
222.0, 145.0, 9.0, 0.0, 0.0, 0.0, 0.0, 0.0, 0.0, 0.0, 0.0, 0.0, 0.0, 0.0, 0.0, 0.0, 0.0, 0.0, 0.0, negative
228.0, 20.0, 9.0, 0.0, 0.0, 1.0555547, 0.49065518, 0.8333333, 0.7527733, 125.0, 114.0, 140.55556, 120.44444, -33.0, 46.666668, -13.666667, 140.55556, 0.18889166, -2.348006, negative
196.0, 93.0, 9.0, 0.0, 0.0, 1.7777777, 2.562963, 1.5, 0.92222214, 5.0, 2.0, 9.333334, 3.6666667, -9.0, 13.0, -4.0, 9.333334, 0.8086198, -2.3294232, negative
41.0, 93.0, 9.0, 0.0, 0.0, 0.7222201, 0.15185115, 1.0555547, 1.3962914, 112.296295, 103.888885, 128.0, 105.0, -25.222221, 47.11111, -21.88889, 128.0, 0.1883132, -2.1414192, negative
54.0, 91.0, 9.0, 0.0, 0.0, 1.4444443, 1.540741, 0.8333333, 0.25555572, 3.2592592, 0.5555556, 8.0, 1.2222222, -8.111111, 14.222222, -6.111111, 8.0, 0.94481075, -2.186723, negative
87.0, 135.0, 9.0, 0.0, 0.0, 0.38888887, 0.24074073, 0.33333334, 0.17777777, 0.962963, 0.0, 2.7777777, 0.11111111, -2.8888888, 5.4444447, -2.5555556, 2.7777777, 1.0, -2.1175485, negative
235.0, 81.0, 9.0, 0.0, 0.0, 1.388889, 0.41851807, 0.77777773, 0.2962964, 3.4814816, 1.0, 7.4444447, 2.0, -7.4444447, 11.888889, -4.4444447, 7.4444447, 0.88121694, -2.2481337, negative
149.0, 117.0, 9.0, 0.22222222, 0.0, 0.833333, 0.2555556, 0.9999997, 0.44444454, 21.222221, 21.11111, 26.333334, 16.222223, -0.33333334, 15.333333, -15.0, 26.333334, 0.38262922, -1.5744768, positive
174.0, 145.0, 9.0, 0.0, 0.0, 0.0, 0.0, 0.0, 0.0, 0.0, 0.0, 0.0, 0.0, 0.0, 0.0, 0.0, 0.0, 0.0, 0.0, negative
74.0, 215.0, 9.0, 0.0, 0.0, 0.44444457, 0.074074075, 0.50000006, 0.12222217, 6.9259257, 5.111111, 4.4444447, 11.222222, -5.4444447, -7.4444447, 12.888889, 11.222222, 0.6037037, 1.9911573, negative
143.0, 20.0, 9.0, 0.0, 0.0, 1.1111158, 0.7503102, 1.2777799, 0.92895854, 127.333336, 116.77778, 142.66667, 122.55556, -31.666666, 46.0, -14.333333, 142.66667, 0.18147528, -2.3269186, negative
85.0, 70.0, 9.0, 0.0, 0.0, 1.2777777, 0.7296302, 1.8333334, 1.1444422, 23.666666, 23.0, 30.11111, 17.88889, -2.0, 19.333334, -17.333334, 30.11111, 0.40601462, -1.6496034, positive
244.0, 193.0, 9.0, 0.0, 0.0, 2.0555556, 2.225275, 3.8888886, 3.631141, 16.185184, 13.333333, 14.222222, 21.0, -8.555555, -5.888889, 14.444445, 21.0, 0.37887058, 2.2221026, negative
76.0, 64.0, 9.0, 0.0, 0.0, 2.2222223, 5.4962974, 2.8888884, 4.3407397, 23.62963, 21.777779, 31.222221, 17.88889, -5.5555553, 22.777779, -17.222221, 31.222221, 0.42481935, -1.7567121, positive
217.0, 195.0, 9.0, 0.0, 0.0, 4.2222233, 3.284081, 2.3888893, 2.102027, 45.074074, 39.666668, 55.555557, 40.0, -16.222221, 31.444445, -15.222222, 55.555557, 0.2929567, -2.1185718, negative
200.0, 13.0, 9.0, 0.0, 0.0, 1.7777777, 1.8579161, 0.27777767, 0.25092423, 9.296296, 6.111111, 15.888889, 5.888889, -9.555555, 19.777779, -10.222222, 15.888889, 0.63273925, -2.0741334, negative
78.0, 72.0, 9.0, 0.0, 0.0, 1.111112, 1.0074095, 1.0555586, 0.7296313, 125.55556, 115.333336, 140.55556, 120.77778, -30.666666, 45.0, -14.333333, 140.55556, 0.17933026, -2.3208396, negative
24.0, 83.0, 9.0, 0.0, 0.0, 2.7777774, 4.918518, 3.6111107, 2.3740723, 18.74074, 19.11111, 23.222221, 13.888889, 1.1111112, 13.444445, -14.555555, 23.333334, 0.39992693, -1.4568193, positive
121.0, 113.0, 9.0, 0.0, 0.0, 1.722222, 1.5296303, 2.944444, 1.5296295, 20.25926, 20.0, 25.444445, 15.333333, -0.7777778, 15.555555, -14.777778, 25.444445, 0.39658895, -1.5856091, positive
96.0, 193.0, 9.0, 0.0, 0.0, 1.3333327, 1.115547, 1.8333327, 1.8469193, 62.703705, 54.77778, 78.77778, 54.555557, -23.777779, 48.22222, -24.444445, 78.77778, 0.310288, -2.0849354, negative
4.0, 126.0, 9.0, 0.0, 0.0, 1.1666673, 0.74444556, 0.94444466, 0.59629667, 57.814816, 52.333332, 70.44444, 50.666668, -16.444445, 37.88889, -21.444445, 70.44444, 0.28073832, -2.0060287, negative
185.0, 118.0, 9.0, 0.0, 0.0, 14.444446, 182.29631, 1.1666666, 1.0555547, 55.074074, 50.11111, 66.333336, 48.77778, -14.888889, 33.77778, -18.88889, 66.333336, 0.26555753, -2.0071168, negative
3.0, 91.0, 9.0, 0.0, 0.11111111, 2.2222223, 5.051852, 1.0, 1.9555557, 5.6296296, 1.8888888, 10.666667, 4.3333335, -11.222222, 15.111111, -3.8888888, 10.666667, 0.82974845, -2.3839493, negative
189.0, 187.0, 9.0, 0.0, 0.0, 1.2222227, 1.0036974, 3.0555553, 2.3890193, 48.51852, 44.11111, 59.88889, 41.555557, -13.222222, 34.11111, -20.88889, 59.88889, 0.30575457, -1.9474715, negative
149.0, 77.0, 9.0, 0.0, 0.0, 2.111111, 3.940742, 2.4444447, 6.0296316, 24.481482, 23.444445, 31.555555, 18.444445, -3.1111112, 21.222221, -18.11111, 31.555555, 0.41573665, -1.6895405, positive
152.0, 98.0, 9.0, 0.0, 0.0, 7.0000014, 3.8873014, 1.0555559, 0.7722023, 28.777779, 24.88889, 37.11111, 24.333334, -11.666667, 25.0, -13.333333, 37.11111, 0.34639803, -2.0429404, negative
97.0, 75.0, 9.0, 0.0, 0.11111111, 2.0000002, 1.9111089, 3.7777777, 8.296293, 24.851852, 24.0, 31.666666, 18.88889, -2.5555556, 20.444445, -17.88889, 31.666666, 0.40211964, -1.6527679, positive
8.0, 199.0, 9.0, 0.0, 0.0, 1.6666671, 0.78881073, 1.3888893, 0.71232533, 15.0, 13.333333, 11.777778, 19.88889, -5.0, -9.666667, 14.666667, 19.88889, 0.40888458, 1.9053026, negative
226.0, 110.0, 9.0, 0.0, 0.0, 0.33333334, 0.08888887, 0.49999997, 0.2111111, 1.6666666, 0.11111111, 4.4444447, 0.44444445, -4.6666665, 8.333333, -3.6666667, 4.4444447, 0.9777778, -2.1559837, negative
245.0, 18.0, 9.0, 0.0, 0.0, 1.0, 1.0222217, 1.1666692, 0.21111068, 137.88889, 131.44444, 147.88889, 134.33334, -19.333334, 30.0, -10.666667, 147.88889, 0.11121766, -2.27511, negative
35.0, 67.0, 9.0, 0.11111111, 0.0, 2.6666653, 1.1352928, 3.833332, 1.9407902, 106.07407, 92.111115, 125.55556, 100.55556, -41.88889, 58.444443, -16.555555, 125.55556, 0.26643977, -2.3573377, negative
70.0, 60.0, 9.0, 0.0, 0.0, 0.94444466, 1.3962969, 2.166666, 1.3666676, 23.777779, 22.444445, 31.0, 17.88889, -4.0, 21.666666, -17.666666, 31.0, 0.420823, -1.7131336, positive
146.0, 140.0, 9.0, 0.0, 0.0, 1.0555557, 0.4629631, 1.0000001, 0.57777774, 6.3333335, 7.888889, 7.3333335, 3.7777777, 4.6666665, 3.0, -7.6666665, 8.222222, 0.537017, -0.9092674, positive
133.0, 96.0, 9.0, 0.11111111, 0.0, 1.0000004, 1.0222217, 2.777778, 3.3629608, 21.88889, 22.11111, 27.333334, 16.222223, 0.6666667, 16.333334, -17.0, 27.333334, 0.40645057, -1.5306859, positive
41.0, 139.0, 9.0, 0.0, 0.0, 0.055555563, 0.018518524, 0.11111113, 0.029629637, 1.2962962, 0.0, 3.8888888, 0.0, -3.8888888, 7.7777777, -3.8888888, 3.8888888, 1.0, -2.0943952, negative
94.0, 127.0, 9.0, 0.0, 0.0, 0.77777785, 0.5018486, 0.77777773, 0.6885305, 2.7407408, 0.5555556, 5.5555553, 2.1111112, -6.5555553, 8.444445, -1.8888888, 5.5555553, 0.91534394, -2.4089394, negative
234.0, 110.0, 9.0, 0.0, 0.0, 0.8333333, 0.21111107, 0.5, 0.56666666, 1.8148148, 0.11111111, 4.888889, 0.44444445, -5.111111, 9.222222, -4.111111, 4.888889, 0.984127, -2.1525068, negative
121.0, 60.0, 9.0, 0.0, 0.0, 2.277778, 2.329629, 2.888889, 2.8740742, 26.74074, 24.666666, 35.22222, 20.333334, -6.2222223, 25.444445, -19.222221, 35.22222, 0.4223002, -1.776113, positive
41.0, 101.0, 9.0, 0.0, 0.0, 1.7222214, 0.9289575, 2.0555542, 1.5551577, 64.37037, 56.88889, 79.44444, 56.77778, -22.444445, 45.22222, -22.777779, 79.44444, 0.28936154, -2.0895698, negative
249.0, 178.0, 9.0, 0.0, 0.0, 2.277778, 1.7690756, 5.2222214, 4.933632, 47.962963, 42.666668, 58.88889, 42.333336, -15.888889, 32.77778, -16.88889, 58.88889, 0.2898632, -2.102536, negative
161.0, 73.0, 9.0, 0.0, 0.0, 0.8333333, 0.5055238, 0.61111003, 0.3896817, 43.851852, 43.0, 48.77778, 39.77778, -2.5555556, 14.777778, -12.222222, 48.77778, 0.18437627, -1.7204413, negative
17.0, 110.0, 9.0, 0.11111111, 0.0, 1.2777778, 1.2629629, 2.7222223, 2.9962952, 3.9629629, 1.4444444, 6.4444447, 4.0, -7.5555553, 7.4444447, 0.11111111, 6.4444447, 0.80665785, -2.6186507, negative
114.0, 193.0, 9.0, 0.0, 0.0, 3.166666, 2.4653153, 4.5, 2.5011096, 57.814816, 51.11111, 72.55556, 49.77778, -20.11111, 44.22222, -24.11111, 72.55556, 0.3140923, -2.033804, negative
176.0, 118.0, 9.0, 0.0, 0.0, 0.38888893, 0.15185189, 0.7222221, 0.19629624, 6.0740743, 7.6666665, 7.0, 3.5555556, 4.7777777, 2.7777777, -7.5555553, 7.6666665, 0.5376984, -0.8782905, positive
97.0, 123.0, 9.0, 0.0, 0.0, 1.5555553, 1.0962937, 13.222221, 108.74074, 52.814816, 48.0, 64.111115, 46.333332, -14.444445, 33.88889, -19.444445, 64.111115, 0.2805935, -1.9941053, negative
249.0, 154.0, 9.0, 0.0, 0.11111111, 4.2222223, 18.162964, 1.7222223, 3.174073, 4.296296, 2.5555556, 7.6666665, 2.6666667, -5.2222223, 10.111111, -4.888889, 7.6666665, 0.8153439, -2.0958126, negative
182.0, 197.0, 9.0, 0.11111111, 0.0, 2.166667, 0.69121456, 2.3888888, 1.5834798, 12.851851, 10.444445, 12.777778, 15.333333, -7.2222223, -0.22222222, 7.4444447, 15.333333, 0.322069, 2.6282077, negative
83.0, 53.0, 9.0, 0.0, 0.0, 0.5555547, 0.4554187, 0.7222226, 0.4906516, 123.44444, 112.333336, 138.22223, 119.77778, -33.333332, 44.333332, -11.0, 138.22223, 0.18721664, -2.3932705, negative
134.0, 104.0, 9.0, 0.0, 0.0, 2.388889, 1.8407409, 2.6666663, 3.5555563, 21.777779, 20.88889, 28.333334, 16.11111, -2.6666667, 19.666666, -17.0, 28.333334, 0.43039906, -1.6697525, positive
231.0, 49.0, 9.0, 0.0, 0.0, 0.555556, 0.38518602, 0.6666692, 0.26666775, 120.703705, 108.111115, 139.33334, 114.666664, -37.77778, 55.88889, -18.11111, 139.33334, 0.22387896, -2.3154767, negative
187.0, 135.0, 9.0, 0.0, 0.0, 3.2777777, 2.4629648, 0.8333337, 0.47777787, 26.444445, 20.222221, 37.0, 22.11111, -18.666666, 31.666666, -13.0, 37.0, 0.45423168, -2.2119856, negative
233.0, 211.0, 9.0, 0.11111111, 0.0, 2.6666667, 6.0888896, 1.6666666, 1.7333333, 15.444445, 12.444445, 15.222222, 18.666668, -9.0, -0.6666667, 9.666667, 18.666668, 0.33542147, 2.5549645, negative
73.0, 164.0, 9.0, 0.0, 0.0, 0.94444436, 0.5741329, 1.888889, 1.0470407, 23.148148, 21.777779, 19.11111, 28.555555, -4.111111, -12.111111, 16.222221, 28.555555, 0.330345, 1.7983025, negative
54.0, 138.0, 9.0, 0.0, 0.0, 0.22222221, 0.29629624, 0.38888893, 0.4185185, 0.25925925, 0.0, 0.6666667, 0.11111111, -0.7777778, 1.2222222, -0.44444445, 0.6666667, 0.33333334, -2.1814387, negative
131.0, 86.0, 9.0, 0.0, 0.0, 1.3888893, 1.2185189, 1.6666673, 2.5777786, 24.296297, 23.555555, 31.333334, 18.0, -2.2222223, 21.11111, -18.88889, 31.333334, 0.42459705, -1.6508442, positive
242.0, 183.0, 9.0, 0.0, 0.0, 1.4999999, 0.9368979, 2.1666667, 1.798147, 15.37037, 12.666667, 12.444445, 21.0, -8.111111, -8.777778, 16.88889, 21.0, 0.42024404, 2.0758736, negative
98.0, 104.0, 9.0, 0.0, 0.0, 2.2222223, 3.6296306, 1.4999999, 1.3222224, 18.703703, 19.222221, 23.222221, 13.666667, 1.5555556, 13.555555, -15.111111, 23.222221, 0.4100093, -1.4466414, positive
247.0, 159.0, 9.0, 0.0, 0.0, 2.5555553, 5.05185, 15.72222, 168.95189, 35.77778, 30.444445, 45.0, 31.88889, -16.0, 27.666666, -11.666667, 45.444443, 0.28921792, -2.5493495, negative
143.0, 114.0, 9.0, 0.0, 0.0, 1.5, 0.80966365, 0.3888887, 0.389682, 27.185184, 23.0, 34.444447, 24.11111, -12.555555, 21.777779, -9.222222, 34.444447, 0.33188802, -2.196423, negative
60.0, 181.0, 9.0, 0.11111111, 0.0, 1.6666666, 1.2000005, 2.6666667, 2.0888875, 19.62963, 17.11111, 17.88889, 23.88889, -7.5555553, -5.2222223, 12.777778, 23.88889, 0.28569087, 2.1891353, negative
248.0, 200.0, 9.0, 0.0, 0.0, 1.388888, 0.9525792, 1.777778, 1.1674607, 46.11111, 41.333336, 56.555557, 40.444443, -14.333333, 31.333334, -17.0, 56.555557, 0.28666258, -2.0380163, negative
105.0, 111.0, 9.0, 0.0, 0.0, 0.3888887, 0.38968194, 1.0555559, 0.44305268, 60.185184, 53.22222, 74.888885, 52.444443, -20.88889, 44.11111, -23.222221, 74.888885, 0.29966387, -2.0580003, negative
2.0, 245.0, 9.0, 0.0, 0.0, 1.8888888, 2.162963, 3.1666667, 3.2777781, 6.4074073, 6.2222223, 6.0, 7.0, -0.5555556, -1.2222222, 1.7777778, 7.2222223, 0.19104938, 1.7566451, negative
78.0, 99.0, 9.0, 0.0, 0.0, 1.611111, 8.018518, 3.0555553, 14.7740755, 4.148148, 1.1111112, 9.0, 2.3333335, -9.111111, 14.555555, -5.4444447, 9.0, 0.91089994, -2.2556732, negative
200.0, 31.0, 9.0, 0.0, 0.0, 2.111111, 1.223232, 5.055555, 2.678447, 11.259259, 8.333334, 16.555555, 8.888889, -8.777778, 15.888889, -7.111111, 16.555555, 0.5009438, -2.1719491, negative
80.0, 83.0, 9.0, 0.11111111, 0.0, 1.6666666, 1.7777802, 1.5000013, 0.5666662, 49.444443, 45.666668, 58.666668, 44.0, -11.333333, 27.666666, -16.333334, 58.666668, 0.24967904, -1.9736155, negative
18.0, 66.0, 9.0, 0.0, 0.0, 8.666665, 9.089677, 10.944443, 5.289054, 39.88889, 32.333336, 49.555557, 37.77778, -22.666666, 29.0, -6.3333335, 49.555557, 0.3501687, -2.43063, negative
141.0, 62.0, 9.0, 0.0, 0.0, 1.888889, 2.118518, 3.3888886, 6.3740745, 27.37037, 23.777779, 37.666668, 20.666668, -10.777778, 30.88889, -20.11111, 37.666668, 0.4503053, -1.8884078, positive
149.0, 64.0, 9.0, 0.0, 0.0, 1.4999996, 1.1444446, 1.3888887, 0.46296337, 24.074074, 22.666666, 31.88889, 17.666668, -4.2222223, 23.444445, -19.222221, 31.88889, 0.4463545, -1.7248944, positive
198.0, 185.0, 9.0, 0.0, 0.0, 1.3333346, 1.2292717, 2.5, 1.656637, 50.22222, 45.444443, 61.333332, 43.88889, -14.333333, 33.333332, -19.0, 61.333332, 0.28555444, -2.0071752, negative
58.0, 217.0, 9.0, 0.0, 0.0, 1.3888888, 1.06284, 1.6666665, 1.3498971, 11.925926, 9.777778, 9.0, 17.0, -6.4444447, -8.777778, 15.222222, 17.0, 0.48659843, 2.0066419, negative
124.0, 29.0, 9.0, 0.0, 0.0, 1.0000013, 0.7111076, 1.0555534, 0.90741664, 128.44444, 119.22222, 142.88889, 123.22222, -27.666666, 43.333332, -15.666667, 142.88889, 0.16561614, -2.271128, negative
221.0, 50.0, 9.0, 0.0, 0.0, 0.44444528, 0.5443321, 1.4444441, 0.6885326, 122.07407, 109.888885, 139.77779, 116.55556, -36.555557, 53.11111, -16.555555, 139.77779, 0.21380861, -2.3256788, negative
234.0, 164.0, 9.0, 0.0, 0.0, 0.5000002, 0.2111112, 3.0, 8.04445, 13.666667, 11.666667, 15.0, 14.333333, -6.0, 4.0, 2.0, 16.88889, 0.29914993, 2.87512, negative
151.0, 101.0, 9.0, 0.0, 0.0, 9.611111, 6.5367904, 0.5, 0.34960347, 31.185184, 27.222221, 39.444443, 26.88889, -11.888889, 24.777779, -12.888889, 39.444443, 0.32728764, -2.05839, negative
226.0, 90.0, 9.0, 0.0, 0.0, 0.77777773, 0.62063277, 0.38888884, 0.2509243, 7.185185, 5.111111, 12.111111, 4.3333335, -6.2222223, 14.777778, -8.555555, 12.111111, 0.6410182, -1.9895461, negative
96.0, 196.0, 9.0, 0.0, 0.0, 3.4999988, 1.2605116, 7.3888893, 3.6782641, 63.51852, 56.0, 79.111115, 55.444443, -22.555555, 46.77778, -24.222221, 79.111115, 0.30158615, -2.0704408, negative
124.0, 201.0, 9.0, 0.0, 0.0, 1.944445, 1.9597805, 2.0555556, 1.306678, 17.88889, 14.0, 14.888889, 24.777779, -11.666667, -9.0, 20.666666, 24.777779, 0.43971756, 2.1769927, negative
59.0, 87.0, 9.0, 0.0, 0.11111111, 11.166667, 84.87777, 13.222221, 70.02964, 17.11111, 12.222222, 23.444445, 15.666667, -14.666667, 19.0, -4.3333335, 23.444445, 0.65204316, -2.4180744, negative
109.0, 126.0, 9.0, 0.0, 0.0, 0.8333332, 0.21111107, 0.66666657, 0.35555547, 7.296296, 8.777778, 8.222222, 4.888889, 4.4444447, 2.7777777, -7.2222223, 8.888889, 0.45030865, -0.91367507, positive
113.0, 96.0, 9.0, 0.0, 0.0, 0.9444445, 0.50740725, 1.1111112, 0.34074047, 3.8148148, 1.1111112, 8.555555, 1.7777778, -8.111111, 14.222222, -6.111111, 8.555555, 0.87222224, -2.1862345, negative
117.0, 44.0, 9.0, 0.0, 0.0, 1.2777786, 0.24074224, 1.3333334, 0.31110993, 106.0, 93.0, 126.77778, 98.22222, -39.0, 62.333332, -23.333334, 126.77778, 0.26639053, -2.2555773, negative
103.0, 125.0, 9.0, 0.0, 0.0, 0.9444445, 0.82775915, 0.83333343, 0.6912146, 1.7777778, 0.44444445, 3.8888888, 1.0, -4.0, 6.3333335, -2.3333333, 3.8888888, 0.9238095, -2.2375617, negative
7.0, 48.0, 9.0, 0.0, 0.0, 0.6111107, 0.10740732, 1.3333308, 0.35555676, 115.77778, 107.44444, 132.44444, 107.44444, -25.0, 50.0, -25.0, 132.44444, 0.1971141, -2.0905566, negative
99.0, 156.0, 9.0, 0.0, 0.0, 2.0555556, 2.6407394, 2.5, 5.1888895, 21.0, 16.777779, 29.222221, 17.0, -12.666667, 24.666666, -12.0, 29.222221, 0.4313206, -2.1093647, negative
77.0, 186.0, 9.0, 0.0, 0.0, 1.9999996, 2.6666656, 2.333333, 3.5555558, 34.962963, 31.11111, 43.444443, 30.333334, -11.555555, 25.444445, -13.888889, 43.444443, 0.3033766, -2.0366416, negative
179.0, 69.0, 9.0, 0.0, 0.0, 0.72222203, 0.4906537, 0.944444, 0.7428667, 40.666668, 40.88889, 44.555557, 36.555557, 0.6666667, 11.666667, -12.333333, 44.555557, 0.17869009, -1.5187606, negative
244.0, 134.0, 9.0, 0.11111111, 0.0, 2.1111126, 1.1287498, 1.0000006, 0.7302964, 44.703705, 37.11111, 58.22222, 38.77778, -22.777779, 40.555557, -17.777779, 58.22222, 0.36128438, -2.1753492, negative
8.0, 93.0, 9.0, 0.0, 0.0, 0.8333333, 0.45946798, 1.0555559, 0.9289585, 19.88889, 15.111111, 28.88889, 15.666667, -14.333333, 27.0, -12.666667, 28.88889, 0.48024568, -2.1362147, negative
75.0, 226.0, 9.0, 0.0, 0.0, 2.2222226, 0.6554613, 1.611111, 1.0201668, 16.703703, 15.333333, 13.0, 21.777779, -4.111111, -11.111111, 15.222222, 21.777779, 0.40474883, 1.8223403, negative
16.0, 128.0, 9.0, 0.0, 0.0, 0.5, 0.077777766, 0.66666675, 0.31111118, 5.5555553, 6.888889, 6.6666665, 3.1111112, 4.0, 3.3333333, -7.3333335, 7.111111, 0.56150794, -0.98581076, positive
2.0, 171.0, 9.0, 0.0, 0.0, 1.9444447, 1.2186809, 3.6666667, 3.1269426, 45.77778, 41.0, 56.333332, 40.0, -14.333333, 31.666666, -17.333334, 56.333332, 0.28798285, -2.0329285, negative
137.0, 92.0, 9.0, 0.0, 0.0, 7.3888893, 7.3799014, 0.7777779, 0.34426498, 9.962963, 7.111111, 15.555555, 7.2222223, -8.555555, 16.777779, -8.222222, 15.555555, 0.6084366, -2.0967047, negative
104.0, 112.0, 9.0, 0.0, 0.0, 0.6111107, 0.25092375, 1.0555559, 0.71232516, 59.148148, 52.22222, 73.333336, 51.88889, -20.777779, 42.555557, -21.777779, 73.333336, 0.29368052, -2.0784628, negative
116.0, 125.0, 9.0, 0.0, 0.0, 2.8333333, 0.7226492, 2.0555546, 0.5741333, 60.925926, 52.555557, 76.44444, 53.77778, -25.11111, 46.555557, -21.444445, 76.44444, 0.3172057, -2.1450453, negative
183.0, 78.0, 9.0, 0.0, 0.0, 1.0555573, 0.32963154, 0.7777786, 1.2740806, 135.55556, 128.66667, 147.0, 131.0, -20.666666, 34.333332, -13.666667, 147.0, 0.124646865, -2.2255366, negative
145.0, 102.0, 9.0, 0.0, 0.0, 0.88888866, 0.6074083, 2.611111, 1.4851857, 23.074074, 22.11111, 29.777779, 17.333334, -2.8888888, 20.11111, -17.222221, 29.777779, 0.41776258, -1.6854404, positive
25.0, 198.0, 9.0, 0.0, 0.0, 2.8333328, 1.3457742, 4.1111107, 3.3444247, 48.703705, 42.77778, 61.0, 42.333336, -17.777779, 36.88889, -19.11111, 61.0, 0.30964476, -2.070717, negative
226.0, 141.0, 9.0, 0.0, 0.0, 0.4999999, 0.4333333, 0.7777776, 0.38518524, 5.4074073, 7.0, 6.2222223, 3.0, 4.7777777, 2.4444444, -7.2222223, 7.0, 0.5740741, -0.84373164, positive
114.0, 102.0, 9.0, 0.0, 0.0, 1.1111112, 1.2296298, 1.1666665, 0.877778, 4.037037, 1.0, 8.444445, 2.6666667, -9.111111, 13.222222, -4.111111, 8.444445, 0.8912177, -2.3161116, negative
216.0, 15.0, 9.0, 0.0, 0.0, 0.88889056, 0.34074262, 1.2222252, 0.51851857, 106.51852, 90.888885, 131.11111, 97.55556, -46.88889, 73.77778, -26.88889, 131.11111, 0.30673698, -2.2664518, negative
108.0, 111.0, 9.0, 0.0, 0.0, 0.5555555, 0.16296291, 2.5555553, 0.38518727, 3.8148148, 4.111111, 5.5555553, 1.7777778, 0.8888889, 5.2222223, -6.111111, 5.5555553, 0.7156085, -1.4372399, positive
68.0, 172.0, 9.0, 0.0, 0.0, 1.0555553, 1.0628396, 2.3333337, 1.6996722, 30.11111, 24.555555, 30.11111, 35.666668, -16.666666, 0.0, 16.666666, 35.666668, 0.31229463, 2.6178014, negative
18.0, 145.0, 9.0, 0.0, 0.0, 0.38888896, 0.018518496, 0.6111111, 0.3740741, 3.925926, 5.5555553, 4.0, 2.2222223, 4.888889, 0.22222222, -5.111111, 5.5555553, 0.6005291, -0.57094, positive
247.0, 174.0, 9.0, 0.11111111, 0.0, 3.1111107, 2.68052, 3.1666667, 1.545604, 56.185184, 49.444443, 70.88889, 48.22222, -20.222221, 44.11111, -23.88889, 70.88889, 0.3230207, -2.0373507, negative
61.0, 104.0, 9.0, 0.22222222, 0.0, 1.3888893, 0.72962725, 1.4444441, 0.7407405, 57.333332, 52.77778, 68.22222, 51.0, -13.666667, 32.666668, -19.0, 68.22222, 0.25220254, -1.9852214, negative
103.0, 216.0, 9.0, 0.0, 0.0, 1.4999999, 0.56666666, 0.8333332, 1.1888888, 7.0740743, 5.111111, 5.0, 11.111111, -5.888889, -6.2222223, 12.111111, 11.111111, 0.59312356, 2.0792952, negative
53.0, 134.0, 9.0, 0.0, 0.0, 2.1666667, 0.3, 0.27777767, 0.018518496, 6.962963, 4.666667, 11.222222, 5.0, -6.888889, 12.777778, -5.888889, 11.222222, 0.5872341, -2.1384587, negative
180.0, 142.0, 9.0, 0.0, 0.0, 0.16666669, 0.2788867, 0.11111111, 0.17213261, 0.11111111, 0.0, 0.33333334, 0.0, -0.33333334, 0.6666667, -0.33333334, 0.33333334, 0.22222222, -2.0943952, negative
98.0, 126.0, 9.0, 0.0, 0.0, 1.0555555, 0.71232533, 0.9444444, 0.49065322, 2.7777777, 0.5555556, 5.2222223, 2.5555556, -6.6666665, 7.3333335, -0.6666667, 5.2222223, 0.90899473, -2.5365143, negative
242.0, 164.0, 9.0, 0.11111111, 0.0, 0.38888898, 0.534027, 3.222223, 1.0470421, 19.814816, 15.111111, 18.777779, 25.555555, -14.111111, -3.1111112, 17.222221, 25.555555, 0.40952933, 2.4598064, negative
174.0, 75.0, 9.0, 0.0, 0.0, 1.5, 0.7226483, 2.3888886, 1.0835471, 41.11111, 40.333336, 45.666668, 37.333336, -2.3333333, 13.666667, -11.333333, 45.666668, 0.18173215, -1.7222778, negative
182.0, 186.0, 9.0, 0.11111111, 0.0, 3.666666, 2.0439608, 1.7777767, 1.2412661, 48.444443, 43.77778, 59.88889, 41.666668, -14.0, 34.333332, -20.333334, 59.88889, 0.30452195, -1.9730555, negative
242.0, 57.0, 9.0, 0.0, 0.11111111, 2.444444, 2.3538773, 9.277778, 2.7601657, 15.37037, 11.333333, 20.88889, 13.888889, -12.111111, 16.555555, -4.4444447, 20.88889, 0.46630767, -2.3706133, negative
119.0, 196.0, 9.0, 0.0, 0.0, 2.666666, 2.1499357, 1.3888893, 1.35674, 53.333332, 47.333332, 65.66667, 47.0, -18.0, 37.0, -19.0, 65.66667, 0.2935857, -2.0791848, negative
131.0, 214.0, 9.0, 0.0, 0.0, 0.77777773, 0.6518515, 1.2777777, 0.24074058, 6.814815, 5.0, 4.7777777, 10.666667, -5.4444447, -6.111111, 11.555555, 10.666667, 0.5681624, 2.0583289, negative
116.0, 245.0, 9.0, 0.11111111, 0.0, 1.3888888, 0.5518514, 2.222222, 3.940739, 14.222222, 11.111111, 13.111111, 18.444445, -9.333333, -3.3333333, 12.666667, 18.444445, 0.38969478, 2.3954313, negative
60.0, 126.0, 9.0, 0.0, 0.0, 0.8333333, 0.61111134, 0.55555564, 0.16296288, 20.11111, 16.444445, 27.333334, 16.555555, -11.0, 21.666666, -10.666667, 27.333334, 0.40593585, -2.1041024, negative
252.0, 201.0, 9.0, 0.0, 0.0, 4.6111107, 5.495115, 5.5555553, 5.795274, 40.296295, 35.77778, 49.0, 36.11111, -13.555555, 26.11111, -12.555555, 49.0, 0.2753682, -2.1758256, negative
65.0, 75.0, 9.0, 0.0, 0.0, 0.611111, 0.32963, 0.72222203, 0.19629599, 21.333334, 21.11111, 27.11111, 15.777778, -0.6666667, 17.333334, -16.666666, 27.11111, 0.41704598, -1.5901641, positive
75.0, 67.0, 9.0, 0.0, 0.0, 1.4444447, 1.0074071, 1.8333334, 1.5444458, 22.25926, 22.555555, 27.88889, 16.333334, 0.8888889, 16.88889, -17.777779, 27.88889, 0.4148357, -1.5247713, positive
78.0, 60.0, 9.0, 0.0, 0.0, 0.44444656, 0.2074079, 0.7777774, 0.38518456, 109.77778, 99.55556, 128.22223, 101.55556, -30.666666, 55.333332, -24.666666, 128.22223, 0.22336383, -2.1669195, negative
188.0, 42.0, 9.0, 0.0, 0.0, 0.7777786, 0.5443299, 1.6666679, 1.2649081, 108.92593, 95.666664, 126.22222, 104.888885, -39.77778, 51.88889, -12.111111, 126.22222, 0.24193405, -2.4103878, negative
30.0, 124.0, 9.0, 0.0, 0.0, 0.6111111, 0.10740735, 0.611111, 0.10740747, 6.0, 7.4444447, 7.2222223, 3.3333333, 4.3333335, 3.6666667, -8.0, 7.7777777, 0.571649, -0.98787266, positive
113.0, 132.0, 9.0, 0.0, 0.0, 0.44444442, 0.3442652, 0.38888887, 0.5340273, 1.2962962, 0.0, 3.4444444, 0.44444445, -3.8888888, 6.4444447, -2.5555556, 3.4444444, 1.0, -2.204847, negative
22.0, 125.0, 9.0, 0.0, 0.0, 2.277778, 1.8063672, 2.4444447, 1.3443986, 58.22222, 50.22222, 73.77778, 50.666668, -24.0, 46.666668, -22.666666, 73.77778, 0.32390848, -2.1127234, negative
240.0, 16.0, 9.0, 0.0, 0.0, 0.44444403, 0.1629624, 1.6666666, 1.1555537, 102.51852, 87.55556, 125.0, 95.0, -44.88889, 67.44444, -22.555555, 125.0, 0.29960132, -2.3024683, negative
239.0, 143.0, 9.0, 0.0, 0.0, 0.33333328, 0.04444445, 0.6666667, 0.1333334, 4.5185184, 6.111111, 5.4444447, 2.0, 4.7777777, 2.7777777, -7.5555553, 6.111111, 0.67407405, -0.8782905, positive
9.0, 72.0, 9.0, 0.0, 0.0, 0.7777774, 0.562961, 1.4999987, 0.7444466, 125.44444, 114.111115, 141.11111, 121.111115, -34.0, 47.0, -13.0, 141.11111, 0.19128962, -2.3661966, negative
201.0, 40.0, 9.0, 0.0, 0.0, 1.0555559, 0.59629506, 1.4999987, 1.5444428, 123.77778, 113.333336, 139.66667, 118.333336, -31.333334, 47.666668, -16.333334, 139.66667, 0.18850341, -2.2922006, negative
124.0, 191.0, 9.0, 0.0, 0.0, 3.5000007, 2.7386136, 3.277778, 2.8001328, 59.74074, 52.88889, 74.77778, 51.555557, -20.555555, 45.11111, -24.555555, 74.77778, 0.31361094, -2.03548, negative
166.0, 185.0, 9.0, 0.0, 0.0, 1.9444447, 0.250924, 2.0, 0.21081811, 54.22222, 48.555557, 67.22222, 46.88889, -17.0, 39.0, -22.0, 67.22222, 0.30253935, -2.0080075, negative
177.0, 181.0, 9.0, 0.0, 0.0, 4.277778, 1.7309828, 2.555556, 1.4857335, 60.62963, 53.666668, 75.66667, 52.555557, -20.88889, 45.11111, -24.222221, 75.66667, 0.3069927, -2.0445633, negative
253.0, 201.0, 9.0, 0.0, 0.0, 2.9999993, 2.6915498, 2.8333328, 2.3357134, 43.962963, 39.22222, 53.88889, 38.77778, -14.222222, 29.777779, -15.555555, 53.88889, 0.2808298, -2.0678604, negative
127.0, 143.0, 9.0, 0.0, 0.0, 1.5, 0.12222214, 0.88888884, 0.60740745, 4.185185, 0.8888889, 9.444445, 2.2222223, -9.888889, 15.777778, -5.888889, 9.444445, 0.915376, -2.2574124, negative
125.0, 56.0, 9.0, 0.0, 0.0, 2.666666, 3.6444438, 2.7222216, 1.5740722, 28.62963, 26.11111, 37.666668, 22.11111, -7.5555553, 27.11111, -19.555555, 37.666668, 0.41393992, -1.8199148, positive
54.0, 126.0, 9.0, 0.11111111, 0.0, 2.7777774, 2.6970487, 3.3888886, 2.2746582, 23.296297, 21.0, 28.88889, 20.0, -6.888889, 16.777779, -9.888889, 28.88889, 0.3057855, -1.9687403, negative
7.0, 134.0, 9.0, 0.0, 0.0, 0.055555563, 0.018518524, 0.055555556, 0.01851852, 0.037037037, 0.0, 0.11111111, 0.0, -0.11111111, 0.22222222, -0.11111111, 0.11111111, 0.11111111, -2.0943952, negative
94.0, 144.0, 9.0, 0.0, 0.0, 0.44444442, 0.118518494, 0.49999997, 0.1666667, 1.1481482, 0.0, 3.4444444, 0.0, -3.4444444, 6.888889, -3.4444444, 3.4444444, 1.0, -2.0943952, negative
113.0, 34.0, 9.0, 0.0, 0.0, 1.9999987, 1.1352938, 0.8333308, 0.83665943, 72.888885, 65.0, 89.111115, 64.55556, -23.666666, 48.666668, -25.0, 89.111115, 0.27917594, -2.0781536, negative
205.0, 190.0, 9.0, 0.0, 0.0, 1.2777773, 0.9981452, 1.6111107, 1.1238158, 49.48148, 44.77778, 60.666668, 43.0, -14.111111, 33.555557, -19.444445, 60.666668, 0.29078844, -1.9875989, negative
222.0, 244.0, 9.0, 0.11111111, 0.0, 2.9444444, 0.640741, 2.2777777, 2.151852, 10.37037, 9.666667, 9.777778, 11.666667, -2.1111112, -1.7777778, 3.8888888, 11.888889, 0.22648169, 2.32339, negative
241.0, 137.0, 9.0, 0.0, 0.11111111, 4.277778, 18.685184, 3.8333333, 37.500004, 5.0, 2.5555556, 9.0, 3.4444444, -7.3333335, 12.0, -4.6666665, 9.0, 0.837478, -2.1939669, negative
206.0, 12.0, 9.0, 0.0, 0.0, 2.6111112, 1.4819909, 4.5, 3.3582406, 11.444445, 8.444445, 17.666668, 8.222222, -9.0, 18.666666, -9.666667, 17.666668, 0.5437747, -2.0644825, negative
137.0, 182.0, 9.0, 0.0, 0.0, 1.8333334, 3.8555553, 3.6111107, 9.218522, 34.925926, 31.444445, 42.88889, 30.444445, -10.444445, 23.88889, -13.444445, 42.88889, 0.28575617, -2.0011246, negative
68.0, 198.0, 9.0, 0.0, 0.11111111, 2.8888886, 2.8803296, 3.0555553, 2.8706684, 58.074074, 51.444443, 71.888885, 50.88889, -19.88889, 41.444443, -21.555555, 71.888885, 0.29130092, -2.0648882, negative
236.0, 77.0, 9.0, 0.0, 0.0, 22.166666, 15.472914, 7.722223, 8.373016, 32.77778, 30.222221, 37.666668, 30.444445, -7.6666665, 14.666667, -7.0, 37.666668, 0.22524333, -2.1233602, negative
19.0, 63.0, 9.0, 0.0, 0.0, 1.2777777, 1.5740732, 2.1111114, 3.096295, 20.925926, 19.666668, 27.777779, 15.333333, -3.7777777, 20.555555, -16.777779, 27.777779, 0.44724983, -1.7268302, positive
180.0, 97.0, 9.0, 0.0, 0.0, 0.94444275, 0.32963142, 1.0, 0.6666667, 134.37038, 126.55556, 145.44444, 131.11111, -23.444445, 33.22222, -9.777778, 145.44444, 0.12984978, -2.3462343, negative
7.0, 34.0, 9.0, 0.0, 0.0, 2.0, 3.6888885, 1.5, 2.0333328, 20.333334, 18.222221, 27.88889, 14.888889, -6.3333335, 22.666666, -16.333334, 27.88889, 0.4663447, -1.8231477, positive
147.0, 69.0, 9.0, 0.0, 0.0, 2.0555556, 2.9074075, 1.8888897, 2.562964, 25.666666, 23.444445, 34.444447, 19.11111, -6.6666665, 26.333334, -19.666666, 34.444447, 0.44485995, -1.7913898, positive
23.0, 129.0, 9.0, 0.0, 0.0, 0.5, 0.077777795, 0.38888887, 0.15185186, 0.5185185, 0.0, 1.5555556, 0.0, -1.5555556, 3.1111112, -1.5555556, 1.5555556, 0.7777778, -2.0943952, negative
229.0, 147.0, 9.0, 0.0, 0.11111111, 4.0555553, 14.062966, 2.5, 1.2777781, 27.296297, 20.88889, 38.666668, 22.333334, -19.222221, 34.11111, -14.888889, 38.666668, 0.45740503, -2.1744676, negative
213.0, 86.0, 9.0, 0.0, 0.0, 0.833333, 0.18257454, 0.3888887, 0.3277307, 17.148148, 13.222222, 24.666666, 13.555555, -11.777778, 22.555555, -10.777778, 24.666666, 0.46348011, -2.123611, negative
54.0, 91.0, 9.0, 0.0, 0.0, 1.4444443, 1.540741, 0.8333333, 0.25555572, 3.2592592, 0.5555556, 8.0, 1.2222222, -8.111111, 14.222222, -6.111111, 8.0, 0.94481075, -2.186723, negative
137.0, 163.0, 9.0, 0.0, 0.0, 1.4444441, 0.78518575, 18.888887, 5.5407553, 39.296295, 33.77778, 47.555557, 36.555557, -16.555555, 24.777779, -8.222222, 47.555557, 0.28481323, -2.3952131, negative
115.0, 156.0, 9.0, 0.0, 0.0, 0.3888887, 0.38968167, 1.0555553, 0.6469302, 24.25926, 17.222223, 26.0, 29.555555, -21.11111, 5.2222223, 15.888889, 29.555555, 0.41732758, 2.8434196, negative
7.0, 18.0, 9.0, 0.0, 0.0, 1.2777786, 0.7296265, 0.9444453, 0.37407914, 138.62962, 133.33334, 147.55556, 135.0, -15.888889, 26.777779, -10.888889, 147.55556, 0.096352234, -2.2146115, negative
18.0, 138.0, 9.0, 0.0, 0.0, 0.88888884, 0.5629629, 0.83333325, 0.29999986, 5.740741, 7.3333335, 6.5555553, 3.3333333, 4.7777777, 2.4444444, -7.2222223, 7.3333335, 0.5438712, -0.8621077, positive
239.0, 93.0, 9.0, 0.0, 0.0, 3.444444, 13.496301, 1.0555555, 0.86296237, 14.407408, 9.888889, 22.88889, 10.444445, -13.555555, 25.444445, -11.888889, 22.88889, 0.57700235, -2.1374934, negative
6.0, 54.0, 9.0, 0.0, 0.0, 0.61110944, 0.1074082, 0.944444, 0.5518552, 116.77778, 109.111115, 132.44444, 108.77778, -23.0, 47.0, -24.0, 132.44444, 0.18114924, -2.079152, negative
168.0, 184.0, 9.0, 0.0, 0.0, 4.6666665, 1.5202329, 5.8333325, 1.8104627, 48.25926, 43.88889, 58.666668, 42.22222, -13.111111, 31.222221, -18.11111, 58.666668, 0.2781955, -1.9867758, negative
112.0, 102.0, 9.0, 0.0, 0.0, 0.5555555, 0.20740739, 1.5555555, 0.4740743, 3.3703704, 0.5555556, 7.6666665, 1.8888888, -8.444445, 12.888889, -4.4444447, 7.6666665, 0.94074076, -2.2751586, negative
252.0, 176.0, 9.0, 0.0, 0.11111111, 1.8888887, 1.1482687, 5.0555553, 2.855145, 52.925926, 46.333332, 67.0, 45.444443, -19.777779, 42.22222, -22.444445, 67.0, 0.32042044, -2.0516355, negative
25.0, 138.0, 9.0, 0.11111111, 0.0, 1.2777777, 1.1434193, 0.72222215, 0.49065349, 5.185185, 2.0, 9.333334, 4.2222223, -9.555555, 12.444445, -2.8888888, 9.333334, 0.7900112, -2.4068089, negative
229.0, 102.0, 9.0, 0.0, 0.0, 0.88888866, 0.7200823, 7.944444, 5.425934, 42.77778, 37.0, 54.444443, 36.88889, -17.333334, 35.0, -17.666666, 54.444443, 0.31827116, -2.0885792, negative
75.0, 90.0, 9.0, 0.11111111, 0.0, 4.1666675, 3.0018506, 2.8333333, 2.7708795, 48.22222, 41.22222, 61.444443, 42.0, -21.0, 39.666668, -18.666666, 61.444443, 0.32763156, -2.1318614, negative
140.0, 103.0, 9.0, 0.11111111, 0.0, 2.166666, 3.4111135, 1.8333334, 2.1666677, 21.851852, 21.222221, 28.0, 16.333334, -1.8888888, 18.444445, -16.555555, 28.0, 0.4162386, -1.6343956, positive
214.0, 143.0, 9.0, 0.0, 0.0, 0.11111113, 0.17213261, 0.44444442, 0.17213264, 0.6666667, 0.22222222, 1.7777778, 0.0, -1.3333334, 3.3333333, -2.0, 1.7777778, 0.8888889, -1.9869384, negative
107.0, 21.0, 9.0, 0.0, 0.0, 0.66666156, 0.51639783, 1.1666666, 0.4082483, 126.77778, 115.77778, 141.88889, 122.666664, -33.0, 45.333332, -12.333333, 141.88889, 0.18402189, -2.3703718, negative
197.0, 123.0, 9.0, 0.0, 0.0, 0.94444466, 0.9518536, 2.9999993, 1.5555562, 44.814816, 41.11111, 53.77778, 39.555557, -11.111111, 26.88889, -15.777778, 53.77778, 0.26327455, -1.9783275, negative
215.0, 84.0, 9.0, 0.0, 0.0, 0.33333334, 0.29814252, 0.3888893, 0.3277306, 17.11111, 13.0, 24.777779, 13.555555, -12.333333, 23.0, -10.666667, 24.777779, 0.475, -2.1438966, negative
227.0, 109.0, 9.0, 0.0, 0.0, 1.1666666, 0.98319155, 0.3888893, 0.38968188, 21.851852, 18.444445, 28.777779, 18.333334, -10.222222, 20.777779, -10.555555, 28.777779, 0.36714104, -2.0827625, negative
208.0, 65.0, 9.0, 0.0, 0.0, 1.3888874, 1.2367799, 26.444445, 25.537477, 56.703705, 52.666668, 64.44444, 53.0, -12.111111, 23.222221, -11.111111, 64.44444, 0.19713038, -1.9708116, negative
71.0, 180.0, 9.0, 0.11111111, 0.0, 1.222222, 0.5629625, 3.0, 1.8666646, 22.333334, 18.333334, 21.444445, 27.222221, -12.0, -2.6666667, 14.666667, 27.222221, 0.3273826, 2.4538307, negative
3.0, 78.0, 9.0, 0.0, 0.11111111, 14.833332, 356.16672, 43.333332, 662.35547, 79.666664, 70.77778, 91.44444, 76.77778, -26.666666, 35.333332, -8.666667, 91.44444, 0.26973316, -2.4116454, negative
92.0, 104.0, 9.0, 0.0, 0.0, 1.7222227, 1.4363024, 1.8333346, 1.3784055, 100.51852, 87.22222, 119.888885, 94.44444, -39.88889, 58.11111, -18.222221, 119.888885, 0.27240252, -2.3262012, negative
138.0, 188.0, 9.0, 0.0, 0.0, 2.0555565, 1.3567389, 1.1111113, 0.75030893, 60.333332, 53.555557, 74.888885, 52.555557, -20.333334, 43.666668, -23.333334, 74.888885, 0.29951125, -2.047211, negative
10.0, 223.0, 9.0, 0.11111111, 0.0, 1.5000001, 1.0697871, 3.555556, 2.9489486, 15.037037, 13.777778, 12.888889, 18.444445, -3.7777777, -6.4444447, 10.222222, 18.444445, 0.33066535, 1.9109454, negative
102.0, 30.0, 9.0, 0.0, 0.0, 0.94444656, 0.8798158, 0.6111107, 0.7722024, 125.40741, 115.111115, 141.0, 120.111115, -30.88889, 46.77778, -15.888889, 141.0, 0.18356538, -2.2959888, negative
69.0, 68.0, 9.0, 0.0, 0.0, 0.83333206, 0.8628117, 0.7777774, 0.5837293, 56.296295, 49.22222, 71.0, 48.666668, -21.222221, 44.11111, -22.88889, 71.0, 0.31602636, -2.0695407, negative
189.0, 107.0, 9.0, 0.0, 0.0, 1.0, 1.2888924, 1.0555547, 0.418522, 133.66667, 125.77778, 145.22223, 130.0, -23.666666, 34.666668, -11.0, 145.22223, 0.13383016, -2.3173838, negative
96.0, 138.0, 9.0, 0.0, 0.0, 0.72222227, 0.6469301, 0.94444436, 0.7123256, 1.1481482, 0.11111111, 2.7777777, 0.5555556, -3.1111112, 4.888889, -1.7777778, 2.7777777, 0.9777778, -2.219242, negative
64.0, 176.0, 9.0, 0.0, 0.0, 2.3333328, 0.91893756, 1.0000006, 0.91893756, 50.77778, 46.0, 62.333332, 44.0, -14.333333, 34.666668, -20.333334, 62.333332, 0.29405567, -1.9808797, negative
11.0, 108.0, 9.0, 0.0, 0.0, 1.3333335, 0.80000025, 1.3888888, 0.95185167, 17.666666, 19.0, 21.11111, 12.888889, 4.0, 10.333333, -14.333333, 21.11111, 0.38875645, -1.3021333, positive
27.0, 62.0, 9.0, 0.0, 0.0, 1.111112, 0.5629644, 1.6666692, 1.3333359, 125.333336, 115.77778, 139.44444, 120.77778, -28.666666, 42.333332, -13.666667, 139.44444, 0.16963542, -2.3142316, negative
214.0, 121.0, 9.0, 0.0, 0.0, 0.2777778, 0.06296298, 0.11111111, 0.07407408, 1.1481482, 0.0, 3.3333333, 0.11111111, -3.4444444, 6.5555553, -3.1111112, 3.3333333, 1.0, -2.132635, negative
96.0, 84.0, 9.0, 0.0, 0.0, 1.5000004, 1.2777773, 1.6111107, 2.2851882, 23.851852, 23.555555, 30.0, 18.0, -0.8888889, 18.444445, -17.555555, 30.0, 0.39879107, -1.598867, positive
77.0, 177.0, 9.0, 0.0, 0.0, 1.3333327, 1.3333344, 2.1666672, 1.9748423, 48.407406, 44.22222, 59.333332, 41.666668, -12.555555, 32.77778, -20.222221, 59.333332, 0.29743084, -1.9404231, negative
76.0, 134.0, 9.0, 0.11111111, 0.0, 2.5555546, 1.4401643, 1.4444441, 0.54433167, 48.925926, 41.88889, 63.11111, 41.77778, -21.11111, 42.555557, -21.444445, 63.11111, 0.3411113, -2.0869143, negative
119.0, 115.0, 9.0, 0.0, 0.11111111, 2.4444444, 1.5729189, 5.0, 2.9363625, 7.5555553, 3.5555556, 12.888889, 6.2222223, -12.0, 16.0, -4.0, 12.888889, 0.7672355, -2.3909924, negative
59.0, 99.0, 9.0, 0.0, 0.0, 0.77777785, 0.8296297, 0.99999994, 0.3555556, 2.0370371, 0.11111111, 5.5555553, 0.44444445, -5.7777777, 10.555555, -4.7777777, 5.5555553, 0.9861111, -2.149743, negative
228.0, 20.0, 9.0, 0.0, 0.0, 1.0555547, 0.49065518, 0.8333333, 0.7527733, 125.0, 114.0, 140.55556, 120.44444, -33.0, 46.666668, -13.666667, 140.55556, 0.18889166, -2.348006, negative
161.0, 136.0, 9.0, 0.0, 0.0, 0.6111111, 0.19629627, 0.44444442, 0.074074, 5.6296296, 7.111111, 6.4444447, 3.3333333, 4.4444447, 2.4444444, -6.888889, 7.2222223, 0.53571427, -0.8965326, positive
13.0, 149.0, 9.0, 0.0, 0.0, 0.8888889, 0.7851851, 0.99999994, 1.2444444, 5.5185184, 4.111111, 8.777778, 3.6666667, -4.2222223, 9.777778, -5.5555553, 8.777778, 0.5881634, -2.0091076, positive
183.0, 157.0, 9.0, 0.0, 0.0, 0.6666667, 0.4216376, 2.1111114, 0.62063295, 19.666666, 16.444445, 18.666668, 23.88889, -9.666667, -3.0, 12.666667, 23.88889, 0.31418663, 2.4052022, negative
121.0, 237.0, 9.0, 0.0, 0.0, 1.3333331, 1.155555, 1.5555553, 0.785185, 7.4814816, 6.111111, 5.111111, 11.222222, -4.111111, -7.111111, 11.222222, 11.222222, 0.55723476, 1.9384677, negative
221.0, 35.0, 9.0, 0.0, 0.0, 0.6666667, 0.13333334, 0.94444656, 0.107407376, 98.74074, 83.333336, 122.55556, 90.333336, -46.22222, 71.44444, -25.222221, 122.55556, 0.32001477, -2.280843, negative
80.0, 124.0, 9.0, 0.0, 0.0, 0.5555556, 0.16296288, 0.44444442, 0.029629659, 5.111111, 6.6666665, 6.0, 2.6666667, 4.6666665, 2.6666667, -7.3333335, 6.7777777, 0.6084656, -0.877707, positive
48.0, 83.0, 9.0, 0.0, 0.0, 2.277778, 4.0185175, 2.3333333, 1.6888885, 6.259259, 2.2222223, 11.888889, 4.666667, -12.111111, 16.88889, -4.7777777, 11.888889, 0.82735026, -2.3450046, negative
15.0, 123.0, 9.0, 0.0, 0.0, 0.44444445, 0.11851848, 0.4444444, 0.118518606, 4.5555553, 6.0, 5.3333335, 2.3333335, 4.3333335, 2.3333333, -6.6666665, 6.0, 0.6116402, -0.85354733, positive
142.0, 185.0, 9.0, 0.11111111, 0.0, 2.2777786, 1.7690771, 3.1111114, 1.1674604, 47.814816, 43.88889, 58.22222, 41.333336, -11.777778, 31.222221, -19.444445, 58.22222, 0.28914437, -1.937924, negative
205.0, 177.0, 9.0, 0.0, 0.0, 2.8333347, 9.633328, 8.499999, 17.366692, 32.444443, 28.444445, 40.333336, 28.555555, -12.0, 23.666666, -11.666667, 40.333336, 0.296365, -2.121237, negative
33.0, 114.0, 9.0, 0.0, 0.0, 0.55555516, 0.07407411, 0.49999985, 0.21111098, 16.11111, 11.777778, 24.11111, 12.444445, -13.0, 24.0, -11.0, 24.11111, 0.51092404, -2.1490734, negative
129.0, 176.0, 9.0, 0.0, 0.0, 1.4444443, 0.65546167, 2.722222, 1.5408025, 22.74074, 19.444445, 19.777779, 29.0, -9.888889, -8.888889, 18.777779, 29.0, 0.33502117, 2.1269014, negative
179.0, 63.0, 9.0, 0.0, 0.0, 0.99999744, 0.51639783, 6.222223, 5.6751566, 105.59259, 92.666664, 123.22222, 100.888885, -38.77778, 52.88889, -14.111111, 123.22222, 0.2481359, -2.3752825, negative
156.0, 79.0, 9.0, 0.0, 0.11111111, 1.9444443, 2.4532669, 4.7777777, 3.4875438, 14.185185, 10.555555, 20.555555, 11.444445, -10.888889, 19.11111, -8.222222, 20.555555, 0.4850439, -2.1758432, negative
157.0, 85.0, 9.0, 0.0, 0.0, 1.2222223, 1.2412657, 0.22222233, 0.17213264, 18.925926, 14.555555, 26.88889, 15.333333, -13.111111, 23.88889, -10.777778, 26.88889, 0.45902446, -2.1609125, negative
169.0, 199.0, 9.0, 0.0, 0.0, 1.277778, 0.4430534, 1.277778, 1.041722, 14.518518, 11.111111, 14.555555, 17.88889, -10.222222, 0.11111111, 10.111111, 17.88889, 0.37847343, 2.6341755, negative
150.0, 158.0, 9.0, 0.0, 0.0, 2.166667, 1.6333338, 1.388889, 0.41851807, 8.444445, 7.0, 12.222222, 6.111111, -4.3333335, 11.333333, -7.0, 12.222222, 0.50308645, -1.9434487, negative
95.0, 57.0, 9.0, 0.0, 0.0, 1.8333327, 3.4111106, 2.1111107, 1.7185175, 26.296297, 24.666666, 34.444447, 19.777779, -4.888889, 24.444445, -19.555555, 34.444447, 0.42569095, -1.7390174, positive
89.0, 221.0, 9.0, 0.0, 0.0, 1.3888888, 1.4851848, 1.4444445, 1.5851862, 14.074074, 10.666667, 12.444445, 19.11111, -10.222222, -4.888889, 15.111111, 19.11111, 0.44601154, 2.3172119, negative
182.0, 134.0, 9.0, 0.0, 0.0, 0.6111112, 0.24074072, 0.72222215, 0.06296298, 5.888889, 7.6666665, 6.6666665, 3.3333333, 5.3333335, 2.3333333, -7.6666665, 7.888889, 0.57760143, -0.8060425, positive
241.0, 135.0, 9.0, 0.0, 0.0, 0.22222225, 0.029629627, 0.16666667, 0.07777778, 0.14814815, 0.0, 0.44444445, 0.0, -0.44444445, 0.8888889, -0.44444445, 0.44444445, 0.33333334, -2.0943952, negative
202.0, 182.0, 9.0, 0.0, 0.0, 2.5555546, 1.8579167, 3.0, 2.0548048, 55.074074, 49.555557, 68.111115, 47.555557, -16.555555, 39.11111, -22.555555, 68.111115, 0.3016008, -1.9892213, negative
78.0, 201.0, 9.0, 0.0, 0.0, 2.8333333, 2.6562307, 4.9999995, 4.071583, 56.444443, 51.444443, 68.66667, 49.22222, -15.0, 36.666668, -21.666666, 68.66667, 0.28042978, -1.9694558, negative
214.0, 236.0, 9.0, 0.0, 0.0, 0.5, 0.25555578, 3.7777774, 1.3629639, 16.592592, 12.888889, 14.666667, 22.222221, -11.111111, -5.7777777, 16.88889, 22.222221, 0.41959706, 2.3066785, negative
44.0, 20.0, 9.0, 0.0, 0.0, 0.6111107, 0.06296326, 1.4444427, 0.56296283, 113.85185, 102.666664, 132.33334, 106.55556, -33.555557, 55.444443, -21.88889, 132.33334, 0.2241392, -2.2318263, negative
70.0, 197.0, 9.0, 0.0, 0.11111111, 2.7222226, 2.0156798, 5.277778, 3.2756114, 54.851852, 48.88889, 68.0, 47.666668, -17.88889, 39.444443, -21.555555, 68.0, 0.29870403, -2.0335052, negative
68.0, 109.0, 9.0, 0.0, 0.0, 1.5, 3.2333333, 1.111111, 1.8962961, 1.962963, 0.33333334, 4.7777777, 0.7777778, -4.888889, 8.444445, -3.5555556, 4.7777777, 0.9691358, -2.146531, negative
139.0, 16.0, 9.0, 0.0, 0.0, 0.6666667, 0.35555902, 0.9444478, 0.06296336, 140.40741, 134.66667, 149.88889, 136.66667, -17.222221, 28.444445, -11.222222, 149.88889, 0.101526454, -2.2328947, negative
124.0, 162.0, 9.0, 0.11111111, 0.0, 1.3888888, 1.1296295, 2.0, 0.8888891, 10.037037, 8.0, 14.555555, 7.5555553, -6.111111, 13.555555, -7.4444447, 14.555555, 0.4799313, -2.0293121, negative
205.0, 156.0, 9.0, 0.0, 0.0, 2.1666667, 1.2777781, 2.0, 2.3555562, 18.25926, 13.444445, 17.333334, 24.0, -14.444445, -2.7777777, 17.222221, 24.0, 0.44057688, 2.47582, negative
26.0, 67.0, 9.0, 0.11111111, 0.0, 1.0, 0.8888903, 2.4444447, 3.1851847, 20.0, 19.555555, 25.88889, 14.555555, -1.3333334, 17.666666, -16.333334, 25.88889, 0.4369392, -1.6232022, positive
211.0, 139.0, 9.0, 0.0, 0.0, 0.33333334, 0.0888889, 0.27777782, 0.06296302, 5.2222223, 3.2222223, 9.555555, 2.8888888, -6.0, 13.0, -7.0, 9.555555, 0.69660497, -2.04457, negative
237.0, 106.0, 9.0, 0.0, 0.0, 0.9444444, 0.15185204, 0.8333333, 0.47777775, 2.4074075, 0.44444445, 6.111111, 0.6666667, -5.888889, 11.111111, -5.2222223, 6.111111, 0.9404762, -2.133095, negative
13.0, 83.0, 9.0, 0.0, 0.0, 0.83333325, 0.54772246, 0.6666666, 0.63245547, 3.7037036, 1.5555556, 6.0, 3.5555556, -6.4444447, 6.888889, -0.44444445, 6.0, 0.7404762, -2.5733812, negative
158.0, 151.0, 9.0, 0.0, 0.0, 0.38888898, 0.38968158, 4.4444447, 4.0423675, 19.0, 15.222222, 18.333334, 23.444445, -11.333333, -2.0, 13.333333, 23.444445, 0.352606, 2.5052488, negative
59.0, 139.0, 9.0, 0.0, 0.0, 6.8888893, 6.9629517, 1.6666666, 0.80000025, 16.37037, 12.444445, 23.666666, 13.0, -11.777778, 21.88889, -10.111111, 23.666666, 0.48272505, -2.1182232, negative
163.0, 151.0, 9.0, 0.0, 0.0, 3.833333, 11.055564, 1.5555557, 2.2518542, 30.481482, 23.11111, 42.77778, 25.555555, -22.11111, 36.88889, -14.777778, 42.77778, 0.45744765, -2.2196255, negative
39.0, 137.0, 9.0, 0.0, 0.0, 0.2222222, 0.029629627, 0.27777776, 0.1074074, 1.3703704, 0.0, 4.111111, 0.0, -4.111111, 8.222222, -4.111111, 4.111111, 1.0, -2.0943952, negative
21.0, 122.0, 9.0, 0.0, 0.0, 0.44444445, 0.4036867, 0.44444445, 0.4036867, 0.5555556, 0.0, 1.2222222, 0.44444445, -1.6666666, 2.0, -0.33333334, 1.2222222, 0.5555556, -2.4445627, negative
105.0, 189.0, 9.0, 0.0, 0.0, 2.0555553, 1.5116827, 4.4444447, 3.4555368, 61.407406, 55.0, 75.44444, 53.77778, -19.222221, 42.11111, -22.88889, 75.44444, 0.28551513, -2.0358937, negative
118.0, 111.0, 9.0, 0.0, 0.0, 1.2222227, 1.0470412, 0.55555534, 0.27216536, 62.25926, 56.444443, 75.333336, 55.0, -17.444445, 39.22222, -21.777779, 75.333336, 0.2692176, -2.014126, negative
147.0, 34.0, 9.0, 0.0, 0.0, 4.611111, 4.154872, 0.7777786, 0.7793621, 47.592594, 41.11111, 60.0, 41.666668, -19.444445, 37.22222, -17.777779, 60.0, 0.3175422, -2.1228747, negative
80.0, 72.0, 9.0, 0.0, 0.0, 1.2222227, 1.0036967, 1.4444441, 1.1674612, 59.0, 51.333332, 74.44444, 51.22222, -23.0, 46.333332, -23.333334, 74.44444, 0.31460637, -2.0902212, negative
