@relation page-blocks0
@attribute Height integer [1, 804]
@attribute Lenght integer [1, 553]
@attribute Area integer [7, 143993]
@attribute Eccen real [0.0070, 537.0]
@attribute P_black real [0.052, 1.0]
@attribute P_and real [0.062, 1.0]
@attribute Mean_tr real [1.0, 4955.0]
@attribute Blackpix integer [1, 33017]
@attribute Blackand integer [7, 46133]
@attribute Wb_trans integer [1, 3212]
@attribute Class {positive, negative}
@inputs Height, Lenght, Area, Eccen, P_black, P_and, Mean_tr, Blackpix, Blackand, Wb_trans
@outputs Class
@data
5, 7, 35, 1.4, 0.4, 0.657, 2.33, 14, 23, 6, negative
6, 3, 18, 500.0, 0.5, 0.944, 2.25, 9, 17, 4, negative
5, 2, 10, 0.4, 0.8, 1.0, 8.0, 8, 10, 1, negative
5, 4, 20, 0.8, 0.5, 0.8, 10.0, 10, 16, 1, negative
11, 9, 99, 0.818, 0.343, 0.626, 3.4, 34, 62, 10, negative
11, 8, 88, 0.727, 0.602, 1.0, 5.89, 53, 88, 9, negative
11, 35, 385, 3.182, 0.382, 0.657, 6.13, 147, 253, 24, negative
3, 59, 177, 19.667, 0.475, 0.475, 84.0, 84, 84, 1, positive
9, 21, 189, 2.333, 0.429, 0.772, 3.0, 81, 146, 27, negative
2, 22, 44, 11.0, 0.705, 0.864, 15.5, 31, 38, 2, positive
9, 41, 369, 4.556, 0.298, 0.775, 1.9, 110, 286, 58, negative
10, 4, 40, 0.4, 0.375, 0.4, 15.0, 15, 16, 1, negative
9, 32, 288, 3.556, 0.271, 0.594, 2.23, 78, 171, 35, negative
1, 10, 10, 10.0, 1.0, 1.0, 10.0, 10, 10, 1, positive
9, 5, 45, 0.556, 0.378, 0.933, 2.83, 17, 42, 6, negative
3, 113, 339, 37.667, 0.357, 0.378, 30.25, 121, 128, 4, positive
98, 3, 294, 0.031, 0.48, 0.486, 141.0, 141, 143, 1, positive
9, 37, 333, 4.111, 0.526, 0.898, 3.18, 175, 299, 55, negative
9, 85, 765, 9.444, 0.302, 0.812, 1.82, 231, 621, 127, negative
9, 75, 675, 8.333, 0.256, 0.606, 2.19, 173, 409, 79, negative
10, 44, 440, 4.4, 0.393, 0.852, 3.15, 173, 375, 55, negative
9, 40, 360, 4.444, 0.356, 0.967, 2.29, 128, 348, 56, negative
2, 18, 36, 9.0, 0.722, 0.722, 26.0, 26, 26, 1, positive
1, 8, 8, 8.0, 1.0, 1.0, 8.0, 8, 8, 1, positive
2, 69, 138, 34.5, 0.623, 0.906, 10.75, 86, 125, 8, positive
11, 77, 847, 7.0, 0.345, 0.874, 2.43, 292, 740, 120, negative
9, 41, 369, 4.556, 0.301, 0.886, 1.91, 111, 327, 58, negative
1, 57, 57, 57.0, 0.456, 1.0, 3.71, 26, 57, 7, positive
6, 27, 162, 4.5, 0.154, 0.481, 2.78, 25, 78, 9, negative
7, 17, 119, 2.429, 0.227, 0.58, 2.7, 27, 69, 10, negative
2, 31, 62, 15.5, 0.194, 0.516, 2.0, 12, 32, 6, negative
2, 19, 38, 9.5, 0.237, 1.0, 1.8, 9, 38, 5, negative
11, 9, 99, 0.818, 0.485, 0.727, 6.0, 48, 72, 8, negative
11, 9, 99, 0.818, 0.475, 0.636, 15.67, 47, 63, 3, negative
11, 8, 88, 0.727, 0.511, 0.852, 9.0, 45, 75, 5, negative
10, 38, 380, 3.8, 0.387, 0.887, 2.49, 147, 337, 59, negative
9, 14, 126, 1.556, 0.127, 0.937, 1.78, 16, 118, 9, negative
8, 35, 280, 4.375, 0.379, 0.886, 1.66, 106, 248, 64, negative
9, 95, 855, 10.556, 0.285, 0.723, 2.1, 244, 618, 116, negative
8, 80, 640, 10.0, 0.298, 0.883, 1.72, 191, 565, 111, negative
9, 99, 891, 11.0, 0.27, 0.818, 1.93, 241, 729, 125, negative
8, 84, 672, 10.5, 0.269, 0.966, 1.79, 181, 649, 101, negative
8, 53, 424, 6.625, 0.358, 0.981, 1.54, 152, 416, 99, negative
8, 46, 368, 5.75, 0.391, 0.951, 1.85, 144, 350, 78, negative
11, 42, 462, 3.818, 0.335, 0.829, 2.25, 155, 383, 69, negative
12, 62, 744, 5.167, 0.234, 0.66, 1.58, 174, 491, 110, negative
9, 99, 891, 11.0, 0.464, 0.942, 2.52, 413, 839, 164, negative
8, 31, 248, 3.875, 0.327, 0.79, 1.84, 81, 196, 44, negative
9, 101, 909, 11.222, 0.442, 0.861, 2.68, 402, 783, 150, negative
10, 126, 1260, 12.6, 0.41, 0.833, 2.63, 516, 1049, 196, negative
9, 35, 315, 3.889, 0.263, 0.667, 2.86, 83, 210, 29, negative
8, 45, 360, 5.625, 0.469, 0.956, 2.91, 169, 344, 58, negative
1, 45, 45, 45.0, 0.756, 1.0, 5.67, 34, 45, 6, positive
7, 35, 245, 5.0, 0.453, 0.873, 2.47, 111, 214, 45, negative
9, 122, 1098, 13.556, 0.339, 0.947, 2.57, 372, 1040, 145, negative
5, 8, 40, 1.6, 0.35, 0.675, 4.67, 14, 27, 3, negative
8, 20, 160, 2.5, 0.525, 0.938, 3.5, 84, 150, 24, negative
10, 96, 960, 9.6, 0.418, 0.886, 2.49, 401, 851, 161, negative
1, 13, 13, 13.0, 0.692, 1.0, 4.5, 9, 13, 2, positive
9, 82, 738, 9.111, 0.329, 0.871, 2.11, 243, 643, 115, negative
9, 97, 873, 10.778, 0.328, 0.921, 1.77, 286, 804, 162, negative
12, 8, 96, 0.667, 0.198, 1.0, 2.11, 19, 96, 9, negative
10, 65, 650, 6.5, 0.445, 0.911, 2.58, 289, 592, 112, negative
10, 101, 1010, 10.1, 0.466, 0.893, 3.02, 471, 902, 156, negative
10, 126, 1260, 12.6, 0.463, 0.848, 3.16, 584, 1068, 185, negative
8, 40, 320, 5.0, 0.391, 0.991, 2.08, 125, 317, 60, negative
14, 339, 4746, 24.214, 0.248, 0.547, 2.44, 1175, 2596, 481, negative
44, 3, 132, 0.068, 0.598, 0.841, 2.47, 79, 111, 32, positive
8, 14, 112, 1.75, 0.223, 0.661, 3.57, 25, 74, 7, negative
11, 96, 1056, 8.727, 0.331, 0.954, 4.32, 350, 1007, 81, negative
304, 463, 140752, 1.523, 0.063, 0.121, 3.91, 8898, 17081, 2273, positive
9, 80, 720, 8.889, 0.338, 0.954, 2.04, 243, 687, 119, negative
1, 51, 51, 51.0, 0.471, 1.0, 2.4, 24, 51, 10, positive
5, 46, 230, 9.2, 0.278, 0.835, 2.21, 64, 192, 29, negative
5, 30, 150, 6.0, 0.16, 0.66, 1.71, 24, 99, 14, negative
10, 98, 980, 9.8, 0.448, 0.881, 2.74, 439, 863, 160, negative
1, 49, 49, 49.0, 0.286, 1.0, 7.0, 14, 49, 2, negative
9, 36, 324, 4.0, 0.42, 0.889, 2.0, 136, 288, 68, negative
10, 80, 800, 8.0, 0.314, 0.799, 2.06, 251, 639, 122, negative
9, 69, 621, 7.667, 0.343, 0.876, 1.75, 213, 544, 122, negative
22, 26, 572, 1.182, 0.283, 0.918, 1.93, 162, 525, 84, negative
10, 53, 530, 5.3, 0.34, 0.9, 1.82, 180, 477, 99, negative
10, 40, 400, 4.0, 0.338, 0.878, 1.9, 135, 351, 71, negative
11, 13, 143, 1.182, 0.42, 0.979, 2.22, 60, 140, 27, negative
9, 75, 675, 8.333, 0.396, 0.914, 2.21, 267, 617, 121, negative
25, 118, 2950, 4.72, 0.268, 0.745, 2.02, 791, 2198, 392, negative
9, 47, 423, 5.222, 0.333, 0.757, 2.39, 141, 320, 59, negative
14, 340, 4760, 24.286, 0.259, 0.592, 2.45, 1232, 2819, 503, negative
9, 123, 1107, 13.667, 0.395, 0.991, 2.84, 437, 1097, 154, negative
7, 16, 112, 2.286, 0.42, 0.768, 2.14, 47, 86, 22, negative
9, 24, 216, 2.667, 0.537, 1.0, 2.9, 116, 216, 40, negative
11, 118, 1298, 10.727, 0.348, 0.797, 2.71, 452, 1035, 167, negative
10, 18, 180, 1.8, 0.511, 0.872, 2.97, 92, 157, 31, negative
9, 45, 405, 5.0, 0.425, 0.938, 2.77, 172, 380, 62, negative
1, 48, 48, 48.0, 0.875, 1.0, 10.5, 42, 48, 4, positive
1, 29, 29, 29.0, 0.586, 1.0, 2.13, 17, 29, 8, positive
8, 59, 472, 7.375, 0.292, 0.888, 1.82, 138, 419, 76, negative
10, 38, 380, 3.8, 0.432, 0.939, 2.78, 164, 357, 59, negative
10, 49, 490, 4.9, 0.59, 0.982, 3.11, 289, 481, 93, negative
10, 21, 210, 2.1, 0.348, 0.757, 3.17, 73, 159, 23, negative
10, 66, 660, 6.6, 0.324, 0.78, 2.25, 214, 515, 95, negative
12, 98, 1176, 8.167, 0.267, 0.627, 2.33, 314, 737, 135, negative
10, 11, 110, 1.1, 0.427, 1.0, 1.52, 47, 110, 31, negative
12, 42, 504, 3.5, 0.355, 0.788, 2.71, 179, 397, 66, negative
9, 76, 684, 8.444, 0.38, 0.95, 2.2, 260, 650, 118, negative
10, 99, 990, 9.9, 0.473, 0.917, 2.93, 468, 908, 160, negative
9, 32, 288, 3.556, 0.382, 0.792, 2.16, 110, 228, 51, negative
10, 85, 850, 8.5, 0.324, 0.675, 2.25, 275, 574, 122, negative
10, 43, 430, 4.3, 0.458, 0.94, 3.58, 197, 404, 55, negative
10, 48, 480, 4.8, 0.331, 0.742, 2.37, 159, 356, 67, negative
1, 40, 40, 40.0, 0.875, 1.0, 11.67, 35, 40, 3, positive
11, 8, 88, 0.727, 0.693, 0.989, 10.17, 61, 87, 6, negative
9, 36, 324, 4.0, 0.506, 0.901, 2.83, 164, 292, 58, negative
9, 6, 54, 0.667, 0.37, 0.907, 2.5, 20, 49, 8, negative
9, 63, 567, 7.0, 0.298, 0.787, 2.01, 169, 446, 84, negative
11, 85, 935, 7.727, 0.268, 0.902, 1.73, 251, 843, 145, negative
10, 12, 120, 1.2, 0.367, 1.0, 1.57, 44, 120, 28, negative
9, 82, 738, 9.111, 0.32, 0.947, 2.13, 236, 699, 111, negative
12, 90, 1080, 7.5, 0.183, 0.716, 1.92, 198, 773, 103, negative
12, 26, 312, 2.167, 0.224, 0.907, 1.63, 70, 283, 43, negative
12, 41, 492, 3.417, 0.289, 0.74, 2.06, 142, 364, 69, negative
8, 26, 208, 3.25, 0.37, 0.947, 1.79, 77, 197, 43, negative
9, 46, 414, 5.111, 0.365, 0.848, 2.01, 151, 351, 75, negative
12, 43, 516, 3.583, 0.328, 0.789, 2.56, 169, 407, 66, negative
8, 6, 48, 0.75, 0.583, 0.813, 7.0, 28, 39, 4, negative
1, 98, 98, 98.0, 0.939, 1.0, 30.67, 92, 98, 3, positive
8, 8, 64, 1.0, 0.25, 0.672, 1.6, 16, 43, 10, negative
8, 21, 168, 2.625, 0.381, 0.845, 1.88, 64, 142, 34, negative
9, 99, 891, 11.0, 0.461, 0.906, 2.65, 411, 807, 155, negative
8, 43, 344, 5.375, 0.372, 0.956, 2.1, 128, 329, 61, negative
9, 122, 1098, 13.556, 0.333, 0.829, 2.54, 366, 910, 144, negative
8, 45, 360, 5.625, 0.222, 0.806, 1.9, 80, 290, 42, negative
7, 40, 280, 5.714, 0.186, 0.754, 2.26, 52, 211, 23, negative
11, 22, 242, 2.0, 0.417, 0.694, 4.04, 101, 168, 25, negative
9, 97, 873, 10.778, 0.455, 0.939, 2.28, 397, 820, 174, negative
9, 49, 441, 5.444, 0.58, 0.995, 2.98, 256, 439, 86, negative
11, 84, 924, 7.636, 0.291, 0.843, 1.74, 269, 779, 155, negative
9, 81, 729, 9.0, 0.337, 0.918, 1.97, 246, 669, 125, negative
9, 13, 117, 1.444, 0.103, 0.752, 4.0, 12, 88, 3, positive
9, 81, 729, 9.0, 0.328, 0.916, 2.04, 239, 668, 117, negative
8, 36, 288, 4.5, 0.615, 0.938, 3.22, 177, 270, 55, negative
10, 99, 990, 9.9, 0.443, 0.912, 2.64, 439, 903, 166, negative
1, 42, 42, 42.0, 0.31, 1.0, 2.6, 13, 42, 5, positive
9, 122, 1098, 13.556, 0.378, 0.961, 2.73, 415, 1055, 152, negative
1, 17, 17, 17.0, 0.882, 1.0, 7.5, 15, 17, 2, positive
2, 14, 28, 7.0, 0.286, 0.821, 8.0, 8, 23, 1, positive
11, 22, 242, 2.0, 0.293, 0.798, 2.37, 71, 193, 30, negative
11, 9, 99, 0.818, 0.545, 0.818, 9.0, 54, 81, 6, negative
2, 50, 100, 25.0, 0.46, 0.51, 15.33, 46, 51, 3, positive
9, 79, 711, 8.778, 0.323, 0.873, 2.19, 230, 621, 105, negative
9, 24, 216, 2.667, 0.356, 0.907, 2.2, 77, 196, 35, negative
8, 32, 256, 4.0, 0.402, 0.898, 1.81, 103, 230, 57, negative
8, 12, 96, 1.5, 0.438, 1.0, 1.5, 42, 96, 28, negative
8, 54, 432, 6.75, 0.35, 0.887, 1.74, 151, 383, 87, negative
11, 101, 1111, 9.182, 0.267, 0.849, 1.72, 297, 943, 173, negative
9, 27, 243, 3.0, 0.346, 0.951, 1.95, 84, 231, 43, negative
9, 32, 288, 3.556, 0.413, 0.993, 1.72, 119, 286, 69, negative
12, 43, 516, 3.583, 0.31, 0.793, 2.32, 160, 409, 69, negative
12, 61, 732, 5.083, 0.251, 0.746, 1.77, 184, 546, 104, negative
8, 7, 56, 0.875, 0.321, 0.429, 6.0, 18, 24, 3, negative
9, 83, 747, 9.222, 0.335, 0.843, 2.05, 250, 630, 122, negative
10, 101, 1010, 10.1, 0.442, 0.855, 2.92, 446, 864, 153, negative
10, 126, 1260, 12.6, 0.456, 0.875, 2.98, 575, 1103, 193, negative
8, 41, 328, 5.125, 0.393, 0.976, 2.19, 129, 320, 59, negative
10, 44, 440, 4.4, 0.441, 0.92, 2.94, 194, 405, 66, negative
9, 42, 378, 4.667, 0.347, 0.915, 2.34, 131, 346, 56, negative
19, 455, 8645, 23.947, 0.081, 0.095, 33.48, 703, 821, 21, negative
14, 301, 4214, 21.5, 0.257, 0.564, 2.37, 1084, 2378, 458, negative
9, 123, 1107, 13.667, 0.359, 0.898, 2.78, 397, 994, 143, negative
1, 14, 14, 14.0, 0.857, 1.0, 12.0, 12, 14, 1, positive
6, 2, 12, 0.333, 0.667, 1.0, 8.0, 8, 12, 1, negative
11, 9, 99, 0.818, 0.465, 0.687, 5.75, 46, 68, 8, negative
10, 8, 80, 0.8, 0.575, 0.888, 9.2, 46, 71, 5, negative
9, 49, 441, 5.444, 0.587, 0.961, 3.12, 259, 424, 83, negative
9, 20, 180, 2.222, 0.3, 0.972, 1.74, 54, 175, 31, negative
11, 74, 814, 6.727, 0.267, 0.628, 2.21, 217, 511, 98, negative
8, 17, 136, 2.125, 0.294, 0.654, 2.22, 40, 89, 18, negative
8, 53, 424, 6.625, 0.33, 0.894, 1.63, 140, 379, 86, negative
9, 12, 108, 1.333, 0.426, 1.0, 1.64, 46, 108, 28, negative
9, 97, 873, 10.778, 0.317, 0.863, 1.76, 277, 753, 157, negative
8, 33, 264, 4.125, 0.39, 0.973, 1.72, 103, 257, 60, negative
8, 18, 144, 2.25, 0.472, 1.0, 2.52, 68, 144, 27, negative
8, 8, 64, 1.0, 0.234, 0.672, 1.5, 15, 43, 10, negative
9, 99, 891, 11.0, 0.484, 0.951, 2.52, 431, 847, 171, negative
10, 100, 1000, 10.0, 0.41, 0.846, 2.81, 410, 846, 146, negative
10, 116, 1160, 11.6, 0.273, 0.797, 1.7, 317, 925, 186, negative
9, 47, 423, 5.222, 0.307, 0.872, 2.03, 130, 369, 64, negative
9, 43, 387, 4.778, 0.455, 0.899, 2.98, 176, 348, 59, negative
11, 89, 979, 8.091, 0.17, 0.706, 2.72, 166, 691, 61, negative
8, 71, 568, 8.875, 0.31, 0.861, 1.85, 176, 489, 95, negative
9, 109, 981, 12.111, 0.243, 0.848, 1.58, 238, 832, 151, negative
8, 64, 512, 8.0, 0.301, 0.857, 1.93, 154, 439, 80, negative
6, 100, 600, 16.667, 0.342, 0.822, 1.71, 205, 493, 120, negative
10, 48, 480, 4.8, 0.313, 0.76, 2.5, 150, 365, 60, negative
9, 37, 333, 4.111, 0.453, 0.964, 2.7, 151, 321, 56, negative
23, 1, 23, 0.043, 1.0, 1.0, 23.0, 23, 23, 1, positive
10, 108, 1080, 10.8, 0.319, 0.746, 2.14, 345, 806, 161, negative
8, 185, 1480, 23.125, 0.235, 0.659, 1.82, 348, 975, 191, negative
7, 29, 203, 4.143, 0.266, 0.813, 2.7, 54, 165, 20, negative
5, 17, 85, 3.4, 0.471, 0.929, 2.35, 40, 79, 17, negative
3, 54, 162, 18.0, 0.364, 0.519, 8.43, 59, 84, 7, positive
15, 54, 810, 3.6, 0.323, 0.689, 2.45, 262, 558, 107, negative
25, 410, 10250, 16.4, 0.272, 0.67, 2.29, 2792, 6872, 1218, negative
13, 151, 1963, 11.615, 0.302, 0.726, 2.59, 593, 1425, 229, negative
12, 66, 792, 5.5, 0.402, 0.78, 3.03, 318, 618, 105, negative
9, 107, 963, 11.889, 0.383, 0.858, 2.22, 369, 826, 166, negative
12, 58, 696, 4.833, 0.343, 0.803, 3.85, 239, 559, 62, negative
9, 76, 684, 8.444, 0.352, 0.813, 2.27, 241, 556, 106, negative
23, 87, 2001, 3.783, 0.286, 0.671, 2.36, 572, 1342, 242, negative
9, 93, 837, 10.333, 0.278, 0.847, 1.66, 233, 709, 140, negative
12, 89, 1068, 7.417, 0.429, 0.879, 3.5, 458, 939, 131, negative
12, 104, 1248, 8.667, 0.335, 0.758, 2.46, 418, 946, 170, negative
11, 33, 363, 3.0, 0.295, 0.694, 1.98, 107, 252, 54, negative
4, 114, 456, 28.5, 0.393, 0.978, 1.83, 179, 446, 98, negative
8, 17, 136, 2.125, 0.529, 0.853, 2.88, 72, 116, 25, negative
9, 40, 360, 4.444, 0.506, 0.964, 3.08, 182, 347, 59, negative
26, 412, 10712, 15.846, 0.32, 0.664, 3.0, 3424, 7118, 1142, negative
13, 152, 1976, 11.692, 0.312, 0.714, 2.8, 617, 1410, 220, negative
13, 121, 1573, 9.308, 0.376, 0.69, 3.72, 591, 1086, 159, negative
13, 409, 5317, 31.462, 0.277, 0.573, 2.65, 1475, 3049, 556, negative
5, 39, 195, 7.8, 0.492, 0.872, 2.46, 96, 170, 39, negative
14, 116, 1624, 8.286, 0.27, 0.649, 2.12, 439, 1054, 207, negative
22, 69, 1518, 3.136, 0.516, 0.848, 10.59, 784, 1287, 74, negative
8, 74, 592, 9.25, 0.456, 0.887, 2.48, 270, 525, 109, negative
13, 30, 390, 2.308, 0.356, 0.649, 3.23, 139, 253, 43, negative
33, 160, 5280, 4.848, 0.219, 0.389, 6.34, 1154, 2054, 182, negative
12, 497, 5964, 41.417, 0.278, 0.751, 2.27, 1657, 4478, 731, negative
12, 25, 300, 2.083, 0.32, 0.643, 2.59, 96, 193, 37, negative
5, 39, 195, 7.8, 0.328, 0.744, 2.06, 64, 145, 31, negative
8, 27, 216, 3.375, 0.218, 0.852, 2.24, 47, 184, 21, negative
22, 71, 1562, 3.227, 0.536, 0.876, 11.64, 838, 1368, 72, negative
8, 93, 744, 11.625, 0.261, 0.937, 1.55, 194, 697, 125, negative
6, 99, 594, 16.5, 0.301, 0.803, 1.46, 179, 477, 123, negative
9, 118, 1062, 13.111, 0.372, 0.818, 2.41, 395, 869, 164, negative
36, 96, 3456, 2.667, 0.096, 0.207, 7.7, 331, 717, 43, positive
7, 183, 1281, 26.143, 0.265, 0.664, 1.88, 340, 850, 181, negative
7, 115, 805, 16.429, 0.273, 0.704, 1.72, 220, 567, 128, negative
5, 27, 135, 5.4, 0.407, 0.815, 2.12, 55, 110, 26, negative
8, 127, 1016, 15.875, 0.314, 0.825, 1.98, 319, 838, 161, negative
9, 42, 378, 4.667, 0.45, 0.905, 2.79, 170, 342, 61, negative
13, 84, 1092, 6.462, 0.35, 0.59, 3.16, 382, 644, 121, negative
12, 116, 1392, 9.667, 0.331, 0.756, 2.62, 461, 1053, 176, negative
43, 62, 2666, 1.442, 0.08, 0.17, 6.63, 212, 454, 32, positive
11, 101, 1111, 9.182, 0.33, 0.734, 2.68, 367, 815, 137, negative
10, 174, 1740, 17.4, 0.278, 0.733, 2.02, 483, 1276, 239, negative
8, 28, 224, 3.5, 0.308, 0.835, 3.14, 69, 187, 22, negative
6, 51, 306, 8.5, 0.454, 0.817, 2.44, 139, 250, 57, negative
16, 44, 704, 2.75, 0.376, 0.744, 2.39, 265, 524, 111, negative
13, 414, 5382, 31.846, 0.357, 0.653, 3.08, 1919, 3514, 623, negative
12, 414, 4968, 34.5, 0.313, 0.734, 2.3, 1554, 3646, 675, negative
17, 60, 1020, 3.529, 0.139, 0.371, 7.1, 142, 378, 20, positive
9, 108, 972, 12.0, 0.389, 0.88, 2.22, 378, 855, 170, negative
4, 65, 260, 16.25, 0.296, 0.631, 2.66, 77, 164, 29, negative
9, 35, 315, 3.889, 0.273, 0.654, 1.65, 86, 206, 52, negative
9, 264, 2376, 29.333, 0.261, 0.612, 1.99, 619, 1455, 311, negative
5, 7, 35, 1.4, 0.229, 0.6, 2.67, 8, 21, 3, positive
9, 68, 612, 7.556, 0.335, 0.789, 2.33, 205, 483, 88, negative
4, 8, 32, 2.0, 0.344, 0.531, 5.5, 11, 17, 2, positive
7, 55, 385, 7.857, 0.374, 0.821, 2.09, 144, 316, 69, negative
10, 272, 2720, 27.2, 0.279, 0.789, 1.98, 758, 2147, 382, negative
14, 19, 266, 1.357, 0.128, 0.541, 2.83, 34, 144, 12, positive
9, 271, 2439, 30.111, 0.284, 0.677, 1.93, 692, 1651, 358, negative
9, 271, 2439, 30.111, 0.292, 0.727, 1.9, 712, 1774, 374, negative
10, 271, 2710, 27.1, 0.267, 0.698, 1.96, 724, 1892, 369, negative
8, 271, 2168, 33.875, 0.314, 0.819, 1.82, 681, 1775, 375, negative
7, 13, 91, 1.857, 0.154, 0.484, 2.0, 14, 44, 7, positive
8, 34, 272, 4.25, 0.309, 0.908, 1.5, 84, 247, 56, negative
10, 15, 150, 1.5, 0.247, 0.72, 1.61, 37, 108, 23, negative
10, 60, 600, 6.0, 0.203, 0.595, 1.44, 122, 357, 85, negative
8, 54, 432, 6.75, 0.245, 0.745, 1.29, 106, 322, 82, negative
10, 179, 1790, 17.9, 0.2, 0.758, 1.41, 358, 1356, 254, negative
6, 5, 30, 0.833, 0.233, 0.633, 1.75, 7, 19, 4, positive
8, 25, 200, 3.125, 0.33, 1.0, 1.65, 66, 200, 40, negative
10, 271, 2710, 27.1, 0.188, 0.665, 1.31, 509, 1803, 388, negative
21, 68, 1428, 3.238, 0.052, 0.109, 5.69, 74, 156, 13, positive
11, 271, 2981, 24.636, 0.198, 0.628, 1.52, 591, 1872, 388, negative
8, 31, 248, 3.875, 0.298, 0.871, 1.45, 74, 216, 51, negative
7, 5, 35, 0.714, 0.2, 0.429, 7.0, 7, 15, 1, negative
10, 272, 2720, 27.2, 0.191, 0.578, 1.49, 520, 1571, 348, negative
10, 271, 2710, 27.1, 0.173, 0.557, 1.47, 469, 1510, 318, negative
8, 108, 864, 13.5, 0.235, 0.618, 1.41, 203, 534, 144, negative
10, 125, 1250, 12.5, 0.19, 0.526, 1.39, 237, 657, 170, negative
6, 24, 144, 4.0, 0.292, 0.764, 1.56, 42, 110, 27, negative
10, 60, 600, 6.0, 0.223, 0.607, 1.47, 134, 364, 91, negative
9, 34, 306, 3.778, 0.225, 0.755, 1.57, 69, 231, 44, negative
7, 7, 49, 1.0, 0.347, 0.939, 1.89, 17, 46, 9, negative
7, 14, 98, 2.0, 0.357, 0.867, 1.75, 35, 85, 20, negative
7, 29, 203, 4.143, 0.281, 0.842, 1.46, 57, 171, 39, negative
8, 25, 200, 3.125, 0.24, 0.91, 1.45, 48, 182, 33, negative
8, 263, 2104, 32.875, 0.154, 0.549, 1.19, 325, 1156, 274, negative
5, 18, 90, 3.6, 0.378, 0.956, 1.62, 34, 86, 21, negative
5, 12, 60, 2.4, 0.383, 0.883, 1.92, 23, 53, 12, negative
8, 21, 168, 2.625, 0.262, 0.696, 1.52, 44, 117, 29, negative
8, 80, 640, 10.0, 0.184, 0.544, 1.4, 118, 348, 84, negative
5, 52, 260, 10.4, 0.208, 0.542, 1.35, 54, 141, 40, negative
5, 38, 190, 7.6, 0.426, 0.989, 1.42, 81, 188, 57, negative
6, 2, 12, 0.333, 0.583, 1.0, 7.0, 7, 12, 1, negative
7, 14, 98, 2.0, 0.255, 0.735, 1.56, 25, 72, 16, negative
6, 50, 300, 8.333, 0.213, 0.577, 1.31, 64, 173, 49, negative
5, 75, 375, 15.0, 0.259, 0.867, 1.18, 97, 325, 82, negative
9, 158, 1422, 17.556, 0.217, 0.535, 1.45, 308, 761, 212, negative
6, 28, 168, 4.667, 0.292, 0.875, 1.29, 49, 147, 38, negative
6, 12, 72, 2.0, 0.319, 0.653, 2.09, 23, 47, 11, negative
10, 12, 120, 1.2, 0.183, 0.392, 2.2, 22, 47, 10, negative
9, 16, 144, 1.778, 0.16, 0.5, 1.92, 23, 72, 12, negative
7, 27, 189, 3.857, 0.164, 0.397, 2.58, 31, 75, 12, negative
6, 7, 42, 1.167, 0.31, 0.786, 1.86, 13, 33, 7, negative
7, 41, 287, 5.857, 0.213, 0.861, 1.33, 61, 247, 46, negative
8, 17, 136, 2.125, 0.265, 0.566, 1.71, 36, 77, 21, negative
6, 13, 78, 2.167, 0.308, 0.872, 1.6, 24, 68, 15, negative
6, 14, 84, 2.333, 0.274, 0.929, 1.28, 23, 78, 18, negative
1, 27, 27, 27.0, 0.407, 1.0, 1.83, 11, 27, 6, positive
8, 16, 128, 2.0, 0.242, 0.602, 1.94, 31, 77, 16, negative
9, 73, 657, 8.111, 0.174, 0.434, 1.44, 114, 285, 79, negative
6, 59, 354, 9.833, 0.268, 0.692, 1.27, 95, 245, 75, negative
7, 33, 231, 4.714, 0.342, 0.74, 1.49, 79, 171, 53, negative
6, 6, 36, 1.0, 0.361, 0.778, 1.63, 13, 28, 8, negative
5, 16, 80, 3.2, 0.425, 1.0, 1.36, 34, 80, 25, negative
9, 8, 72, 0.889, 0.264, 1.0, 1.27, 19, 72, 15, negative
9, 55, 495, 6.111, 0.251, 0.808, 1.43, 124, 400, 87, negative
8, 23, 184, 2.875, 0.277, 0.832, 1.7, 51, 153, 30, negative
7, 14, 98, 2.0, 0.327, 1.0, 1.6, 32, 98, 20, negative
8, 27, 216, 3.375, 0.269, 0.764, 1.29, 58, 165, 45, negative
7, 9, 63, 1.286, 0.365, 0.857, 1.77, 23, 54, 13, negative
7, 8, 56, 1.143, 0.286, 0.732, 1.78, 16, 41, 9, negative
7, 54, 378, 7.714, 0.254, 0.608, 1.39, 96, 230, 69, negative
7, 11, 77, 1.571, 0.312, 0.844, 1.5, 24, 65, 16, negative
8, 41, 328, 5.125, 0.232, 0.527, 1.55, 76, 173, 49, negative
8, 47, 376, 5.875, 0.221, 0.702, 1.26, 83, 264, 66, negative
7, 21, 147, 3.0, 0.34, 0.85, 1.35, 50, 125, 37, negative
7, 8, 56, 1.143, 0.375, 1.0, 1.62, 21, 56, 13, negative
7, 14, 98, 2.0, 0.388, 0.847, 1.65, 38, 83, 23, negative
7, 13, 91, 1.857, 0.297, 0.835, 1.69, 27, 76, 16, negative
7, 21, 147, 3.0, 0.327, 0.728, 1.41, 48, 107, 34, negative
6, 17, 102, 2.833, 0.275, 0.824, 1.33, 28, 84, 21, negative
6, 11, 66, 1.833, 0.303, 0.712, 1.54, 20, 47, 13, negative
6, 6, 36, 1.0, 0.417, 0.944, 1.5, 15, 34, 10, negative
7, 43, 301, 6.143, 0.246, 0.947, 1.32, 74, 285, 56, negative
7, 26, 182, 3.714, 0.352, 1.0, 1.36, 64, 182, 47, negative
8, 4, 32, 0.5, 0.375, 1.0, 2.4, 12, 32, 5, negative
8, 5, 40, 0.625, 0.375, 0.95, 1.67, 15, 38, 9, negative
7, 9, 63, 1.286, 0.302, 0.905, 1.46, 19, 57, 13, negative
7, 8, 56, 1.143, 0.357, 0.893, 2.22, 20, 50, 9, negative
7, 17, 119, 2.429, 0.286, 0.916, 1.31, 34, 109, 26, negative
7, 38, 266, 5.429, 0.226, 0.639, 1.4, 60, 170, 43, negative
6, 4, 24, 0.667, 0.458, 1.0, 2.2, 11, 24, 5, negative
7, 26, 182, 3.714, 0.269, 0.929, 1.23, 49, 169, 40, negative
6, 17, 102, 2.833, 0.324, 1.0, 1.32, 33, 102, 25, negative
9, 49, 441, 5.444, 0.265, 0.653, 1.36, 117, 288, 86, negative
7, 56, 392, 8.0, 0.227, 0.602, 1.25, 89, 236, 71, negative
9, 19, 171, 2.111, 0.251, 0.977, 1.34, 43, 167, 32, negative
7, 13, 91, 1.857, 0.363, 0.934, 2.2, 33, 85, 15, negative
7, 38, 266, 5.429, 0.259, 0.688, 1.5, 69, 183, 46, negative
9, 23, 207, 2.556, 0.222, 0.816, 1.35, 46, 169, 34, negative
5, 7, 35, 1.4, 0.429, 0.971, 1.36, 15, 34, 11, negative
7, 17, 119, 2.429, 0.353, 0.79, 1.56, 42, 94, 27, negative
7, 9, 63, 1.286, 0.349, 0.746, 1.83, 22, 47, 12, negative
7, 40, 280, 5.714, 0.336, 0.971, 1.57, 94, 272, 60, negative
7, 13, 91, 1.857, 0.396, 1.0, 1.33, 36, 91, 27, negative
8, 6, 48, 0.75, 0.313, 0.813, 1.88, 15, 39, 8, negative
8, 21, 168, 2.625, 0.232, 0.643, 1.3, 39, 108, 30, negative
8, 93, 744, 11.625, 0.185, 0.538, 1.24, 138, 400, 111, negative
7, 44, 308, 6.286, 0.218, 0.734, 1.26, 67, 226, 53, negative
7, 19, 133, 2.714, 0.248, 0.624, 1.5, 33, 83, 22, negative
7, 11, 77, 1.571, 0.325, 0.935, 1.39, 25, 72, 18, negative
7, 13, 91, 1.857, 0.308, 0.934, 1.65, 28, 85, 17, negative
5, 28, 140, 5.6, 0.307, 0.814, 1.3, 43, 114, 33, negative
5, 32, 160, 6.4, 0.35, 0.863, 1.33, 56, 138, 42, negative
7, 32, 224, 4.571, 0.277, 0.83, 1.41, 62, 186, 44, negative
7, 13, 91, 1.857, 0.319, 0.846, 1.61, 29, 77, 18, negative
7, 23, 161, 3.286, 0.286, 0.677, 1.59, 46, 109, 29, negative
7, 39, 273, 5.571, 0.293, 0.733, 1.43, 80, 200, 56, negative
7, 13, 91, 1.857, 0.286, 0.989, 1.73, 26, 90, 15, negative
8, 20, 160, 2.5, 0.206, 0.813, 1.38, 33, 130, 24, negative
5, 18, 90, 3.6, 0.467, 0.867, 1.91, 42, 78, 22, negative
6, 16, 96, 2.667, 0.198, 0.76, 2.38, 19, 73, 8, negative
7, 23, 161, 3.286, 0.342, 0.783, 1.45, 55, 126, 38, negative
7, 8, 56, 1.143, 0.339, 0.875, 2.38, 19, 49, 8, negative
7, 14, 98, 2.0, 0.286, 0.755, 1.56, 28, 74, 18, negative
5, 18, 90, 3.6, 0.4, 0.811, 1.64, 36, 73, 22, negative
5, 36, 180, 7.2, 0.406, 0.961, 1.35, 73, 173, 54, negative
9, 29, 261, 3.222, 0.287, 0.747, 1.53, 75, 195, 49, negative
9, 37, 333, 4.111, 0.228, 0.586, 1.27, 76, 195, 60, negative
7, 16, 112, 2.286, 0.295, 0.92, 1.18, 33, 103, 28, negative
7, 30, 210, 4.286, 0.3, 0.886, 1.43, 63, 186, 44, negative
7, 9, 63, 1.286, 0.238, 0.619, 1.5, 15, 39, 10, negative
7, 12, 84, 1.714, 0.357, 0.81, 1.67, 30, 68, 18, negative
7, 19, 133, 2.714, 0.406, 0.94, 1.74, 54, 125, 31, negative
9, 24, 216, 2.667, 0.218, 0.588, 1.38, 47, 127, 34, negative
5, 11, 55, 2.2, 0.364, 1.0, 1.33, 20, 55, 15, negative
7, 16, 112, 2.286, 0.241, 0.634, 1.93, 27, 71, 14, negative
5, 7, 35, 1.4, 0.4, 1.0, 1.17, 14, 35, 12, negative
7, 14, 98, 2.0, 0.306, 0.959, 1.3, 30, 94, 23, negative
7, 18, 126, 2.571, 0.278, 0.976, 1.35, 35, 123, 26, negative
7, 14, 98, 2.0, 0.408, 0.98, 1.74, 40, 96, 23, negative
7, 21, 147, 3.0, 0.279, 0.748, 1.52, 41, 110, 27, negative
7, 24, 168, 3.429, 0.28, 0.607, 1.38, 47, 102, 34, negative
7, 7, 49, 1.0, 0.306, 0.898, 1.36, 15, 44, 11, negative
9, 28, 252, 3.111, 0.25, 0.77, 1.47, 63, 194, 43, negative
9, 24, 216, 2.667, 0.213, 0.468, 1.28, 46, 101, 36, negative
7, 11, 77, 1.571, 0.416, 0.961, 1.6, 32, 74, 20, negative
7, 4, 28, 0.571, 0.25, 0.893, 1.75, 7, 25, 4, negative
7, 25, 175, 3.571, 0.189, 0.806, 1.22, 33, 141, 27, negative
8, 27, 216, 3.375, 0.282, 0.87, 1.36, 61, 188, 45, negative
7, 7, 49, 1.0, 0.286, 1.0, 1.27, 14, 49, 11, negative
6, 14, 84, 2.333, 0.286, 1.0, 1.2, 24, 84, 20, negative
5, 6, 30, 1.2, 0.433, 0.967, 1.63, 13, 29, 8, negative
10, 49, 490, 4.9, 0.165, 0.649, 1.35, 81, 318, 60, negative
6, 30, 180, 5.0, 0.311, 0.8, 1.22, 56, 144, 46, negative
7, 34, 238, 4.857, 0.286, 0.756, 1.36, 68, 180, 50, negative
5, 20, 100, 4.0, 0.49, 0.99, 1.58, 49, 99, 31, negative
8, 7, 56, 0.875, 0.268, 0.786, 1.67, 15, 44, 9, negative
7, 16, 112, 2.286, 0.259, 1.0, 2.07, 29, 112, 14, negative
7, 6, 42, 0.857, 0.333, 0.643, 1.75, 14, 27, 8, negative
7, 11, 77, 1.571, 0.325, 0.831, 1.47, 25, 64, 17, negative
7, 42, 294, 6.0, 0.235, 0.571, 1.33, 69, 168, 52, negative
7, 22, 154, 3.143, 0.247, 0.883, 1.19, 38, 136, 32, negative
7, 74, 518, 10.571, 0.276, 0.683, 1.57, 143, 354, 91, negative
7, 11, 77, 1.571, 0.403, 0.961, 1.55, 31, 74, 20, negative
7, 56, 392, 8.0, 0.319, 0.829, 1.45, 125, 325, 86, negative
7, 24, 168, 3.429, 0.196, 0.762, 1.38, 33, 128, 24, negative
7, 20, 140, 2.857, 0.307, 0.85, 1.48, 43, 119, 29, negative
6, 11, 66, 1.833, 0.333, 0.97, 1.57, 22, 64, 14, negative
10, 11, 110, 1.1, 0.2, 0.545, 2.2, 22, 60, 10, negative
9, 17, 153, 1.889, 0.229, 0.582, 1.67, 35, 89, 21, negative
9, 11, 99, 1.222, 0.222, 0.737, 1.29, 22, 73, 17, negative
6, 13, 78, 2.167, 0.359, 0.782, 1.33, 28, 61, 21, negative
6, 12, 72, 2.0, 0.361, 0.903, 1.44, 26, 65, 18, negative
4, 11, 44, 2.75, 0.432, 1.0, 1.36, 19, 44, 14, negative
9, 65, 585, 7.222, 0.265, 0.73, 1.67, 155, 427, 93, negative
9, 44, 396, 4.889, 0.24, 0.775, 1.42, 95, 307, 67, negative
7, 7, 49, 1.0, 0.327, 1.0, 2.0, 16, 49, 8, negative
4, 6, 24, 1.5, 0.542, 1.0, 1.63, 13, 24, 8, negative
9, 41, 369, 4.556, 0.263, 0.743, 1.41, 97, 274, 69, negative
5, 8, 40, 1.6, 0.55, 0.95, 1.83, 22, 38, 12, negative
5, 12, 60, 2.4, 0.55, 0.983, 2.2, 33, 59, 15, negative
9, 157, 1413, 17.444, 0.222, 0.54, 1.58, 313, 763, 198, negative
7, 26, 182, 3.714, 0.374, 0.846, 1.66, 68, 154, 41, negative
5, 4, 20, 0.8, 0.6, 1.0, 2.4, 12, 20, 5, negative
7, 65, 455, 9.286, 0.284, 0.846, 1.57, 129, 385, 82, negative
9, 92, 828, 10.222, 0.24, 0.641, 1.54, 199, 531, 129, negative
9, 20, 180, 2.222, 0.261, 0.617, 1.68, 47, 111, 28, negative
7, 31, 217, 4.429, 0.281, 0.682, 1.56, 61, 148, 39, negative
7, 18, 126, 2.571, 0.357, 1.0, 1.55, 45, 126, 29, negative
7, 13, 91, 1.857, 0.308, 0.824, 1.33, 28, 75, 21, negative
7, 38, 266, 5.429, 0.252, 0.628, 1.4, 67, 167, 48, negative
9, 262, 2358, 29.111, 0.209, 0.703, 1.38, 492, 1657, 356, negative
5, 32, 160, 6.4, 0.413, 0.994, 1.35, 66, 159, 49, negative
9, 16, 144, 1.778, 0.174, 0.819, 1.32, 25, 118, 19, negative
6, 8, 48, 1.333, 0.313, 0.875, 1.07, 15, 42, 14, negative
7, 11, 77, 1.571, 0.299, 0.987, 1.35, 23, 76, 17, negative
9, 53, 477, 5.889, 0.252, 0.677, 1.54, 120, 323, 78, negative
8, 17, 136, 2.125, 0.228, 0.882, 1.24, 31, 120, 25, negative
9, 16, 144, 1.778, 0.278, 0.917, 1.48, 40, 132, 27, negative
6, 31, 186, 5.167, 0.263, 0.812, 1.4, 49, 151, 35, negative
8, 41, 328, 5.125, 0.293, 0.872, 1.43, 96, 286, 67, negative
7, 16, 112, 2.286, 0.25, 1.0, 1.56, 28, 112, 18, negative
7, 25, 175, 3.571, 0.331, 0.891, 1.41, 58, 156, 41, negative
6, 58, 348, 9.667, 0.276, 0.744, 1.17, 96, 259, 82, negative
7, 47, 329, 6.714, 0.322, 0.833, 1.74, 106, 274, 61, negative
7, 40, 280, 5.714, 0.339, 0.936, 1.44, 95, 262, 66, negative
9, 41, 369, 4.556, 0.201, 0.653, 1.3, 74, 241, 57, negative
7, 18, 126, 2.571, 0.214, 0.929, 1.13, 27, 117, 24, negative
7, 41, 287, 5.857, 0.321, 0.725, 1.48, 92, 208, 62, negative
9, 35, 315, 3.889, 0.26, 0.924, 1.37, 82, 291, 60, negative
5, 33, 165, 6.6, 0.315, 0.909, 1.27, 52, 150, 41, negative
9, 42, 378, 4.667, 0.235, 0.603, 1.37, 89, 228, 65, negative
7, 8, 56, 1.143, 0.321, 0.786, 1.38, 18, 44, 13, negative
8, 54, 432, 6.75, 0.183, 0.734, 1.34, 79, 317, 59, negative
7, 31, 217, 4.429, 0.304, 0.843, 1.32, 66, 183, 50, negative
8, 20, 160, 2.5, 0.375, 0.725, 1.88, 60, 116, 32, negative
7, 12, 84, 1.714, 0.417, 0.738, 1.84, 35, 62, 19, negative
8, 8, 64, 1.0, 0.516, 1.0, 2.54, 33, 64, 13, negative
8, 12, 96, 1.5, 0.406, 0.885, 2.17, 39, 85, 18, negative
8, 13, 104, 1.625, 0.442, 0.981, 2.0, 46, 102, 23, negative
10, 12, 120, 1.2, 0.333, 0.867, 1.82, 40, 104, 22, negative
12, 271, 3252, 22.583, 0.248, 0.559, 1.86, 805, 1818, 433, negative
12, 271, 3252, 22.583, 0.246, 0.615, 1.95, 799, 1999, 410, negative
8, 7, 56, 0.875, 0.375, 1.0, 2.1, 21, 56, 10, negative
8, 36, 288, 4.5, 0.458, 0.958, 2.06, 132, 276, 64, negative
9, 27, 243, 3.0, 0.333, 0.918, 1.69, 81, 223, 48, negative
9, 17, 153, 1.889, 0.392, 0.935, 2.22, 60, 143, 27, negative
9, 23, 207, 2.556, 0.386, 0.894, 2.42, 80, 185, 33, negative
8, 22, 176, 2.75, 0.398, 0.784, 1.94, 70, 138, 36, negative
11, 94, 1034, 8.545, 0.28, 0.675, 2.03, 290, 698, 143, negative
8, 141, 1128, 17.625, 0.371, 0.977, 1.84, 418, 1102, 227, negative
1, 13, 13, 13.0, 0.846, 1.0, 5.5, 11, 13, 2, positive
11, 46, 506, 4.182, 0.283, 0.84, 1.81, 143, 425, 79, negative
11, 32, 352, 2.909, 0.335, 0.994, 2.27, 118, 350, 52, negative
3, 129, 387, 43.0, 0.305, 0.377, 11.8, 118, 146, 10, positive
13, 5, 65, 0.385, 0.323, 0.554, 5.25, 21, 36, 4, positive
8, 6, 48, 0.75, 0.5, 0.854, 3.0, 24, 41, 8, negative
9, 9, 81, 1.0, 0.358, 0.914, 1.81, 29, 74, 16, negative
8, 31, 248, 3.875, 0.427, 0.992, 2.16, 106, 246, 49, negative
6, 27, 162, 4.5, 0.475, 0.809, 2.33, 77, 131, 33, negative
8, 6, 48, 0.75, 0.375, 0.792, 3.0, 18, 38, 6, negative
8, 12, 96, 1.5, 0.427, 0.958, 1.86, 41, 92, 22, negative
10, 18, 180, 1.8, 0.306, 0.617, 2.5, 55, 111, 22, negative
10, 35, 350, 3.5, 0.337, 0.711, 2.62, 118, 249, 45, negative
11, 30, 330, 2.727, 0.297, 0.6, 2.39, 98, 198, 41, negative
9, 56, 504, 6.222, 0.339, 0.931, 2.22, 171, 469, 77, negative
8, 15, 120, 1.875, 0.558, 1.0, 2.91, 67, 120, 23, negative
8, 12, 96, 1.5, 0.448, 0.885, 1.95, 43, 85, 22, negative
11, 84, 924, 7.636, 0.279, 0.679, 2.35, 258, 627, 110, negative
9, 1, 9, 0.111, 1.0, 1.0, 9.0, 9, 9, 1, positive
10, 36, 360, 3.6, 0.367, 0.844, 2.24, 132, 304, 59, negative
1, 86, 86, 86.0, 0.93, 1.0, 40.0, 80, 86, 2, positive
8, 28, 224, 3.5, 0.411, 0.996, 1.92, 92, 223, 48, negative
7, 23, 161, 3.286, 0.447, 0.764, 1.89, 72, 123, 38, negative
8, 12, 96, 1.5, 0.427, 0.719, 2.73, 41, 69, 15, negative
10, 22, 220, 2.2, 0.377, 0.614, 2.44, 83, 135, 34, negative
8, 14, 112, 1.75, 0.42, 0.848, 2.04, 47, 95, 23, negative
8, 15, 120, 1.875, 0.517, 0.867, 2.48, 62, 104, 25, negative
9, 36, 324, 4.0, 0.395, 0.673, 2.37, 128, 218, 54, negative
6, 31, 186, 5.167, 0.5, 1.0, 1.94, 93, 186, 48, negative
11, 32, 352, 2.909, 0.344, 0.767, 2.69, 121, 270, 45, negative
8, 49, 392, 6.125, 0.441, 0.997, 1.9, 173, 391, 91, negative
7, 12, 84, 1.714, 0.464, 1.0, 2.17, 39, 84, 18, negative
8, 14, 112, 1.75, 0.464, 0.768, 2.6, 52, 86, 20, negative
8, 12, 96, 1.5, 0.427, 0.927, 2.05, 41, 89, 20, negative
8, 51, 408, 6.375, 0.37, 0.743, 2.19, 151, 303, 69, negative
10, 51, 510, 5.1, 0.308, 0.841, 1.89, 157, 429, 83, negative
8, 4, 32, 0.5, 0.406, 1.0, 2.17, 13, 32, 6, negative
8, 14, 112, 1.75, 0.357, 0.67, 2.0, 40, 75, 20, negative
10, 20, 200, 2.0, 0.385, 0.87, 2.14, 77, 174, 36, negative
9, 19, 171, 2.111, 0.392, 0.83, 2.31, 67, 142, 29, negative
9, 52, 468, 5.778, 0.359, 0.827, 2.4, 168, 387, 70, negative
8, 17, 136, 2.125, 0.463, 0.735, 2.86, 63, 100, 22, negative
8, 13, 104, 1.625, 0.404, 0.99, 2.1, 42, 103, 20, negative
8, 53, 424, 6.625, 0.344, 0.884, 1.83, 146, 375, 80, negative
11, 150, 1650, 13.636, 0.186, 0.533, 2.06, 307, 879, 149, negative
8, 202, 1616, 25.25, 0.313, 0.689, 1.83, 505, 1114, 276, negative
11, 185, 2035, 16.818, 0.295, 0.826, 1.94, 600, 1681, 310, negative
8, 82, 656, 10.25, 0.402, 0.991, 2.1, 264, 650, 126, negative
8, 12, 96, 1.5, 0.479, 0.938, 2.3, 46, 90, 20, negative
8, 12, 96, 1.5, 0.448, 0.896, 2.05, 43, 86, 21, negative
5, 7, 35, 1.4, 0.657, 0.886, 3.83, 23, 31, 6, negative
5, 4, 20, 0.8, 0.65, 0.85, 3.25, 13, 17, 4, negative
8, 26, 208, 3.25, 0.37, 0.654, 2.41, 77, 136, 32, negative
11, 272, 2992, 24.727, 0.281, 0.68, 2.0, 840, 2036, 420, negative
8, 17, 136, 2.125, 0.346, 1.0, 2.47, 47, 136, 19, negative
8, 7, 56, 0.875, 0.411, 0.875, 2.09, 23, 49, 11, negative
10, 34, 340, 3.4, 0.356, 0.744, 1.98, 121, 253, 61, negative
9, 64, 576, 7.111, 0.345, 0.694, 2.29, 199, 400, 87, negative
11, 73, 803, 6.636, 0.27, 0.844, 2.03, 217, 678, 107, negative
8, 18, 144, 2.25, 0.396, 0.882, 1.84, 57, 127, 31, negative
11, 24, 264, 2.182, 0.307, 0.795, 2.08, 81, 210, 39, negative
10, 30, 300, 3.0, 0.367, 0.783, 2.29, 110, 235, 48, negative
8, 12, 96, 1.5, 0.438, 1.0, 1.91, 42, 96, 22, negative
11, 76, 836, 6.909, 0.254, 0.688, 2.08, 212, 575, 102, negative
9, 34, 306, 3.778, 0.356, 0.925, 2.06, 109, 283, 53, negative
10, 50, 500, 5.0, 0.268, 0.764, 1.94, 134, 382, 69, negative
8, 55, 440, 6.875, 0.225, 0.645, 1.77, 99, 284, 56, negative
7, 15, 105, 2.143, 0.448, 0.829, 1.74, 47, 87, 27, negative
11, 15, 165, 1.364, 0.352, 0.891, 2.07, 58, 147, 28, negative
10, 50, 500, 5.0, 0.326, 0.868, 2.01, 163, 434, 81, negative
10, 36, 360, 3.6, 0.319, 0.817, 1.98, 115, 294, 58, negative
10, 52, 520, 5.2, 0.319, 0.802, 1.87, 166, 417, 89, negative
8, 12, 96, 1.5, 0.396, 0.75, 2.38, 38, 72, 16, negative
8, 7, 56, 0.875, 0.411, 1.0, 2.09, 23, 56, 11, negative
9, 18, 162, 2.0, 0.352, 0.901, 1.84, 57, 146, 31, negative
9, 59, 531, 6.556, 0.335, 0.821, 1.96, 178, 436, 91, negative
11, 126, 1386, 11.455, 0.273, 0.649, 2.11, 379, 900, 180, negative
8, 15, 120, 1.875, 0.433, 0.625, 2.74, 52, 75, 19, negative
10, 25, 250, 2.5, 0.268, 0.588, 1.91, 67, 147, 35, negative
8, 10, 80, 1.25, 0.375, 0.85, 1.88, 30, 68, 16, negative
5, 9, 45, 1.8, 0.533, 0.911, 2.0, 24, 41, 12, negative
8, 8, 64, 1.0, 0.359, 0.969, 1.53, 23, 62, 15, negative
8, 9, 72, 1.125, 0.361, 0.972, 1.73, 26, 70, 15, negative
10, 25, 250, 2.5, 0.328, 0.828, 2.05, 82, 207, 40, negative
10, 6, 60, 0.6, 0.333, 0.817, 2.5, 20, 49, 8, negative
11, 57, 627, 5.182, 0.271, 0.577, 1.87, 170, 362, 91, negative
10, 23, 230, 2.3, 0.248, 0.678, 2.19, 57, 156, 26, negative
11, 32, 352, 2.909, 0.256, 0.534, 2.0, 90, 188, 45, negative
10, 12, 120, 1.2, 0.4, 0.933, 2.29, 48, 112, 21, negative
11, 26, 286, 2.364, 0.262, 0.804, 1.79, 75, 230, 42, negative
11, 25, 275, 2.273, 0.298, 0.811, 2.05, 82, 223, 40, negative
10, 19, 190, 1.9, 0.3, 0.905, 1.68, 57, 172, 34, negative
10, 7, 70, 0.7, 0.357, 0.871, 2.08, 25, 61, 12, negative
10, 26, 260, 2.6, 0.273, 0.815, 1.87, 71, 212, 38, negative
11, 27, 297, 2.455, 0.303, 0.596, 2.43, 90, 177, 37, negative
8, 29, 232, 3.625, 0.345, 0.681, 2.0, 80, 158, 40, negative
10, 61, 610, 6.1, 0.29, 0.657, 2.16, 177, 401, 82, negative
8, 16, 128, 2.0, 0.398, 0.695, 2.55, 51, 89, 20, positive
10, 46, 460, 4.6, 0.278, 0.583, 1.66, 128, 268, 77, negative
8, 25, 200, 3.125, 0.355, 0.78, 1.73, 71, 156, 41, negative
67, 30, 2010, 0.448, 0.169, 0.46, 2.26, 339, 924, 150, positive
6, 12, 72, 2.0, 0.486, 0.944, 2.19, 35, 68, 16, negative
5, 12, 60, 2.4, 0.6, 0.9, 3.0, 36, 54, 12, negative
10, 41, 410, 4.1, 0.276, 0.693, 1.61, 113, 284, 70, negative
9, 19, 171, 2.111, 0.298, 0.737, 2.68, 51, 126, 19, negative
10, 144, 1440, 14.4, 0.256, 0.625, 1.8, 368, 900, 205, negative
7, 12, 84, 1.714, 0.476, 0.81, 2.11, 40, 68, 19, negative
11, 54, 594, 4.909, 0.273, 0.781, 2.19, 162, 464, 74, negative
2, 6, 12, 3.0, 0.583, 0.917, 7.0, 7, 11, 1, negative
8, 43, 344, 5.375, 0.387, 0.762, 1.93, 133, 262, 69, negative
1, 7, 7, 7.0, 1.0, 1.0, 7.0, 7, 7, 1, negative
5, 2, 10, 0.4, 0.7, 0.7, 7.0, 7, 7, 1, negative
10, 150, 1500, 15.0, 0.252, 0.585, 2.07, 378, 878, 183, negative
7, 20, 140, 2.857, 0.4, 1.0, 1.87, 56, 140, 30, negative
6, 49, 294, 8.167, 0.32, 0.527, 2.94, 94, 155, 32, negative
8, 39, 312, 4.875, 0.378, 0.962, 1.64, 118, 300, 72, negative
8, 39, 312, 4.875, 0.362, 0.881, 1.74, 113, 275, 65, negative
4, 10, 40, 2.5, 0.5, 0.9, 4.0, 20, 36, 5, negative
4, 10, 40, 2.5, 0.6, 0.8, 4.0, 24, 32, 6, negative
10, 62, 620, 6.2, 0.265, 0.656, 2.19, 164, 407, 75, negative
8, 20, 160, 2.5, 0.394, 0.863, 2.1, 63, 138, 30, negative
37, 20, 740, 0.541, 0.131, 0.193, 4.22, 97, 143, 23, positive
8, 20, 160, 2.5, 0.406, 0.906, 1.86, 65, 145, 35, negative
8, 12, 96, 1.5, 0.406, 0.917, 1.56, 39, 88, 25, negative
16, 29, 464, 1.813, 0.144, 0.496, 2.58, 67, 230, 26, positive
9, 9, 81, 1.0, 0.358, 0.728, 2.23, 29, 59, 13, negative
10, 15, 150, 1.5, 0.313, 0.78, 2.24, 47, 117, 21, negative
5, 3, 15, 0.6, 0.6, 0.6, 9.0, 9, 9, 1, negative
7, 35, 245, 5.0, 0.445, 0.771, 2.48, 109, 189, 44, negative
6, 15, 90, 2.5, 0.467, 0.711, 3.23, 42, 64, 13, negative
6, 37, 222, 6.167, 0.392, 0.757, 2.23, 87, 168, 39, negative
9, 25, 225, 2.778, 0.329, 0.502, 2.55, 74, 113, 29, negative
10, 39, 390, 3.9, 0.344, 0.59, 2.79, 134, 230, 48, negative
8, 31, 248, 3.875, 0.351, 0.839, 1.98, 87, 208, 44, negative
8, 45, 360, 5.625, 0.297, 0.564, 1.88, 107, 203, 57, negative
10, 41, 410, 4.1, 0.356, 0.956, 2.15, 146, 392, 68, negative
4, 24, 96, 6.0, 0.573, 0.958, 2.04, 55, 92, 27, negative
11, 64, 704, 5.818, 0.25, 0.597, 2.0, 176, 420, 88, negative
10, 76, 760, 7.6, 0.322, 0.689, 1.99, 245, 524, 123, negative
8, 21, 168, 2.625, 0.435, 0.917, 2.35, 73, 154, 31, negative
9, 53, 477, 5.889, 0.335, 0.602, 2.42, 160, 287, 66, negative
8, 19, 152, 2.375, 0.454, 1.0, 2.16, 69, 152, 32, negative
8, 92, 736, 11.5, 0.359, 0.913, 1.75, 264, 672, 151, negative
10, 228, 2280, 22.8, 0.26, 0.61, 1.87, 592, 1390, 316, negative
7, 62, 434, 8.857, 0.392, 0.871, 1.87, 170, 378, 91, negative
11, 262, 2882, 23.818, 0.259, 0.788, 1.94, 747, 2271, 386, negative
10, 23, 230, 2.3, 0.287, 0.617, 2.2, 66, 142, 30, negative
5, 27, 135, 5.4, 0.607, 0.993, 2.34, 82, 134, 35, negative
8, 35, 280, 4.375, 0.357, 0.921, 1.64, 100, 258, 61, negative
10, 19, 190, 1.9, 0.326, 0.768, 1.59, 62, 146, 39, negative
8, 41, 328, 5.125, 0.378, 0.945, 1.61, 124, 310, 77, negative
8, 14, 112, 1.75, 0.429, 1.0, 2.4, 48, 112, 20, negative
10, 33, 330, 3.3, 0.345, 0.779, 1.9, 114, 257, 60, negative
5, 4, 20, 0.8, 0.7, 1.0, 2.33, 14, 20, 6, negative
8, 9, 72, 1.125, 0.361, 0.903, 1.63, 26, 65, 16, negative
8, 20, 160, 2.5, 0.363, 0.931, 1.93, 58, 149, 30, negative
8, 14, 112, 1.75, 0.384, 0.795, 1.72, 43, 89, 25, negative
6, 4, 24, 0.667, 0.667, 1.0, 4.0, 16, 24, 4, negative
10, 30, 300, 3.0, 0.363, 0.71, 2.42, 109, 213, 45, negative
8, 53, 424, 6.625, 0.347, 0.767, 1.93, 147, 325, 76, negative
8, 13, 104, 1.625, 0.356, 0.942, 1.76, 37, 98, 21, negative
10, 26, 260, 2.6, 0.35, 0.819, 2.33, 91, 213, 39, negative
8, 34, 272, 4.25, 0.379, 0.971, 1.84, 103, 264, 56, negative
10, 27, 270, 2.7, 0.367, 0.83, 1.87, 99, 224, 53, negative
11, 175, 1925, 15.909, 0.21, 0.469, 1.98, 405, 902, 205, negative
7, 14, 98, 2.0, 0.5, 1.0, 2.72, 49, 98, 18, negative
10, 53, 530, 5.3, 0.294, 0.908, 1.75, 156, 481, 89, negative
8, 17, 136, 2.125, 0.382, 0.86, 2.48, 52, 117, 21, negative
11, 74, 814, 6.727, 0.247, 0.695, 1.97, 201, 566, 102, negative
10, 73, 730, 7.3, 0.273, 0.79, 1.84, 199, 577, 108, negative
10, 251, 2510, 25.1, 0.281, 0.708, 1.77, 705, 1776, 398, negative
6, 4, 24, 0.667, 0.542, 1.0, 1.86, 13, 24, 7, negative
8, 25, 200, 3.125, 0.335, 0.77, 1.68, 67, 154, 40, negative
6, 7, 42, 1.167, 0.476, 0.976, 2.22, 20, 41, 9, negative
8, 13, 104, 1.625, 0.423, 0.923, 1.76, 44, 96, 25, negative
9, 9, 81, 1.0, 0.296, 0.901, 1.6, 24, 73, 15, negative
10, 120, 1200, 12.0, 0.279, 0.765, 1.7, 335, 918, 197, negative
7, 20, 140, 2.857, 0.407, 0.929, 1.97, 57, 130, 29, negative
9, 46, 414, 5.111, 0.316, 0.857, 1.72, 131, 355, 76, negative
8, 12, 96, 1.5, 0.385, 0.698, 2.47, 37, 67, 15, negative
10, 27, 270, 2.7, 0.3, 0.644, 1.98, 81, 174, 41, negative
8, 32, 256, 4.0, 0.375, 0.98, 2.09, 96, 251, 46, negative
8, 5, 40, 0.625, 0.525, 1.0, 3.0, 21, 40, 7, negative
10, 119, 1190, 11.9, 0.275, 0.665, 1.84, 327, 791, 178, negative
8, 5, 40, 0.625, 0.475, 1.0, 2.38, 19, 40, 8, negative
9, 56, 504, 6.222, 0.327, 0.688, 1.94, 165, 347, 85, negative
9, 40, 360, 4.444, 0.275, 0.875, 1.6, 99, 315, 62, negative
8, 16, 128, 2.0, 0.406, 0.93, 1.68, 52, 119, 31, negative
11, 132, 1452, 12.0, 0.189, 0.44, 2.04, 274, 639, 134, negative
7, 72, 504, 10.286, 0.405, 0.845, 1.85, 204, 426, 110, negative
8, 14, 112, 1.75, 0.42, 0.786, 1.88, 47, 88, 25, negative
9, 39, 351, 4.333, 0.308, 0.709, 1.69, 108, 249, 64, negative
8, 6, 48, 0.75, 0.313, 0.792, 3.0, 15, 38, 5, negative
7, 6, 42, 0.857, 0.548, 0.952, 2.56, 23, 40, 9, negative
8, 25, 200, 3.125, 0.3, 0.59, 2.22, 60, 118, 27, negative
10, 43, 430, 4.3, 0.256, 0.707, 1.8, 110, 304, 61, negative
8, 14, 112, 1.75, 0.402, 1.0, 1.55, 45, 112, 29, negative
8, 46, 368, 5.75, 0.356, 0.957, 1.79, 131, 352, 73, negative
7, 9, 63, 1.286, 0.46, 0.889, 2.42, 29, 56, 12, negative
7, 20, 140, 2.857, 0.336, 0.707, 2.24, 47, 99, 21, negative
5, 23, 115, 4.6, 0.452, 0.913, 1.79, 52, 105, 29, negative
8, 40, 320, 5.0, 0.347, 0.913, 1.63, 111, 292, 68, negative
8, 18, 144, 2.25, 0.354, 0.757, 1.65, 51, 109, 31, negative
8, 24, 192, 3.0, 0.328, 0.625, 1.75, 63, 120, 36, negative
7, 16, 112, 2.286, 0.42, 0.768, 1.96, 47, 86, 24, negative
10, 22, 220, 2.2, 0.277, 0.595, 1.74, 61, 131, 35, negative
8, 41, 328, 5.125, 0.323, 0.643, 1.66, 106, 211, 64, negative
6, 8, 48, 1.333, 0.458, 0.729, 2.44, 22, 35, 9, negative
86, 67, 5762, 0.779, 0.164, 0.935, 2.37, 947, 5386, 399, positive
13, 225, 2925, 17.308, 0.253, 0.893, 3.27, 740, 2612, 226, negative
9, 111, 999, 12.333, 0.188, 0.769, 1.49, 188, 768, 126, negative
7, 214, 1498, 30.571, 0.449, 0.899, 2.77, 672, 1346, 243, negative
8, 82, 656, 10.25, 0.396, 0.713, 2.63, 260, 468, 99, negative
8, 353, 2824, 44.125, 0.07, 0.292, 1.19, 197, 825, 165, negative
2, 536, 1072, 268.0, 0.538, 0.737, 30.37, 577, 790, 19, positive
8, 233, 1864, 29.125, 0.262, 0.838, 1.58, 488, 1562, 309, negative
9, 509, 4581, 56.556, 0.123, 0.501, 1.26, 563, 2297, 448, negative
8, 150, 1200, 18.75, 0.158, 0.594, 1.23, 189, 713, 154, negative
6, 12, 72, 2.0, 0.278, 1.0, 2.22, 20, 72, 9, negative
2, 536, 1072, 268.0, 0.537, 0.622, 24.0, 576, 667, 24, positive
7, 91, 637, 13.0, 0.334, 0.975, 1.76, 213, 621, 121, negative
9, 510, 4590, 56.667, 0.149, 0.541, 1.22, 686, 2484, 561, negative
7, 12, 84, 1.714, 0.226, 0.786, 1.9, 19, 66, 10, negative
2, 19, 38, 9.5, 0.184, 0.789, 1.4, 7, 30, 5, negative
1, 35, 35, 35.0, 0.2, 1.0, 1.17, 7, 35, 6, negative
6, 82, 492, 13.667, 0.274, 0.925, 1.39, 135, 455, 97, negative
9, 510, 4590, 56.667, 0.137, 0.636, 1.24, 629, 2918, 506, negative
7, 66, 462, 9.429, 0.171, 0.903, 1.49, 79, 417, 53, negative
2, 535, 1070, 267.5, 0.648, 0.92, 11.75, 693, 984, 59, positive
30, 60, 1800, 2.0, 0.154, 0.457, 1.85, 278, 823, 150, positive
24, 176, 4224, 7.333, 0.496, 0.969, 7.85, 2096, 4094, 267, negative
25, 186, 4650, 7.44, 0.478, 0.953, 7.16, 2221, 4433, 310, negative
2, 536, 1072, 268.0, 0.532, 0.558, 30.0, 570, 598, 19, positive
5, 31, 155, 6.2, 0.355, 0.974, 1.49, 55, 151, 37, negative
9, 508, 4572, 56.444, 0.188, 0.597, 1.49, 861, 2731, 579, negative
9, 508, 4572, 56.444, 0.16, 0.52, 1.3, 732, 2379, 563, negative
6, 81, 486, 13.5, 0.282, 0.957, 1.34, 137, 465, 102, negative
9, 534, 4806, 59.333, 0.134, 0.503, 1.34, 644, 2419, 482, negative
9, 275, 2475, 30.556, 0.202, 0.717, 1.39, 500, 1775, 359, negative
32, 106, 3392, 3.313, 0.198, 0.395, 4.56, 671, 1341, 147, positive
7, 61, 427, 8.714, 0.319, 0.988, 1.77, 136, 422, 77, negative
28, 32, 896, 1.143, 0.481, 0.742, 7.43, 431, 665, 58, positive
9, 180, 1620, 20.0, 0.343, 0.738, 2.47, 555, 1196, 225, negative
10, 185, 1850, 18.5, 0.36, 0.688, 2.81, 666, 1272, 237, negative
3, 470, 1410, 156.67, 0.352, 0.387, 23.62, 496, 545, 21, positive
9, 508, 4572, 56.444, 0.184, 0.705, 1.31, 840, 3224, 640, negative
8, 508, 4064, 63.5, 0.092, 0.393, 1.28, 372, 1599, 290, negative
8, 532, 4256, 66.5, 0.192, 0.72, 1.28, 816, 3066, 636, negative
7, 305, 2135, 43.571, 0.109, 0.501, 1.21, 232, 1069, 191, negative
9, 182, 1638, 20.222, 0.378, 0.789, 2.95, 619, 1292, 210, negative
9, 218, 1962, 24.222, 0.148, 0.582, 1.43, 290, 1141, 203, negative
2, 537, 1074, 268.5, 0.594, 0.655, 21.27, 638, 703, 30, positive
6, 76, 456, 12.667, 0.353, 0.961, 1.49, 161, 438, 108, negative
2, 415, 830, 207.5, 0.505, 0.578, 16.76, 419, 480, 25, positive
5, 29, 145, 5.8, 0.4, 0.966, 1.61, 58, 140, 36, negative
6, 75, 450, 12.5, 0.356, 0.973, 1.47, 160, 438, 109, negative
9, 535, 4815, 59.444, 0.165, 0.636, 1.38, 793, 3063, 573, negative
13, 228, 2964, 17.538, 0.24, 0.933, 3.02, 710, 2765, 235, negative
7, 101, 707, 14.429, 0.501, 0.973, 3.19, 354, 688, 111, negative
7, 61, 427, 8.714, 0.321, 0.965, 1.78, 137, 412, 77, negative
9, 250, 2250, 27.778, 0.305, 0.711, 2.18, 686, 1600, 314, negative
10, 251, 2510, 25.1, 0.151, 0.567, 1.29, 378, 1423, 293, negative
7, 262, 1834, 37.429, 0.152, 0.684, 1.28, 279, 1254, 218, negative
8, 209, 1672, 26.125, 0.173, 0.828, 1.27, 290, 1384, 228, negative
7, 175, 1225, 25.0, 0.186, 0.906, 1.21, 228, 1110, 188, negative
9, 174, 1566, 19.333, 0.15, 0.738, 1.22, 235, 1156, 193, negative
1, 109, 109, 109.0, 0.183, 1.0, 1.05, 20, 109, 19, negative
7, 80, 560, 11.429, 0.155, 0.698, 1.18, 87, 391, 74, negative
5, 75, 375, 15.0, 0.269, 0.979, 1.22, 101, 367, 83, negative
9, 151, 1359, 16.778, 0.139, 0.549, 1.17, 189, 746, 162, negative
1, 89, 89, 89.0, 0.169, 1.0, 1.07, 15, 89, 14, negative
8, 203, 1624, 25.375, 0.149, 0.767, 1.27, 242, 1246, 191, negative
1, 26, 26, 26.0, 1.0, 1.0, 26.0, 26, 26, 1, positive
1, 36, 36, 36.0, 0.306, 1.0, 1.83, 11, 36, 6, positive
1, 187, 187, 187.0, 0.963, 1.0, 25.71, 180, 187, 7, positive
13, 104, 1352, 8.0, 0.246, 0.699, 4.05, 332, 945, 82, negative
25, 294, 7350, 11.76, 0.471, 0.907, 7.72, 3459, 6663, 448, negative
8, 63, 504, 7.875, 0.321, 0.954, 1.82, 162, 481, 89, negative
9, 108, 972, 12.0, 0.247, 0.855, 1.69, 240, 831, 142, negative
8, 511, 4088, 63.875, 0.084, 0.338, 1.31, 343, 1380, 261, negative
8, 15, 120, 1.875, 0.25, 0.808, 2.14, 30, 97, 14, negative
8, 187, 1496, 23.375, 0.155, 0.747, 1.38, 232, 1118, 168, negative
8, 40, 320, 5.0, 0.281, 0.872, 1.45, 90, 279, 62, negative
11, 511, 5621, 46.455, 0.17, 0.538, 1.42, 956, 3023, 671, negative
8, 15, 120, 1.875, 0.267, 0.767, 2.29, 32, 92, 14, negative
9, 195, 1755, 21.667, 0.126, 0.383, 1.53, 221, 673, 144, negative
14, 57, 798, 4.071, 0.742, 0.97, 12.08, 592, 774, 49, negative
25, 186, 4650, 7.44, 0.485, 0.942, 7.39, 2253, 4379, 305, negative
8, 57, 456, 7.125, 0.434, 0.958, 2.91, 198, 437, 68, negative
9, 82, 738, 9.111, 0.383, 0.641, 2.62, 283, 473, 108, negative
9, 106, 954, 11.778, 0.373, 0.649, 2.8, 356, 619, 127, negative
2, 537, 1074, 268.5, 0.621, 0.747, 16.68, 667, 802, 40, positive
9, 511, 4599, 56.778, 0.164, 0.509, 1.42, 755, 2339, 530, negative
10, 506, 5060, 50.6, 0.15, 0.589, 1.34, 758, 2980, 564, negative
9, 536, 4824, 59.556, 0.126, 0.493, 1.34, 609, 2377, 456, negative
2, 537, 1074, 268.5, 0.538, 0.594, 32.11, 578, 638, 18, positive
8, 148, 1184, 18.5, 0.196, 0.718, 1.28, 232, 850, 181, negative
9, 194, 1746, 21.556, 0.169, 0.597, 1.37, 295, 1043, 215, negative
9, 180, 1620, 20.0, 0.16, 0.523, 1.39, 259, 847, 186, negative
9, 172, 1548, 19.111, 0.171, 0.731, 1.31, 265, 1131, 202, negative
8, 102, 816, 12.75, 0.212, 0.884, 1.25, 173, 721, 138, negative
9, 363, 3267, 40.333, 0.128, 0.532, 1.28, 417, 1738, 326, negative
13, 38, 494, 2.923, 0.334, 0.937, 3.93, 165, 463, 42, negative
25, 292, 7300, 11.68, 0.472, 0.915, 7.51, 3448, 6676, 459, negative
9, 107, 963, 11.889, 0.371, 0.65, 2.59, 357, 626, 138, negative
9, 124, 1116, 13.778, 0.367, 0.705, 2.85, 410, 787, 144, negative
9, 186, 1674, 20.667, 0.425, 0.786, 3.24, 712, 1315, 220, negative
7, 105, 735, 15.0, 0.127, 0.41, 1.39, 93, 301, 67, negative
9, 278, 2502, 30.889, 0.176, 0.594, 1.28, 440, 1485, 345, negative
6, 14, 84, 2.333, 0.393, 0.905, 1.57, 33, 76, 21, negative
2, 104, 208, 52.0, 0.063, 0.529, 1.08, 13, 110, 12, negative
9, 120, 1080, 13.333, 0.176, 0.752, 1.29, 190, 812, 147, negative
9, 284, 2556, 31.556, 0.137, 0.456, 1.41, 350, 1165, 249, negative
7, 14, 98, 2.0, 0.327, 0.939, 1.88, 32, 92, 17, negative
6, 14, 84, 2.333, 0.321, 0.881, 1.8, 27, 74, 15, negative
2, 537, 1074, 268.5, 0.523, 0.567, 62.44, 562, 609, 9, positive
1, 177, 177, 177.0, 0.203, 1.0, 1.03, 36, 177, 35, negative
9, 268, 2412, 29.778, 0.198, 0.637, 1.36, 478, 1536, 351, negative
25, 187, 4675, 7.48, 0.472, 0.943, 7.28, 2207, 4408, 303, negative
9, 111, 999, 12.333, 0.184, 0.771, 1.6, 184, 770, 115, negative
8, 64, 512, 8.0, 0.252, 0.865, 1.63, 129, 443, 79, negative
9, 107, 963, 11.889, 0.328, 0.656, 2.08, 316, 632, 152, negative
1, 40, 40, 40.0, 0.2, 1.0, 1.14, 8, 40, 7, negative
7, 13, 91, 1.857, 0.209, 0.846, 2.71, 19, 77, 7, negative
6, 131, 786, 21.833, 0.106, 0.471, 1.38, 83, 370, 60, negative
7, 375, 2625, 53.571, 0.092, 0.428, 1.21, 241, 1124, 200, negative
1, 54, 54, 54.0, 0.944, 1.0, 17.0, 51, 54, 3, positive
7, 75, 525, 10.714, 0.661, 0.907, 5.51, 347, 476, 63, negative
153, 158, 24174, 1.033, 0.587, 0.641, 46.95, 14180, 15491, 302, positive
10, 40, 400, 4.0, 0.278, 0.615, 2.09, 111, 246, 53, negative
9, 38, 342, 4.222, 0.313, 0.62, 2.18, 107, 212, 49, negative
11, 155, 1705, 14.091, 0.257, 0.584, 2.09, 438, 995, 210, negative
38, 1, 38, 0.026, 1.0, 1.0, 38.0, 38, 38, 1, positive
95, 93, 8835, 0.979, 0.675, 0.902, 3.63, 5966, 7968, 1644, positive
12, 84, 1008, 7.0, 0.42, 0.565, 4.75, 423, 570, 89, negative
1, 180, 180, 180.0, 0.983, 1.0, 88.5, 177, 180, 2, positive
53, 1, 53, 0.019, 1.0, 1.0, 53.0, 53, 53, 1, positive
14, 11, 154, 0.786, 0.526, 0.708, 8.1, 81, 109, 10, negative
10, 48, 480, 4.8, 0.579, 0.706, 6.04, 278, 339, 46, negative
10, 80, 800, 8.0, 0.553, 0.719, 5.08, 442, 575, 87, negative
13, 80, 1040, 6.154, 0.434, 0.536, 5.57, 451, 557, 81, negative
9, 14, 126, 1.556, 0.706, 0.865, 7.42, 89, 109, 12, negative
7, 15, 105, 2.143, 0.705, 0.971, 6.17, 74, 102, 12, negative
10, 31, 310, 3.1, 0.645, 0.774, 6.67, 200, 240, 30, negative
37, 1, 37, 0.027, 1.0, 1.0, 37.0, 37, 37, 1, positive
12, 257, 3084, 21.417, 0.283, 0.615, 3.0, 872, 1898, 291, negative
6, 13, 78, 2.167, 0.346, 0.577, 3.38, 27, 45, 8, negative
13, 9, 117, 0.692, 0.402, 0.684, 3.36, 47, 80, 14, negative
13, 6, 78, 0.462, 0.436, 0.449, 34.0, 34, 35, 1, negative
13, 53, 689, 4.077, 0.509, 0.624, 5.75, 351, 430, 61, negative
13, 67, 871, 5.154, 0.441, 0.83, 5.19, 384, 723, 74, negative
22, 1, 22, 0.045, 1.0, 1.0, 22.0, 22, 22, 1, positive
2, 16, 32, 8.0, 0.25, 0.531, 2.67, 8, 17, 3, positive
1, 136, 136, 136.0, 0.963, 1.0, 32.75, 131, 136, 4, positive
1, 14, 14, 14.0, 0.643, 1.0, 4.5, 9, 14, 2, positive
1, 29, 29, 29.0, 0.931, 1.0, 13.5, 27, 29, 2, positive
83, 314, 26062, 3.783, 0.298, 0.671, 8.75, 7772, 17482, 888, positive
24, 99, 2376, 4.125, 0.912, 0.96, 20.07, 2168, 2282, 108, negative
8, 43, 344, 5.375, 0.445, 0.86, 2.73, 153, 296, 56, negative
10, 20, 200, 2.0, 0.61, 0.845, 8.13, 122, 169, 15, negative
14, 421, 5894, 30.071, 0.379, 0.581, 4.8, 2236, 3424, 466, negative
10, 18, 180, 1.8, 0.539, 0.811, 8.82, 97, 146, 11, negative
11, 161, 1771, 14.636, 0.329, 0.605, 3.05, 582, 1071, 191, negative
13, 322, 4186, 24.769, 0.375, 0.714, 4.62, 1571, 2990, 340, negative
14, 385, 5390, 27.5, 0.369, 0.561, 4.83, 1990, 3022, 412, negative
11, 80, 880, 7.273, 0.492, 0.882, 4.98, 433, 776, 87, negative
8, 154, 1232, 19.25, 0.424, 0.87, 2.75, 522, 1072, 190, negative
8, 68, 544, 8.5, 0.54, 0.974, 3.03, 294, 530, 97, negative
54, 357, 19278, 6.611, 0.299, 0.655, 6.4, 5766, 12626, 901, positive
1, 117, 117, 117.0, 0.974, 1.0, 38.0, 114, 117, 3, positive
26, 170, 4420, 6.538, 0.188, 0.909, 1.54, 833, 4017, 542, negative
9, 17, 153, 1.889, 0.523, 0.869, 7.27, 80, 133, 11, negative
14, 321, 4494, 22.929, 0.361, 0.595, 4.71, 1624, 2675, 345, negative
14, 273, 3822, 19.5, 0.373, 0.701, 4.59, 1424, 2681, 310, negative
7, 1, 7, 0.143, 1.0, 1.0, 7.0, 7, 7, 1, positive
1, 27, 27, 27.0, 0.259, 1.0, 1.4, 7, 27, 5, positive
1, 39, 39, 39.0, 0.308, 1.0, 1.71, 12, 39, 7, positive
9, 9, 81, 1.0, 0.519, 0.531, 42.0, 42, 43, 1, negative
11, 245, 2695, 22.273, 0.353, 0.765, 2.77, 952, 2063, 344, negative
3, 4, 12, 1.333, 0.667, 0.667, 8.0, 8, 8, 1, negative
14, 253, 3542, 18.071, 0.372, 0.826, 4.36, 1317, 2924, 302, negative
11, 246, 2706, 22.364, 0.349, 0.765, 2.85, 944, 2071, 331, negative
3, 106, 318, 35.333, 0.258, 0.34, 6.31, 82, 108, 13, positive
10, 155, 1550, 15.5, 0.329, 0.601, 2.88, 510, 931, 177, negative
17, 203, 3451, 11.941, 0.925, 0.999, 14.19, 3192, 3448, 225, negative
9, 8, 72, 0.889, 0.681, 0.764, 12.25, 49, 55, 4, negative
8, 59, 472, 7.375, 0.464, 0.985, 2.74, 219, 465, 80, negative
9, 17, 153, 1.889, 0.627, 0.922, 6.4, 96, 141, 15, negative
12, 252, 3024, 21.0, 0.416, 0.682, 4.75, 1259, 2062, 265, negative
3, 3, 9, 1.0, 0.889, 0.889, 8.0, 8, 8, 1, negative
9, 16, 144, 1.778, 0.556, 0.958, 6.67, 80, 138, 12, negative
14, 203, 2842, 14.5, 0.362, 0.67, 4.36, 1028, 1904, 236, negative
3, 3, 9, 1.0, 0.889, 0.889, 8.0, 8, 8, 1, negative
13, 123, 1599, 9.462, 0.428, 0.798, 4.38, 684, 1276, 156, negative
10, 327, 3270, 32.7, 0.379, 0.767, 2.75, 1239, 2508, 450, negative
23, 371, 8533, 16.13, 0.941, 1.0, 16.83, 8027, 8533, 477, negative
14, 201, 2814, 14.357, 0.373, 0.641, 4.84, 1050, 1804, 217, negative
11, 98, 1078, 8.909, 0.378, 0.724, 3.04, 408, 781, 134, negative
10, 19, 190, 1.9, 0.553, 0.805, 7.5, 105, 153, 14, negative
14, 183, 2562, 13.071, 0.39, 0.681, 4.87, 998, 1745, 205, negative
12, 383, 4596, 31.917, 0.307, 0.603, 2.91, 1409, 2771, 485, negative
12, 1, 12, 0.083, 1.0, 1.0, 12.0, 12, 12, 1, positive
168, 135, 22680, 0.804, 0.82, 0.904, 62.81, 18591, 20513, 296, positive
8, 272, 2176, 34.0, 0.359, 0.848, 2.7, 781, 1846, 289, negative
14, 395, 5530, 28.214, 0.359, 0.658, 4.7, 1988, 3636, 423, negative
11, 433, 4763, 39.364, 0.449, 0.706, 4.65, 2137, 3365, 460, negative
13, 267, 3471, 20.538, 0.401, 0.662, 4.87, 1392, 2299, 286, negative
9, 369, 3321, 41.0, 0.329, 0.639, 2.67, 1094, 2122, 409, negative
10, 9, 90, 0.9, 0.667, 0.689, 30.0, 60, 62, 2, negative
10, 17, 170, 1.7, 0.535, 0.853, 7.58, 91, 145, 12, negative
13, 133, 1729, 10.231, 0.36, 0.721, 4.9, 622, 1247, 127, negative
9, 19, 171, 2.111, 0.667, 0.895, 7.6, 114, 153, 15, negative
27, 267, 7209, 9.889, 0.362, 0.674, 4.36, 2610, 4860, 599, negative
174, 471, 81954, 2.707, 0.339, 0.433, 15.84, 27820, 35499, 1756, positive
16, 344, 5504, 21.5, 0.373, 0.572, 5.73, 2053, 3146, 358, negative
11, 20, 220, 1.818, 0.564, 0.909, 8.27, 124, 200, 15, negative
12, 23, 276, 1.917, 0.576, 0.826, 7.57, 159, 228, 21, negative
17, 350, 5950, 20.588, 0.363, 0.577, 5.22, 2162, 3433, 414, negative
16, 181, 2896, 11.313, 0.4, 0.759, 5.1, 1157, 2198, 227, negative
47, 1, 47, 0.021, 1.0, 1.0, 47.0, 47, 47, 1, positive
83, 326, 27058, 3.928, 0.286, 0.671, 7.55, 7741, 18149, 1025, positive
72, 96, 6912, 1.333, 0.488, 0.582, 15.69, 3374, 4025, 215, positive
11, 70, 770, 6.364, 0.381, 0.639, 3.53, 293, 492, 83, negative
12, 22, 264, 1.833, 0.553, 0.841, 7.68, 146, 222, 19, negative
25, 203, 5075, 8.12, 0.837, 0.929, 15.22, 4246, 4713, 279, negative
16, 408, 6528, 25.5, 0.39, 0.644, 5.28, 2546, 4204, 482, negative
11, 22, 242, 2.0, 0.649, 0.847, 8.72, 157, 205, 18, negative
11, 56, 616, 5.091, 0.386, 0.7, 3.09, 238, 431, 77, negative
16, 424, 6784, 26.5, 0.371, 0.563, 5.34, 2514, 3820, 471, negative
9, 87, 783, 9.667, 0.444, 0.962, 2.37, 348, 753, 147, negative
12, 22, 264, 1.833, 0.58, 0.814, 7.65, 153, 215, 20, negative
23, 198, 4554, 8.609, 0.924, 0.999, 14.93, 4210, 4548, 282, negative
186, 469, 87234, 2.522, 0.378, 0.529, 22.29, 33017, 46133, 1481, positive
12, 69, 828, 5.75, 0.332, 0.626, 2.81, 275, 518, 98, negative
16, 309, 4944, 19.313, 0.382, 0.549, 5.38, 1890, 2713, 351, negative
24, 334, 8016, 13.917, 0.894, 0.966, 14.3, 7164, 7740, 501, negative
16, 405, 6480, 25.313, 0.382, 0.596, 5.3, 2476, 3863, 467, negative
187, 141, 26367, 0.754, 0.415, 0.884, 4.69, 10947, 23301, 2333, positive
9, 82, 738, 9.111, 0.306, 0.695, 2.86, 226, 513, 79, negative
1, 45, 45, 45.0, 0.244, 1.0, 1.38, 11, 45, 8, positive
16, 352, 5632, 22.0, 0.39, 0.738, 5.25, 2196, 4157, 418, negative
3, 4, 12, 1.333, 1.0, 1.0, 12.0, 12, 12, 1, negative
16, 417, 6672, 26.063, 0.381, 0.652, 5.29, 2543, 4349, 481, negative
24, 135, 3240, 5.625, 0.911, 0.966, 18.69, 2953, 3131, 158, negative
11, 22, 242, 2.0, 0.632, 0.864, 8.05, 153, 209, 19, negative
16, 410, 6560, 25.625, 0.381, 0.569, 5.55, 2497, 3731, 450, negative
11, 378, 4158, 34.364, 0.33, 0.684, 2.95, 1371, 2846, 465, negative
9, 268, 2412, 29.778, 0.465, 0.694, 6.3, 1122, 1675, 178, negative
9, 230, 2070, 25.556, 0.399, 0.87, 2.63, 826, 1800, 314, negative
8, 13, 104, 1.625, 0.663, 0.817, 6.9, 69, 85, 10, negative
8, 157, 1256, 19.625, 0.446, 0.987, 2.55, 560, 1240, 220, negative
9, 232, 2088, 25.778, 0.274, 0.782, 1.76, 573, 1633, 326, negative
8, 13, 104, 1.625, 0.683, 0.817, 7.1, 71, 85, 10, negative
7, 13, 91, 1.857, 0.791, 0.978, 6.0, 72, 89, 12, negative
8, 13, 104, 1.625, 0.625, 0.817, 5.91, 65, 85, 11, negative
9, 358, 3222, 39.778, 0.385, 0.863, 2.36, 1240, 2782, 525, negative
10, 279, 2790, 27.9, 0.377, 0.687, 2.7, 1052, 1916, 389, negative
15, 29, 435, 1.933, 0.524, 0.97, 4.15, 228, 422, 55, negative
77, 257, 19789, 3.338, 0.465, 0.49, 72.47, 9204, 9689, 127, negative
59, 84, 4956, 1.424, 0.659, 0.71, 148.36, 3264, 3517, 22, negative
11, 30, 330, 2.727, 0.467, 0.824, 4.16, 154, 272, 37, negative
17, 24, 408, 1.412, 0.426, 0.735, 4.7, 174, 300, 37, negative
8, 131, 1048, 16.375, 0.246, 0.796, 1.46, 258, 834, 177, negative
6, 184, 1104, 30.667, 0.272, 0.697, 1.54, 300, 770, 195, negative
8, 109, 872, 13.625, 0.219, 0.595, 1.61, 191, 519, 119, negative
8, 76, 608, 9.5, 0.232, 0.51, 1.88, 141, 310, 75, negative
8, 231, 1848, 28.875, 0.228, 0.569, 1.64, 421, 1052, 257, negative
4, 19, 76, 4.75, 0.421, 0.921, 1.78, 32, 70, 18, negative
18, 158, 2844, 8.778, 0.198, 0.418, 2.46, 563, 1190, 229, negative
6, 48, 288, 8.0, 0.316, 0.965, 1.57, 91, 278, 58, negative
8, 95, 760, 11.875, 0.187, 0.645, 1.34, 142, 490, 106, negative
10, 141, 1410, 14.1, 0.236, 0.645, 2.25, 333, 910, 148, negative
8, 229, 1832, 28.625, 0.168, 0.484, 1.57, 308, 887, 196, negative
5, 58, 290, 11.6, 0.2, 0.745, 1.41, 58, 216, 41, negative
7, 91, 637, 13.0, 0.163, 0.535, 1.46, 104, 341, 71, negative
17, 22, 374, 1.294, 0.321, 0.406, 8.57, 120, 152, 14, negative
8, 117, 936, 14.625, 0.173, 0.642, 1.3, 162, 601, 125, negative
4, 25, 100, 6.25, 0.28, 0.71, 1.33, 28, 71, 21, negative
7, 192, 1344, 27.429, 0.136, 0.385, 1.36, 183, 518, 135, negative
8, 208, 1664, 26.0, 0.194, 0.491, 1.65, 323, 817, 196, negative
18, 24, 432, 1.333, 0.454, 0.75, 5.76, 196, 324, 34, negative
18, 185, 3330, 10.278, 0.163, 0.358, 2.39, 544, 1193, 228, negative
9, 100, 900, 11.111, 0.247, 0.637, 1.83, 222, 573, 121, negative
6, 71, 426, 11.833, 0.329, 0.958, 1.57, 140, 408, 89, negative
8, 210, 1680, 26.25, 0.178, 0.483, 1.44, 299, 811, 208, negative
4, 44, 176, 11.0, 0.267, 0.614, 1.81, 47, 108, 26, negative
17, 34, 578, 2.0, 0.123, 0.156, 17.75, 71, 90, 4, negative
79, 159, 12561, 2.013, 0.319, 0.368, 51.4, 4009, 4623, 78, negative
3, 541, 1623, 180.33, 0.71, 0.747, 88.62, 1152, 1213, 13, positive
9, 153, 1377, 17.0, 0.304, 0.848, 2.06, 419, 1168, 203, negative
10, 292, 2920, 29.2, 0.203, 0.649, 1.5, 594, 1896, 397, negative
4, 93, 372, 23.25, 0.312, 0.763, 1.66, 116, 284, 70, negative
6, 94, 564, 15.667, 0.184, 0.934, 1.32, 104, 527, 79, negative
13, 284, 3692, 21.846, 0.205, 0.553, 1.87, 758, 2040, 405, negative
5, 94, 470, 18.8, 0.234, 0.845, 1.39, 110, 397, 79, negative
7, 61, 427, 8.714, 0.241, 0.794, 1.47, 103, 339, 70, negative
6, 93, 558, 15.5, 0.238, 0.711, 1.71, 133, 397, 78, negative
10, 288, 2880, 28.8, 0.191, 0.564, 1.5, 549, 1624, 365, negative
5, 96, 480, 19.2, 0.342, 0.738, 2.13, 164, 354, 77, negative
6, 96, 576, 16.0, 0.309, 0.925, 1.73, 178, 533, 103, negative
10, 330, 3300, 33.0, 0.225, 0.771, 1.44, 744, 2545, 518, negative
6, 96, 576, 16.0, 0.351, 0.755, 2.43, 202, 435, 83, negative
6, 96, 576, 16.0, 0.267, 0.939, 1.51, 154, 541, 102, negative
6, 96, 576, 16.0, 0.302, 0.795, 2.2, 174, 458, 79, negative
9, 305, 2745, 33.889, 0.191, 0.73, 1.4, 525, 2003, 375, negative
7, 19, 133, 2.714, 0.286, 0.632, 1.65, 38, 84, 23, negative
6, 95, 570, 15.833, 0.226, 0.933, 1.45, 129, 532, 89, negative
6, 96, 576, 16.0, 0.234, 0.668, 2.01, 135, 385, 67, negative
4, 96, 384, 24.0, 0.417, 0.753, 2.19, 160, 289, 73, negative
7, 140, 980, 20.0, 0.253, 0.886, 1.49, 248, 868, 167, negative
5, 96, 480, 19.2, 0.323, 0.838, 1.78, 155, 402, 87, negative
37, 1, 37, 0.027, 1.0, 1.0, 37.0, 37, 37, 1, positive
32, 1, 32, 0.031, 1.0, 1.0, 32.0, 32, 32, 1, positive
9, 18, 162, 2.0, 0.395, 0.759, 2.78, 64, 123, 23, negative
9, 127, 1143, 14.111, 0.213, 0.679, 1.58, 243, 776, 154, negative
1, 41, 41, 41.0, 0.39, 1.0, 1.07, 16, 41, 15, negative
8, 1, 8, 0.125, 1.0, 1.0, 8.0, 8, 8, 1, positive
7, 125, 875, 17.857, 0.29, 0.735, 1.59, 254, 643, 160, negative
1, 40, 40, 40.0, 0.4, 1.0, 1.07, 16, 40, 15, negative
9, 93, 837, 10.333, 0.229, 0.734, 1.57, 192, 614, 122, negative
6, 7, 42, 1.167, 0.333, 0.952, 1.4, 14, 40, 10, negative
7, 38, 266, 5.429, 0.41, 0.91, 1.82, 109, 242, 60, negative
7, 105, 735, 15.0, 0.256, 0.705, 1.69, 188, 518, 111, negative
7, 53, 371, 7.571, 0.089, 0.245, 1.5, 33, 91, 22, negative
6, 7, 42, 1.167, 0.333, 0.738, 2.33, 14, 31, 6, negative
5, 20, 100, 4.0, 0.17, 0.48, 1.55, 17, 48, 11, negative
1, 22, 22, 22.0, 0.318, 1.0, 1.17, 7, 22, 6, negative
6, 31, 186, 5.167, 0.199, 0.565, 1.85, 37, 105, 20, negative
3, 8, 24, 2.667, 0.333, 0.875, 1.33, 8, 21, 6, negative
9, 32, 288, 3.556, 0.417, 0.715, 3.08, 120, 206, 39, negative
1, 47, 47, 47.0, 0.426, 1.0, 1.05, 20, 47, 19, negative
1, 42, 42, 42.0, 0.381, 1.0, 1.07, 16, 42, 15, negative
5, 12, 60, 2.4, 0.2, 0.467, 1.71, 12, 28, 7, negative
1, 45, 45, 45.0, 0.356, 1.0, 1.07, 16, 45, 15, negative
67, 296, 19832, 4.418, 0.088, 0.285, 1.54, 1748, 5649, 1134, negative
7, 30, 210, 4.286, 0.271, 0.871, 1.33, 57, 183, 43, negative
7, 118, 826, 16.857, 0.386, 0.869, 2.26, 319, 718, 141, negative
8, 54, 432, 6.75, 0.188, 0.78, 1.53, 81, 337, 53, negative
6, 15, 90, 2.5, 0.244, 0.733, 2.2, 22, 66, 10, negative
8, 180, 1440, 22.5, 0.199, 0.724, 1.31, 286, 1043, 219, negative
7, 65, 455, 9.286, 0.407, 0.895, 2.18, 185, 407, 85, negative
9, 98, 882, 10.889, 0.185, 0.662, 1.58, 163, 584, 103, negative
9, 138, 1242, 15.333, 0.271, 0.609, 1.87, 336, 756, 180, negative
9, 98, 882, 10.889, 0.302, 0.712, 2.03, 266, 628, 131, negative
7, 28, 196, 4.0, 0.306, 0.847, 1.58, 60, 166, 38, negative
9, 52, 468, 5.778, 0.203, 0.626, 1.38, 95, 293, 69, negative
5, 6, 30, 1.2, 0.233, 1.0, 1.4, 7, 30, 5, negative
5, 19, 95, 3.8, 0.316, 0.916, 1.5, 30, 87, 20, negative
105, 2, 210, 0.019, 0.529, 0.533, 111.0, 111, 112, 1, positive
8, 24, 192, 3.0, 0.203, 0.568, 1.7, 39, 109, 23, negative
5, 42, 210, 8.4, 0.257, 0.838, 1.46, 54, 176, 37, negative
7, 87, 609, 12.429, 0.365, 0.856, 1.91, 222, 521, 116, negative
7, 40, 280, 5.714, 0.25, 0.832, 1.59, 70, 233, 44, negative
7, 28, 196, 4.0, 0.27, 0.75, 1.36, 53, 147, 39, negative
11, 427, 4697, 38.818, 0.566, 0.57, 189.79, 2657, 2676, 14, positive
19, 12, 228, 0.632, 0.303, 0.439, 7.67, 69, 100, 9, negative
14, 18, 252, 1.286, 0.298, 0.655, 5.0, 75, 165, 15, negative
1, 16, 16, 16.0, 0.938, 1.0, 15.0, 15, 16, 1, positive
9, 17, 153, 1.889, 0.333, 0.895, 2.13, 51, 137, 24, negative
14, 370, 5180, 26.429, 0.175, 0.648, 1.64, 907, 3357, 554, negative
10, 227, 2270, 22.7, 0.225, 0.97, 1.64, 510, 2202, 311, negative
1, 58, 58, 58.0, 0.845, 1.0, 9.8, 49, 58, 5, positive
11, 22, 242, 2.0, 0.281, 0.669, 1.94, 68, 162, 35, negative
3, 550, 1650, 183.33, 0.339, 0.401, 15.11, 559, 662, 37, positive
14, 422, 5908, 30.143, 0.18, 0.58, 1.7, 1062, 3426, 624, negative
1, 85, 85, 85.0, 0.882, 1.0, 12.5, 75, 85, 6, positive
9, 18, 162, 2.0, 0.309, 0.901, 2.63, 50, 146, 19, negative
11, 23, 253, 2.091, 0.265, 0.735, 2.09, 67, 186, 32, negative
1, 8, 8, 8.0, 1.0, 1.0, 8.0, 8, 8, 1, positive
10, 20, 200, 2.0, 0.275, 0.91, 1.9, 55, 182, 29, negative
10, 23, 230, 2.3, 0.317, 0.891, 2.35, 73, 205, 31, negative
1, 17, 17, 17.0, 1.0, 1.0, 17.0, 17, 17, 1, positive
38, 342, 12996, 9.0, 0.275, 0.466, 12.99, 3573, 6053, 275, negative
8, 79, 632, 9.875, 0.316, 0.975, 1.8, 200, 616, 111, negative
1, 161, 161, 161.0, 0.41, 1.0, 1.02, 66, 161, 65, positive
6, 13, 78, 2.167, 0.231, 0.487, 3.0, 18, 38, 6, negative
7, 75, 525, 10.714, 0.156, 0.758, 1.28, 82, 398, 64, negative
9, 231, 2079, 25.667, 0.196, 0.637, 1.49, 407, 1324, 274, negative
7, 85, 595, 12.143, 0.192, 0.869, 1.3, 114, 517, 88, negative
7, 70, 490, 10.0, 0.371, 0.971, 1.9, 182, 476, 96, negative
1, 172, 172, 172.0, 0.465, 1.0, 1.04, 80, 172, 77, positive
7, 95, 665, 13.571, 0.268, 0.929, 1.56, 178, 618, 114, negative
6, 263, 1578, 43.833, 0.124, 0.66, 1.11, 196, 1041, 177, negative
7, 135, 945, 19.286, 0.202, 0.732, 1.43, 191, 692, 134, negative
7, 346, 2422, 49.429, 0.159, 0.749, 1.17, 386, 1813, 329, negative
7, 346, 2422, 49.429, 0.185, 0.731, 1.26, 448, 1771, 355, negative
8, 346, 2768, 43.25, 0.166, 0.66, 1.35, 459, 1828, 339, negative
20, 19, 380, 0.95, 0.495, 0.713, 12.53, 188, 271, 15, negative
8, 21, 168, 2.625, 0.482, 0.827, 13.5, 81, 139, 6, negative
17, 341, 5797, 20.059, 0.935, 0.998, 36.38, 5420, 5784, 149, positive
8, 41, 328, 5.125, 0.265, 0.616, 2.35, 87, 202, 37, negative
7, 10, 70, 1.429, 0.3, 0.743, 3.5, 21, 52, 6, negative
10, 10, 100, 1.0, 0.56, 0.91, 4.0, 56, 91, 14, negative
9, 10, 90, 1.111, 0.344, 0.533, 3.88, 31, 48, 8, negative
10, 36, 360, 3.6, 0.356, 0.672, 2.33, 128, 242, 55, negative
2, 21, 42, 10.5, 0.452, 1.0, 6.33, 19, 42, 3, positive
2, 22, 44, 11.0, 0.477, 1.0, 21.0, 21, 44, 1, positive
11, 11, 121, 1.0, 0.43, 0.802, 4.73, 52, 97, 11, negative
14, 98, 1372, 7.0, 0.308, 0.768, 2.43, 422, 1054, 174, negative
7, 1, 7, 0.143, 1.0, 1.0, 7.0, 7, 7, 1, positive
10, 87, 870, 8.7, 0.375, 0.764, 2.23, 326, 665, 146, negative
10, 11, 110, 1.1, 0.491, 0.845, 4.5, 54, 93, 12, negative
1, 70, 70, 70.0, 0.943, 1.0, 22.0, 66, 70, 3, positive
14, 125, 1750, 8.929, 0.289, 0.734, 2.21, 505, 1285, 228, negative
11, 65, 715, 5.909, 0.178, 0.662, 1.65, 127, 473, 77, negative
10, 165, 1650, 16.5, 0.258, 0.695, 1.65, 426, 1147, 258, negative
1, 20, 20, 20.0, 0.85, 1.0, 8.5, 17, 20, 2, positive
1, 16, 16, 16.0, 1.0, 1.0, 16.0, 16, 16, 1, positive
4, 524, 2096, 131.0, 0.542, 0.603, 40.57, 1136, 1264, 28, positive
