@relation page-blocks0
@attribute Height integer [1, 804]
@attribute Lenght integer [1, 553]
@attribute Area integer [7, 143993]
@attribute Eccen real [0.0070, 537.0]
@attribute P_black real [0.052, 1.0]
@attribute P_and real [0.062, 1.0]
@attribute Mean_tr real [1.0, 4955.0]
@attribute Blackpix integer [1, 33017]
@attribute Blackand integer [7, 46133]
@attribute Wb_trans integer [1, 3212]
@attribute Class {positive, negative}
@inputs Height, Lenght, Area, Eccen, P_black, P_and, Mean_tr, Blackpix, Blackand, Wb_trans
@outputs Class
@data
6, 4, 24, 0.667, 0.417, 0.708, 2.5, 10, 17, 4, negative
5, 6, 30, 1.2, 0.333, 0.333, 10.0, 10, 10, 1, negative
5, 3, 15, 0.6, 0.533, 0.733, 8.0, 8, 11, 1, negative
5, 7, 35, 1.4, 0.429, 0.857, 5.0, 15, 30, 3, negative
5, 8, 40, 1.6, 0.375, 0.475, 15.0, 15, 19, 1, negative
13, 25, 325, 1.923, 0.234, 0.286, 10.86, 76, 93, 7, negative
11, 8, 88, 0.727, 0.58, 1.0, 5.1, 51, 88, 10, negative
11, 8, 88, 0.727, 0.409, 0.477, 36.0, 36, 42, 1, negative
2, 20, 40, 10.0, 0.675, 0.675, 27.0, 27, 27, 1, positive
10, 38, 380, 3.8, 0.426, 0.947, 3.12, 162, 360, 52, negative
9, 37, 333, 4.111, 0.532, 0.913, 3.22, 177, 304, 55, negative
2, 18, 36, 9.0, 0.667, 0.694, 24.0, 24, 25, 1, positive
2, 22, 44, 11.0, 0.75, 0.75, 33.0, 33, 33, 1, positive
9, 90, 810, 10.0, 0.26, 0.786, 2.18, 211, 637, 97, negative
9, 92, 828, 10.222, 0.286, 0.885, 1.93, 237, 733, 123, negative
8, 95, 760, 11.875, 0.303, 0.937, 1.77, 230, 712, 130, negative
11, 99, 1089, 9.0, 0.23, 0.601, 2.14, 250, 654, 117, negative
9, 92, 828, 10.222, 0.292, 0.843, 2.05, 242, 698, 118, negative
11, 85, 935, 7.727, 0.257, 0.894, 1.67, 240, 836, 144, negative
10, 83, 830, 8.3, 0.266, 0.827, 2.1, 221, 686, 105, negative
12, 14, 168, 1.167, 0.357, 0.958, 2.31, 60, 161, 26, negative
10, 63, 630, 6.3, 0.233, 0.705, 1.69, 147, 444, 87, negative
1, 13, 13, 13.0, 1.0, 1.0, 13.0, 13, 13, 1, positive
13, 10, 130, 0.769, 0.3, 0.808, 6.5, 39, 105, 6, negative
11, 20, 220, 1.818, 0.168, 0.75, 3.36, 37, 165, 11, negative
10, 126, 1260, 12.6, 0.425, 0.862, 2.68, 536, 1086, 200, negative
9, 13, 117, 1.444, 0.239, 0.462, 4.67, 28, 54, 6, negative
8, 48, 384, 6.0, 0.302, 0.914, 1.76, 116, 351, 66, negative
9, 44, 396, 4.889, 0.46, 0.937, 2.84, 182, 371, 64, negative
9, 47, 423, 5.222, 0.274, 0.747, 2.42, 116, 316, 48, negative
10, 152, 1520, 15.2, 0.297, 0.778, 2.17, 452, 1182, 208, negative
1, 27, 27, 27.0, 0.593, 1.0, 4.0, 16, 27, 4, negative
2, 17, 34, 8.5, 0.324, 1.0, 2.75, 11, 34, 4, negative
8, 23, 184, 2.875, 0.288, 1.0, 1.47, 53, 184, 36, negative
8, 83, 664, 10.375, 0.325, 0.908, 1.76, 216, 603, 123, negative
11, 84, 924, 7.636, 0.262, 0.82, 1.69, 242, 758, 143, negative
7, 14, 98, 2.0, 0.184, 0.612, 18.0, 18, 60, 1, negative
11, 26, 286, 2.364, 0.297, 0.941, 2.02, 85, 269, 42, negative
9, 64, 576, 7.111, 0.465, 0.899, 2.58, 268, 518, 104, negative
9, 46, 414, 5.111, 0.292, 0.676, 1.92, 121, 280, 63, negative
10, 130, 1300, 13.0, 0.425, 0.773, 2.79, 552, 1005, 198, negative
7, 122, 854, 17.429, 0.281, 0.626, 1.73, 240, 535, 139, negative
11, 8, 88, 0.727, 0.375, 0.602, 4.13, 33, 53, 8, negative
9, 20, 180, 2.222, 0.339, 0.872, 2.35, 61, 157, 26, negative
9, 82, 738, 9.111, 0.343, 0.913, 2.02, 253, 674, 125, negative
10, 81, 810, 8.1, 0.279, 0.81, 2.11, 226, 656, 107, negative
9, 20, 180, 2.222, 0.339, 0.772, 1.74, 61, 139, 35, negative
4, 8, 32, 2.0, 0.344, 0.781, 1.83, 11, 25, 6, negative
9, 86, 774, 9.556, 0.301, 0.647, 2.22, 233, 501, 105, negative
1, 19, 19, 19.0, 0.789, 1.0, 3.75, 15, 19, 4, positive
10, 123, 1230, 12.3, 0.362, 0.888, 2.99, 445, 1092, 149, negative
93, 4, 372, 0.043, 0.419, 0.565, 2.89, 156, 210, 54, positive
1, 61, 61, 61.0, 1.0, 1.0, 61.0, 61, 61, 1, positive
1, 9, 9, 9.0, 0.778, 1.0, 7.0, 7, 9, 1, negative
8, 2, 16, 0.25, 0.563, 0.563, 9.0, 9, 9, 1, negative
9, 33, 297, 3.667, 0.259, 0.774, 1.67, 77, 230, 46, negative
12, 118, 1416, 9.833, 0.253, 0.767, 1.95, 358, 1086, 184, negative
306, 465, 142290, 1.52, 0.055, 0.123, 2.69, 7861, 17452, 2925, positive
3, 7, 21, 2.333, 0.619, 0.619, 13.0, 13, 13, 1, negative
6, 17, 102, 2.833, 0.275, 0.824, 2.0, 28, 84, 14, negative
4, 16, 64, 4.0, 0.391, 0.938, 1.67, 25, 60, 15, negative
1, 52, 52, 52.0, 0.538, 1.0, 14.0, 28, 52, 2, positive
9, 21, 189, 2.333, 0.392, 0.899, 2.74, 74, 170, 27, negative
11, 67, 737, 6.091, 0.331, 0.844, 2.28, 244, 622, 107, negative
10, 79, 790, 7.9, 0.385, 0.88, 2.13, 304, 695, 143, negative
11, 97, 1067, 8.818, 0.297, 0.666, 2.4, 317, 711, 132, negative
11, 102, 1122, 9.273, 0.289, 0.829, 1.87, 324, 930, 173, negative
9, 81, 729, 9.0, 0.348, 0.927, 2.21, 254, 676, 115, negative
11, 8, 88, 0.727, 0.25, 1.0, 2.44, 22, 88, 9, negative
1, 124, 124, 124.0, 0.444, 1.0, 7.86, 55, 124, 7, positive
10, 64, 640, 6.4, 0.514, 0.966, 2.84, 329, 618, 116, negative
9, 36, 324, 4.0, 0.611, 0.926, 3.36, 198, 300, 59, negative
9, 47, 423, 5.222, 0.31, 0.78, 2.34, 131, 330, 56, negative
9, 41, 369, 4.556, 0.425, 0.962, 2.71, 157, 355, 58, negative
1, 55, 55, 55.0, 0.564, 1.0, 10.33, 31, 55, 3, positive
1, 115, 115, 115.0, 0.2, 1.0, 4.6, 23, 115, 5, positive
1, 46, 46, 46.0, 0.783, 1.0, 12.0, 36, 46, 3, positive
7, 17, 119, 2.429, 0.412, 0.933, 2.72, 49, 111, 18, negative
8, 32, 256, 4.0, 0.336, 0.789, 2.46, 86, 202, 35, negative
7, 100, 700, 14.286, 0.411, 0.849, 1.83, 288, 594, 157, negative
12, 8, 96, 0.667, 0.448, 0.656, 4.3, 43, 63, 10, negative
12, 23, 276, 1.917, 0.417, 0.623, 8.21, 115, 172, 14, negative
14, 18, 252, 1.286, 0.159, 0.607, 3.33, 40, 153, 12, negative
10, 51, 510, 5.1, 0.306, 0.855, 2.29, 156, 436, 68, negative
9, 37, 333, 4.111, 0.538, 0.901, 2.8, 179, 300, 64, negative
37, 101, 3737, 2.73, 0.282, 0.695, 2.44, 1053, 2596, 432, negative
10, 34, 340, 3.4, 0.421, 0.906, 2.01, 143, 308, 71, negative
12, 43, 516, 3.583, 0.357, 0.849, 2.71, 184, 438, 68, negative
11, 86, 946, 7.818, 0.332, 0.808, 2.2, 314, 764, 143, negative
9, 5, 45, 0.556, 0.711, 0.889, 10.67, 32, 40, 3, negative
9, 7, 63, 0.778, 0.349, 0.683, 2.2, 22, 43, 10, negative
10, 21, 210, 2.1, 0.362, 0.819, 2.11, 76, 172, 36, negative
9, 47, 423, 5.222, 0.371, 0.865, 2.75, 157, 366, 57, negative
9, 41, 369, 4.556, 0.507, 0.992, 3.28, 187, 366, 57, negative
1, 17, 17, 17.0, 0.412, 1.0, 1.75, 7, 17, 4, positive
8, 28, 224, 3.5, 0.259, 0.844, 1.93, 58, 189, 30, negative
11, 9, 99, 0.818, 0.465, 0.768, 3.83, 46, 76, 12, negative
11, 8, 88, 0.727, 0.602, 1.0, 4.08, 53, 88, 13, negative
212, 464, 98368, 2.189, 0.052, 0.07, 11.84, 5066, 6884, 428, positive
3, 286, 858, 95.333, 0.406, 0.427, 87.0, 348, 366, 4, positive
9, 37, 333, 4.111, 0.39, 0.811, 2.03, 130, 270, 64, negative
10, 80, 800, 8.0, 0.308, 0.838, 2.02, 246, 670, 122, negative
23, 26, 598, 1.13, 0.278, 0.96, 1.8, 166, 574, 92, negative
9, 99, 891, 11.0, 0.38, 0.93, 1.92, 339, 829, 177, negative
10, 65, 650, 6.5, 0.475, 0.971, 2.76, 309, 631, 112, negative
9, 36, 324, 4.0, 0.586, 0.948, 3.45, 190, 307, 55, negative
9, 7, 63, 0.778, 0.302, 0.603, 1.9, 19, 38, 10, negative
9, 22, 198, 2.444, 0.389, 0.843, 1.93, 77, 167, 40, negative
23, 118, 2714, 5.13, 0.293, 0.784, 2.06, 795, 2129, 385, negative
11, 125, 1375, 11.364, 0.432, 0.804, 3.03, 594, 1105, 196, negative
1, 18, 18, 18.0, 0.944, 1.0, 17.0, 17, 18, 1, positive
1, 117, 117, 117.0, 0.393, 1.0, 5.75, 46, 117, 8, positive
7, 42, 294, 6.0, 0.293, 0.857, 2.61, 86, 252, 33, negative
7, 16, 112, 2.286, 0.241, 0.634, 2.45, 27, 71, 11, negative
7, 2, 14, 0.286, 0.5, 0.929, 7.0, 7, 13, 1, negative
11, 9, 99, 0.818, 0.515, 0.768, 8.5, 51, 76, 6, negative
11, 7, 77, 0.636, 0.468, 0.481, 36.0, 36, 37, 1, negative
9, 20, 180, 2.222, 0.461, 1.0, 2.59, 83, 180, 32, negative
11, 98, 1078, 8.909, 0.397, 0.778, 2.61, 428, 839, 164, negative
1, 23, 23, 23.0, 0.826, 1.0, 19.0, 19, 23, 1, positive
9, 78, 702, 8.667, 0.329, 0.896, 2.1, 231, 629, 110, negative
21, 106, 2226, 5.048, 0.136, 0.396, 1.99, 302, 881, 152, negative
8, 12, 96, 1.5, 0.469, 1.0, 1.61, 45, 96, 28, negative
12, 102, 1224, 8.5, 0.257, 0.804, 1.77, 315, 984, 178, negative
9, 34, 306, 3.778, 0.363, 0.863, 1.76, 111, 264, 63, negative
8, 75, 600, 9.375, 0.373, 0.955, 1.95, 224, 573, 115, negative
11, 86, 946, 7.818, 0.289, 0.701, 1.98, 273, 663, 138, negative
9, 64, 576, 7.111, 0.491, 0.984, 2.57, 283, 567, 110, negative
11, 118, 1298, 10.727, 0.29, 0.798, 1.99, 376, 1036, 189, negative
8, 14, 112, 1.75, 0.268, 0.554, 3.0, 30, 62, 10, negative
8, 40, 320, 5.0, 0.409, 0.997, 2.22, 131, 319, 59, negative
8, 42, 336, 5.25, 0.39, 0.94, 2.43, 131, 316, 54, negative
13, 77, 1001, 5.923, 0.258, 0.564, 3.04, 258, 565, 85, negative
11, 9, 99, 0.818, 0.404, 0.717, 4.44, 40, 71, 9, negative
10, 8, 80, 0.8, 0.525, 0.875, 7.0, 42, 70, 6, negative
52, 461, 23972, 8.865, 0.192, 0.248, 11.52, 4607, 5938, 400, positive
9, 36, 324, 4.0, 0.506, 0.91, 2.93, 164, 295, 56, negative
9, 21, 189, 2.333, 0.317, 0.778, 2.61, 60, 147, 23, negative
9, 32, 288, 3.556, 0.354, 0.806, 1.7, 102, 232, 60, negative
9, 100, 900, 11.111, 0.276, 0.847, 1.91, 248, 762, 130, negative
9, 9, 81, 1.0, 0.16, 0.864, 1.63, 13, 70, 8, negative
12, 72, 864, 6.0, 0.281, 0.807, 2.15, 243, 697, 113, negative
9, 41, 369, 4.556, 0.374, 0.846, 2.06, 138, 312, 67, negative
11, 8, 88, 0.727, 0.261, 1.0, 2.09, 23, 88, 11, negative
9, 9, 81, 1.0, 0.383, 0.802, 2.38, 31, 65, 13, negative
8, 18, 144, 2.25, 0.472, 1.0, 2.52, 68, 144, 27, negative
7, 6, 42, 0.857, 0.5, 0.548, 21.0, 21, 23, 1, negative
10, 64, 640, 6.4, 0.477, 0.914, 2.8, 305, 585, 109, negative
10, 122, 1220, 12.2, 0.294, 0.689, 2.1, 359, 840, 171, negative
10, 125, 1250, 12.5, 0.456, 0.862, 2.92, 570, 1078, 195, negative
69, 3, 207, 0.043, 0.643, 0.952, 2.08, 133, 197, 64, positive
1, 14, 14, 14.0, 0.929, 1.0, 13.0, 13, 14, 1, positive
1, 36, 36, 36.0, 0.583, 1.0, 4.2, 21, 36, 5, positive
2, 52, 104, 26.0, 0.144, 0.702, 2.5, 15, 73, 6, negative
4, 17, 68, 4.25, 0.309, 0.559, 3.5, 21, 38, 6, negative
5, 44, 220, 8.8, 0.241, 0.791, 2.52, 53, 174, 21, negative
3, 183, 549, 61.0, 0.488, 0.577, 29.78, 268, 317, 9, positive
17, 77, 1309, 4.529, 0.314, 0.76, 2.94, 411, 995, 140, negative
11, 8, 88, 0.727, 0.705, 1.0, 8.86, 62, 88, 7, negative
25, 300, 7500, 12.0, 0.065, 0.071, 40.33, 484, 531, 12, positive
9, 12, 108, 1.333, 0.444, 1.0, 1.85, 48, 108, 26, negative
9, 64, 576, 7.111, 0.307, 0.842, 1.99, 177, 485, 89, negative
12, 83, 996, 6.917, 0.253, 0.756, 1.75, 252, 753, 144, negative
9, 64, 576, 7.111, 0.302, 0.92, 1.98, 174, 530, 88, negative
10, 98, 980, 9.8, 0.3, 0.781, 1.72, 294, 765, 171, negative
9, 36, 324, 4.0, 0.565, 0.944, 3.16, 183, 306, 58, negative
8, 46, 368, 5.75, 0.315, 0.938, 1.78, 116, 345, 65, negative
1, 35, 35, 35.0, 0.857, 1.0, 10.0, 30, 35, 3, positive
8, 43, 344, 5.375, 0.392, 0.927, 2.21, 135, 319, 61, negative
8, 5, 40, 0.625, 0.325, 0.9, 6.5, 13, 36, 2, negative
8, 50, 400, 6.25, 0.253, 0.8, 2.3, 101, 320, 44, negative
8, 21, 168, 2.625, 0.208, 0.762, 2.92, 35, 128, 12, negative
8, 59, 472, 7.375, 0.206, 0.691, 3.13, 97, 326, 31, negative
7, 121, 847, 17.286, 0.272, 0.646, 1.54, 230, 547, 149, negative
1, 148, 148, 148.0, 0.959, 1.0, 47.33, 142, 148, 3, positive
9, 36, 324, 4.0, 0.352, 0.806, 1.75, 114, 261, 65, negative
9, 12, 108, 1.333, 0.407, 0.898, 1.63, 44, 97, 27, negative
8, 82, 656, 10.25, 0.358, 0.84, 2.24, 235, 551, 105, negative
9, 46, 414, 5.111, 0.338, 0.872, 1.67, 140, 361, 84, negative
1, 84, 84, 84.0, 0.917, 1.0, 19.25, 77, 84, 4, positive
1, 73, 73, 73.0, 0.616, 1.0, 3.75, 45, 73, 12, positive
8, 46, 368, 5.75, 0.356, 0.927, 2.11, 131, 341, 62, negative
21, 2, 42, 0.095, 0.738, 0.738, 31.0, 31, 31, 1, positive
10, 31, 310, 3.1, 0.3, 0.813, 3.32, 93, 252, 28, negative
22, 72, 1584, 3.273, 0.469, 0.848, 8.64, 743, 1343, 86, negative
9, 76, 684, 8.444, 0.358, 0.795, 2.19, 245, 544, 112, negative
7, 190, 1330, 27.143, 0.293, 0.847, 1.79, 390, 1126, 218, negative
7, 49, 343, 7.0, 0.297, 0.641, 2.08, 102, 220, 49, negative
10, 35, 350, 3.5, 0.38, 0.829, 2.02, 133, 290, 66, negative
13, 65, 845, 5.0, 0.302, 0.677, 2.58, 255, 572, 99, negative
14, 1, 14, 0.071, 1.0, 1.0, 14.0, 14, 14, 1, positive
2, 6, 12, 3.0, 0.667, 1.0, 4.0, 8, 12, 2, positive
5, 39, 195, 7.8, 0.338, 0.882, 1.74, 66, 172, 38, negative
13, 1, 13, 0.077, 1.0, 1.0, 13.0, 13, 13, 1, positive
15, 1, 15, 0.067, 1.0, 1.0, 15.0, 15, 15, 1, positive
22, 72, 1584, 3.273, 0.52, 0.856, 10.04, 823, 1356, 82, negative
8, 72, 576, 9.0, 0.399, 0.811, 2.25, 230, 467, 102, negative
10, 94, 940, 9.4, 0.25, 0.721, 1.7, 235, 678, 138, negative
10, 108, 1080, 10.8, 0.297, 0.831, 1.84, 321, 897, 174, negative
13, 407, 5291, 31.308, 0.266, 0.649, 2.31, 1406, 3435, 609, negative
14, 410, 5740, 29.286, 0.241, 0.592, 2.4, 1382, 3400, 576, negative
12, 307, 3684, 25.583, 0.29, 0.771, 2.41, 1068, 2842, 444, negative
10, 34, 340, 3.4, 0.426, 0.656, 3.02, 145, 223, 48, negative
9, 33, 297, 3.667, 0.377, 0.842, 2.24, 112, 250, 50, negative
11, 79, 869, 7.182, 0.342, 0.841, 2.2, 297, 731, 135, negative
6, 114, 684, 19.0, 0.278, 0.741, 1.76, 190, 507, 108, negative
6, 90, 540, 15.0, 0.298, 0.77, 1.55, 161, 416, 104, negative
8, 46, 368, 5.75, 0.266, 0.886, 1.85, 98, 326, 53, negative
8, 17, 136, 2.125, 0.456, 0.824, 2.38, 62, 112, 26, negative
14, 217, 3038, 15.5, 0.268, 0.632, 2.12, 813, 1919, 383, negative
7, 71, 497, 10.143, 0.394, 0.958, 1.87, 196, 476, 105, negative
8, 133, 1064, 16.625, 0.272, 0.825, 1.78, 289, 878, 162, negative
6, 29, 174, 4.833, 0.333, 0.799, 1.53, 58, 139, 38, negative
12, 129, 1548, 10.75, 0.303, 0.711, 2.51, 469, 1100, 187, negative
9, 119, 1071, 13.222, 0.422, 0.965, 2.34, 452, 1033, 193, negative
7, 14, 98, 2.0, 0.49, 0.939, 2.53, 48, 92, 19, negative
12, 84, 1008, 7.0, 0.331, 0.792, 2.35, 334, 798, 142, negative
9, 107, 963, 11.889, 0.375, 0.861, 1.94, 361, 829, 186, negative
9, 45, 405, 5.0, 0.279, 0.785, 2.17, 113, 318, 52, negative
8, 190, 1520, 23.75, 0.326, 0.63, 2.22, 495, 957, 223, negative
8, 130, 1040, 16.25, 0.36, 0.876, 2.21, 374, 911, 169, negative
6, 50, 300, 8.333, 0.397, 0.713, 2.38, 119, 214, 50, negative
11, 35, 385, 3.182, 0.351, 0.652, 2.25, 135, 251, 60, negative
9, 42, 378, 4.667, 0.378, 0.841, 2.65, 143, 318, 54, negative
12, 410, 4920, 34.167, 0.324, 0.706, 2.47, 1595, 3474, 645, negative
13, 277, 3601, 21.308, 0.293, 0.636, 2.59, 1054, 2292, 407, negative
31, 71, 2201, 2.29, 0.159, 0.296, 10.29, 350, 651, 34, positive
9, 91, 819, 10.111, 0.321, 0.908, 1.95, 263, 744, 135, negative
8, 62, 496, 7.75, 0.363, 0.925, 2.12, 180, 459, 85, negative
9, 37, 333, 4.111, 0.517, 0.934, 2.82, 172, 311, 61, negative
3, 259, 777, 86.333, 0.411, 0.481, 13.29, 319, 374, 24, positive
12, 124, 1488, 10.333, 0.3, 0.869, 1.96, 447, 1293, 228, negative
9, 12, 108, 1.333, 0.62, 0.944, 4.79, 67, 102, 14, negative
9, 13, 117, 1.444, 0.53, 0.88, 3.26, 62, 103, 19, negative
9, 5, 45, 0.556, 0.467, 0.556, 10.5, 21, 25, 2, negative
13, 498, 6474, 38.308, 0.281, 0.688, 2.28, 1820, 4453, 799, negative
12, 497, 5964, 41.417, 0.269, 0.594, 2.44, 1605, 3544, 658, negative
9, 42, 378, 4.667, 0.384, 0.817, 2.38, 145, 309, 61, negative
8, 40, 320, 5.0, 0.463, 0.969, 2.47, 148, 310, 60, negative
12, 67, 804, 5.583, 0.35, 0.693, 2.84, 281, 557, 99, negative
6, 39, 234, 6.5, 0.303, 0.739, 1.58, 71, 173, 45, negative
5, 88, 440, 17.6, 0.364, 0.775, 1.67, 160, 341, 96, negative
22, 70, 1540, 3.182, 0.525, 0.838, 11.54, 808, 1290, 70, negative
7, 191, 1337, 27.286, 0.307, 0.748, 1.66, 411, 1000, 247, negative
8, 68, 544, 8.5, 0.336, 0.868, 1.91, 183, 472, 96, negative
8, 69, 552, 8.625, 0.312, 0.842, 1.91, 172, 465, 90, negative
10, 127, 1270, 12.7, 0.388, 0.798, 2.35, 493, 1014, 210, negative
9, 91, 819, 10.111, 0.233, 0.789, 1.71, 191, 646, 112, negative
8, 61, 488, 7.625, 0.316, 0.967, 2.03, 154, 472, 76, negative
5, 43, 215, 8.6, 0.405, 0.981, 1.61, 87, 211, 54, negative
38, 410, 15580, 10.789, 0.279, 0.696, 2.39, 4341, 10849, 1815, negative
11, 104, 1144, 9.455, 0.377, 0.779, 2.57, 431, 891, 168, negative
8, 185, 1480, 23.125, 0.265, 0.611, 1.97, 392, 905, 199, negative
27, 115, 3105, 4.259, 0.293, 0.672, 2.35, 910, 2087, 388, negative
8, 132, 1056, 16.5, 0.36, 0.921, 2.1, 380, 973, 181, negative
6, 101, 606, 16.833, 0.393, 0.752, 1.98, 238, 456, 120, negative
13, 348, 4524, 26.769, 0.308, 0.721, 2.57, 1395, 3262, 543, negative
10, 20, 200, 2.0, 0.4, 0.605, 3.48, 80, 121, 23, negative
12, 69, 828, 5.75, 0.4, 0.74, 3.48, 331, 613, 95, negative
10, 33, 330, 3.3, 0.282, 0.839, 1.82, 93, 277, 51, negative
7, 389, 2723, 55.571, 0.167, 0.584, 1.19, 455, 1591, 381, negative
18, 79, 1422, 4.389, 0.257, 0.616, 3.17, 365, 876, 115, negative
9, 23, 207, 2.556, 0.169, 0.319, 2.92, 35, 66, 12, negative
10, 26, 260, 2.6, 0.312, 0.577, 2.03, 81, 150, 40, negative
85, 69, 5865, 0.812, 0.165, 0.441, 1.44, 969, 2588, 674, positive
8, 67, 536, 8.375, 0.392, 0.724, 2.31, 210, 388, 91, negative
7, 12, 84, 1.714, 0.476, 0.762, 2.86, 40, 64, 14, negative
7, 26, 182, 3.714, 0.33, 0.786, 2.07, 60, 143, 29, negative
9, 272, 2448, 30.222, 0.269, 0.696, 1.93, 659, 1704, 342, negative
10, 272, 2720, 27.2, 0.232, 0.65, 1.98, 631, 1767, 319, negative
5, 12, 60, 2.4, 0.133, 0.267, 4.0, 8, 16, 2, positive
9, 198, 1782, 22.0, 0.289, 0.681, 1.88, 515, 1213, 274, negative
7, 22, 154, 3.143, 0.156, 0.519, 1.6, 24, 80, 15, negative
8, 21, 168, 2.625, 0.28, 0.923, 1.38, 47, 155, 34, negative
7, 7, 49, 1.0, 0.367, 1.0, 1.38, 18, 49, 13, negative
100, 49, 4900, 0.49, 0.093, 0.4, 1.77, 458, 1958, 259, positive
10, 7, 70, 0.7, 0.157, 0.6, 1.57, 11, 42, 7, positive
81, 49, 3969, 0.605, 0.113, 0.398, 2.26, 449, 1580, 199, positive
7, 47, 329, 6.714, 0.158, 0.289, 5.78, 52, 95, 9, positive
8, 9, 72, 1.125, 0.125, 0.319, 4.5, 9, 23, 2, positive
10, 272, 2720, 27.2, 0.206, 0.786, 1.4, 559, 2139, 399, negative
2, 49, 98, 24.5, 0.51, 0.51, 50.0, 50, 50, 1, positive
10, 100, 1000, 10.0, 0.212, 0.702, 1.45, 212, 702, 146, negative
8, 135, 1080, 16.875, 0.077, 0.294, 1.54, 83, 317, 54, negative
10, 261, 2610, 26.1, 0.183, 0.515, 1.49, 477, 1343, 321, negative
11, 272, 2992, 24.727, 0.171, 0.61, 1.47, 511, 1824, 348, negative
10, 93, 930, 9.3, 0.206, 0.794, 1.48, 192, 738, 130, negative
11, 271, 2981, 24.636, 0.162, 0.542, 1.36, 483, 1616, 355, negative
11, 189, 2079, 17.182, 0.174, 0.613, 1.41, 361, 1275, 256, negative
8, 65, 520, 8.125, 0.269, 0.725, 1.4, 140, 377, 100, negative
10, 147, 1470, 14.7, 0.168, 0.55, 1.29, 247, 809, 191, negative
10, 173, 1730, 17.3, 0.09, 0.375, 1.52, 155, 649, 102, negative
9, 258, 2322, 28.667, 0.173, 0.581, 1.28, 401, 1350, 313, negative
11, 243, 2673, 22.091, 0.117, 0.342, 1.41, 314, 914, 223, negative
7, 14, 98, 2.0, 0.357, 0.959, 1.84, 35, 94, 19, negative
8, 46, 368, 5.75, 0.285, 0.791, 1.42, 105, 291, 74, negative
8, 71, 568, 8.875, 0.136, 0.384, 1.31, 77, 218, 59, negative
6, 187, 1122, 31.167, 0.188, 0.591, 1.26, 211, 663, 168, negative
6, 15, 90, 2.5, 0.278, 0.744, 1.92, 25, 67, 13, negative
10, 215, 2150, 21.5, 0.133, 0.464, 1.2, 287, 997, 239, negative
8, 15, 120, 1.875, 0.3, 0.642, 1.57, 36, 77, 23, negative
2, 7, 14, 3.5, 0.5, 0.929, 3.5, 7, 13, 2, negative
7, 18, 126, 2.571, 0.31, 0.96, 1.39, 39, 121, 28, negative
1, 10, 10, 10.0, 0.8, 1.0, 4.0, 8, 10, 2, negative
5, 12, 60, 2.4, 0.317, 0.75, 1.46, 19, 45, 13, negative
5, 21, 105, 4.2, 0.295, 0.733, 1.48, 31, 77, 21, negative
5, 6, 30, 1.2, 0.333, 0.967, 2.5, 10, 29, 4, negative
5, 6, 30, 1.2, 0.367, 0.767, 3.67, 11, 23, 3, negative
5, 34, 170, 6.8, 0.224, 0.606, 1.31, 38, 103, 29, negative
5, 30, 150, 6.0, 0.36, 0.947, 1.26, 54, 142, 43, negative
7, 14, 98, 2.0, 0.337, 0.99, 1.65, 33, 97, 20, negative
7, 32, 224, 4.571, 0.339, 0.786, 1.46, 76, 176, 52, negative
9, 29, 261, 3.222, 0.234, 0.709, 1.3, 61, 185, 47, negative
4, 18, 72, 4.5, 0.333, 0.667, 1.71, 24, 48, 14, negative
9, 16, 144, 1.778, 0.222, 0.479, 1.33, 32, 69, 24, negative
7, 41, 287, 5.857, 0.209, 0.652, 1.36, 60, 187, 44, negative
6, 7, 42, 1.167, 0.405, 0.833, 1.89, 17, 35, 9, negative
6, 41, 246, 6.833, 0.232, 0.927, 1.3, 57, 228, 44, negative
7, 40, 280, 5.714, 0.229, 0.686, 1.28, 64, 192, 50, negative
7, 54, 378, 7.714, 0.267, 0.619, 1.42, 101, 234, 71, negative
5, 32, 160, 6.4, 0.431, 0.988, 1.47, 69, 158, 47, negative
5, 13, 65, 2.6, 0.262, 0.692, 1.42, 17, 45, 12, negative
6, 24, 144, 4.0, 0.257, 0.771, 1.42, 37, 111, 26, negative
6, 13, 78, 2.167, 0.282, 0.936, 1.57, 22, 73, 14, negative
1, 41, 41, 41.0, 0.78, 1.0, 4.57, 32, 41, 7, positive
10, 12, 120, 1.2, 0.225, 0.558, 2.7, 27, 67, 10, negative
10, 19, 190, 1.9, 0.142, 0.326, 3.0, 27, 62, 9, negative
1, 22, 22, 22.0, 0.5, 1.0, 1.83, 11, 22, 6, positive
10, 53, 530, 5.3, 0.215, 0.781, 1.44, 114, 414, 79, negative
8, 43, 344, 5.375, 0.212, 0.721, 1.4, 73, 248, 52, negative
7, 8, 56, 1.143, 0.375, 0.964, 1.62, 21, 54, 13, negative
7, 17, 119, 2.429, 0.395, 0.782, 1.81, 47, 93, 26, negative
9, 46, 414, 5.111, 0.242, 0.737, 1.47, 100, 305, 68, negative
5, 3, 15, 0.6, 0.6, 0.867, 4.5, 9, 13, 2, negative
8, 26, 208, 3.25, 0.25, 0.808, 1.37, 52, 168, 38, negative
8, 27, 216, 3.375, 0.208, 0.852, 1.45, 45, 184, 31, negative
7, 18, 126, 2.571, 0.206, 0.651, 2.17, 26, 82, 12, negative
7, 9, 63, 1.286, 0.349, 0.905, 2.2, 22, 57, 10, negative
7, 4, 28, 0.571, 0.286, 0.964, 8.0, 8, 27, 1, negative
7, 6, 42, 0.857, 0.452, 1.0, 1.9, 19, 42, 10, negative
7, 7, 49, 1.0, 0.408, 0.857, 2.22, 20, 42, 9, negative
9, 22, 198, 2.444, 0.192, 0.697, 1.31, 38, 138, 29, negative
6, 22, 132, 3.667, 0.326, 1.0, 1.3, 43, 132, 33, negative
7, 16, 112, 2.286, 0.259, 0.705, 1.38, 29, 79, 21, negative
7, 11, 77, 1.571, 0.364, 0.922, 1.75, 28, 71, 16, negative
5, 14, 70, 2.8, 0.414, 0.943, 1.38, 29, 66, 21, negative
9, 37, 333, 4.111, 0.213, 0.706, 1.54, 71, 235, 46, negative
7, 11, 77, 1.571, 0.351, 0.922, 1.59, 27, 71, 17, negative
7, 66, 462, 9.429, 0.294, 0.924, 1.46, 136, 427, 93, negative
7, 9, 63, 1.286, 0.286, 0.968, 1.2, 18, 61, 15, negative
7, 15, 105, 2.143, 0.229, 0.981, 1.41, 24, 103, 17, negative
7, 11, 77, 1.571, 0.364, 1.0, 1.33, 28, 77, 21, negative
9, 55, 495, 6.111, 0.259, 0.699, 1.47, 128, 346, 87, negative
9, 41, 369, 4.556, 0.244, 0.661, 1.32, 90, 244, 68, negative
6, 49, 294, 8.167, 0.286, 0.694, 1.38, 84, 204, 61, negative
7, 13, 91, 1.857, 0.297, 0.857, 1.17, 27, 78, 23, negative
7, 7, 49, 1.0, 0.245, 1.0, 1.71, 12, 49, 7, negative
9, 21, 189, 2.333, 0.206, 0.778, 1.22, 39, 147, 32, negative
9, 32, 288, 3.556, 0.24, 0.913, 1.5, 69, 263, 46, negative
8, 16, 128, 2.0, 0.234, 0.922, 1.58, 30, 118, 19, negative
6, 10, 60, 1.667, 0.333, 0.75, 1.54, 20, 45, 13, negative
6, 25, 150, 4.167, 0.273, 0.787, 1.17, 41, 118, 35, negative
8, 11, 88, 1.375, 0.318, 1.0, 1.4, 28, 88, 20, negative
7, 43, 301, 6.143, 0.249, 0.807, 1.29, 75, 243, 58, negative
7, 38, 266, 5.429, 0.248, 0.955, 1.32, 66, 254, 50, negative
5, 7, 35, 1.4, 0.457, 1.0, 2.0, 16, 35, 8, negative
10, 47, 470, 4.7, 0.198, 0.781, 1.29, 93, 367, 72, negative
7, 27, 189, 3.857, 0.079, 0.175, 2.5, 15, 33, 6, negative
9, 47, 423, 5.222, 0.279, 0.773, 1.53, 118, 327, 77, negative
7, 7, 49, 1.0, 0.347, 0.98, 2.13, 17, 48, 8, negative
7, 11, 77, 1.571, 0.403, 0.974, 1.48, 31, 75, 21, negative
7, 11, 77, 1.571, 0.364, 0.727, 1.56, 28, 56, 18, negative
7, 23, 161, 3.286, 0.329, 0.845, 1.66, 53, 136, 32, negative
5, 19, 95, 3.8, 0.442, 0.937, 1.5, 42, 89, 28, negative
6, 6, 36, 1.0, 0.361, 1.0, 1.44, 13, 36, 9, negative
6, 7, 42, 1.167, 0.357, 0.762, 2.14, 15, 32, 7, negative
7, 9, 63, 1.286, 0.381, 0.857, 2.0, 24, 54, 12, negative
7, 14, 98, 2.0, 0.357, 0.969, 1.52, 35, 95, 23, negative
7, 11, 77, 1.571, 0.39, 0.792, 1.58, 30, 61, 19, negative
7, 20, 140, 2.857, 0.379, 1.0, 1.61, 53, 140, 33, negative
7, 51, 357, 7.286, 0.322, 0.784, 1.49, 115, 280, 77, negative
7, 39, 273, 5.571, 0.33, 0.853, 1.43, 90, 233, 63, negative
7, 17, 119, 2.429, 0.261, 0.95, 1.82, 31, 113, 17, negative
6, 13, 78, 2.167, 0.269, 0.667, 1.5, 21, 52, 14, negative
7, 21, 147, 3.0, 0.327, 0.912, 1.71, 48, 134, 28, negative
1, 14, 14, 14.0, 0.571, 1.0, 2.67, 8, 14, 3, negative
8, 26, 208, 3.25, 0.236, 0.779, 1.26, 49, 162, 39, negative
7, 7, 49, 1.0, 0.265, 0.796, 1.44, 13, 39, 9, negative
7, 17, 119, 2.429, 0.336, 0.908, 1.48, 40, 108, 27, negative
7, 24, 168, 3.429, 0.244, 0.774, 1.46, 41, 130, 28, negative
9, 30, 270, 3.333, 0.248, 0.937, 1.46, 67, 253, 46, negative
7, 5, 35, 0.714, 0.257, 1.0, 1.13, 9, 35, 8, negative
9, 72, 648, 8.0, 0.241, 0.548, 1.61, 156, 355, 97, negative
7, 32, 224, 4.571, 0.308, 0.777, 1.25, 69, 174, 55, negative
7, 43, 301, 6.143, 0.292, 0.85, 1.33, 88, 256, 66, negative
6, 11, 66, 1.833, 0.303, 0.97, 1.33, 20, 64, 15, negative
7, 11, 77, 1.571, 0.299, 1.0, 1.77, 23, 77, 13, negative
9, 43, 387, 4.778, 0.274, 0.605, 1.68, 106, 234, 63, negative
6, 10, 60, 1.667, 0.4, 0.967, 1.5, 24, 58, 16, negative
6, 11, 66, 1.833, 0.394, 0.955, 1.53, 26, 63, 17, negative
6, 13, 78, 2.167, 0.308, 1.0, 1.41, 24, 78, 17, negative
8, 16, 128, 2.0, 0.211, 0.672, 1.42, 27, 86, 19, negative
4, 20, 80, 5.0, 0.388, 0.925, 1.41, 31, 74, 22, negative
7, 46, 322, 6.571, 0.354, 0.994, 1.46, 114, 320, 78, negative
8, 17, 136, 2.125, 0.199, 0.603, 3.0, 27, 82, 9, negative
7, 14, 98, 2.0, 0.316, 0.847, 1.48, 31, 83, 21, negative
7, 19, 133, 2.714, 0.203, 0.406, 2.25, 27, 54, 12, negative
7, 20, 140, 2.857, 0.25, 0.657, 1.46, 35, 92, 24, negative
7, 24, 168, 3.429, 0.268, 0.708, 1.61, 45, 119, 28, negative
6, 44, 264, 7.333, 0.254, 0.689, 1.68, 67, 182, 40, negative
6, 19, 114, 3.167, 0.333, 0.93, 1.27, 38, 106, 30, negative
7, 21, 147, 3.0, 0.259, 0.837, 1.46, 38, 123, 26, negative
7, 11, 77, 1.571, 0.416, 0.818, 2.0, 32, 63, 16, negative
7, 9, 63, 1.286, 0.349, 0.746, 1.69, 22, 47, 13, negative
9, 22, 198, 2.444, 0.212, 0.763, 1.62, 42, 151, 26, negative
7, 51, 357, 7.286, 0.283, 0.91, 1.35, 101, 325, 75, negative
6, 26, 156, 4.333, 0.288, 0.679, 1.41, 45, 106, 32, negative
9, 28, 252, 3.111, 0.258, 0.607, 1.51, 65, 153, 43, negative
7, 20, 140, 2.857, 0.357, 0.7, 1.85, 50, 98, 27, negative
7, 11, 77, 1.571, 0.416, 0.974, 1.52, 32, 75, 21, negative
7, 23, 161, 3.286, 0.273, 0.839, 1.47, 44, 135, 30, negative
5, 17, 85, 3.4, 0.388, 0.859, 1.83, 33, 73, 18, negative
5, 40, 200, 8.0, 0.44, 0.935, 1.4, 88, 187, 63, negative
9, 39, 351, 4.333, 0.259, 0.695, 1.49, 91, 244, 61, negative
9, 26, 234, 2.889, 0.291, 0.795, 1.74, 68, 186, 39, negative
7, 17, 119, 2.429, 0.336, 0.874, 1.74, 40, 104, 23, negative
9, 34, 306, 3.778, 0.209, 0.493, 1.42, 64, 151, 45, negative
7, 59, 413, 8.429, 0.228, 0.659, 1.24, 94, 272, 76, negative
5, 32, 160, 6.4, 0.406, 1.0, 1.41, 65, 160, 46, negative
6, 12, 72, 2.0, 0.375, 0.944, 1.5, 27, 68, 18, negative
7, 44, 308, 6.286, 0.169, 0.455, 1.58, 52, 140, 33, negative
9, 86, 774, 9.556, 0.211, 0.517, 1.29, 163, 400, 126, negative
5, 27, 135, 5.4, 0.304, 0.889, 1.41, 41, 120, 29, negative
7, 26, 182, 3.714, 0.346, 0.725, 1.5, 63, 132, 42, negative
7, 36, 252, 5.143, 0.262, 0.671, 1.27, 66, 169, 52, negative
7, 10, 70, 1.429, 0.329, 0.814, 1.28, 23, 57, 18, negative
9, 11, 99, 1.222, 0.283, 0.939, 1.56, 28, 93, 18, negative
9, 16, 144, 1.778, 0.215, 0.764, 1.55, 31, 110, 20, negative
7, 47, 329, 6.714, 0.258, 0.763, 1.29, 85, 251, 66, negative
7, 9, 63, 1.286, 0.302, 0.841, 1.73, 19, 53, 11, negative
7, 17, 119, 2.429, 0.269, 0.899, 1.52, 32, 107, 21, negative
7, 11, 77, 1.571, 0.338, 0.883, 1.63, 26, 68, 16, negative
6, 23, 138, 3.833, 0.283, 0.891, 1.11, 39, 123, 35, negative
5, 11, 55, 2.2, 0.436, 0.891, 1.71, 24, 49, 14, negative
7, 13, 91, 1.857, 0.286, 0.868, 1.37, 26, 79, 19, negative
9, 201, 1809, 22.333, 0.152, 0.456, 1.27, 275, 825, 216, negative
9, 42, 378, 4.667, 0.198, 0.563, 1.15, 75, 213, 65, negative
9, 184, 1656, 20.444, 0.206, 0.659, 1.36, 341, 1091, 251, negative
5, 11, 55, 2.2, 0.4, 0.927, 1.57, 22, 51, 14, negative
7, 18, 126, 2.571, 0.27, 0.881, 1.36, 34, 111, 25, negative
7, 13, 91, 1.857, 0.407, 0.978, 1.76, 37, 89, 21, negative
5, 3, 15, 0.6, 0.6, 0.933, 3.0, 9, 14, 3, negative
7, 13, 91, 1.857, 0.275, 0.824, 1.32, 25, 75, 19, negative
10, 39, 390, 3.9, 0.285, 0.546, 1.91, 111, 213, 58, negative
8, 19, 152, 2.375, 0.382, 0.724, 1.93, 58, 110, 30, negative
8, 46, 368, 5.75, 0.34, 0.611, 1.79, 125, 225, 70, negative
8, 9, 72, 1.125, 0.319, 0.639, 2.09, 23, 46, 11, negative
9, 6, 54, 0.667, 0.407, 0.519, 5.5, 22, 28, 4, positive
10, 12, 120, 1.2, 0.208, 0.583, 1.67, 25, 70, 15, positive
8, 9, 72, 1.125, 0.375, 0.889, 1.8, 27, 64, 15, negative
8, 43, 344, 5.375, 0.398, 0.945, 1.69, 137, 325, 81, negative
10, 29, 290, 2.9, 0.307, 0.855, 1.85, 89, 248, 48, negative
10, 33, 330, 3.3, 0.321, 0.852, 2.47, 106, 281, 43, negative
8, 12, 96, 1.5, 0.427, 1.0, 1.64, 41, 96, 25, negative
8, 1, 8, 0.125, 0.875, 1.0, 7.0, 7, 8, 1, positive
16, 21, 336, 1.313, 0.095, 0.515, 1.6, 32, 173, 20, positive
8, 16, 128, 2.0, 0.477, 0.875, 2.44, 61, 112, 25, negative
11, 42, 462, 3.818, 0.292, 0.76, 1.93, 135, 351, 70, negative
29, 48, 1392, 1.655, 0.116, 0.268, 5.06, 162, 373, 32, positive
11, 57, 627, 5.182, 0.295, 0.719, 2.47, 185, 451, 75, negative
10, 79, 790, 7.9, 0.324, 0.671, 2.19, 256, 530, 117, negative
8, 9, 72, 1.125, 0.389, 0.736, 2.15, 28, 53, 13, negative
8, 36, 288, 4.5, 0.458, 0.875, 2.03, 132, 252, 65, negative
8, 19, 152, 2.375, 0.401, 0.98, 1.97, 61, 149, 31, negative
9, 39, 351, 4.333, 0.368, 0.729, 2.58, 129, 256, 50, negative
19, 47, 893, 2.474, 0.078, 0.112, 3.89, 70, 100, 18, positive
2, 9, 18, 4.5, 0.556, 0.556, 10.0, 10, 10, 1, positive
11, 22, 242, 2.0, 0.277, 0.731, 1.86, 67, 177, 36, negative
9, 15, 135, 1.667, 0.378, 0.963, 2.43, 51, 130, 21, negative
10, 33, 330, 3.3, 0.391, 0.982, 2.05, 129, 324, 63, negative
10, 6, 60, 0.6, 0.433, 1.0, 2.6, 26, 60, 10, negative
19, 13, 247, 0.684, 0.215, 0.551, 1.51, 53, 136, 35, negative
9, 91, 819, 10.111, 0.32, 0.773, 2.2, 262, 633, 119, negative
8, 23, 184, 2.875, 0.359, 0.94, 1.65, 66, 173, 40, negative
8, 4, 32, 0.5, 0.438, 0.594, 7.0, 14, 19, 2, positive
6, 5, 30, 0.833, 0.367, 1.0, 2.2, 11, 30, 5, positive
8, 23, 184, 2.875, 0.337, 0.783, 1.94, 62, 144, 32, negative
8, 34, 272, 4.25, 0.371, 0.765, 2.1, 101, 208, 48, negative
4, 11, 44, 2.75, 0.159, 0.932, 1.75, 7, 41, 4, positive
8, 36, 288, 4.5, 0.406, 1.0, 1.89, 117, 288, 62, negative
52, 48, 2496, 0.923, 0.138, 0.248, 7.67, 345, 619, 45, positive
11, 52, 572, 4.727, 0.28, 0.605, 2.05, 160, 346, 78, negative
10, 59, 590, 5.9, 0.269, 0.69, 1.81, 159, 407, 88, negative
8, 49, 392, 6.125, 0.406, 0.742, 1.81, 159, 291, 88, negative
9, 26, 234, 2.889, 0.385, 0.85, 1.88, 90, 199, 48, negative
8, 1, 8, 0.125, 1.0, 1.0, 8.0, 8, 8, 1, positive
11, 12, 132, 1.091, 0.455, 0.977, 2.22, 60, 129, 27, negative
9, 43, 387, 4.778, 0.344, 0.982, 1.82, 133, 380, 73, negative
7, 47, 329, 6.714, 0.38, 0.757, 2.31, 125, 249, 54, negative
11, 79, 869, 7.182, 0.321, 0.713, 2.11, 279, 620, 132, negative
4, 19, 76, 4.75, 0.276, 0.382, 5.25, 21, 29, 4, positive
11, 272, 2992, 24.727, 0.275, 0.743, 2.1, 824, 2222, 392, negative
8, 8, 64, 1.0, 0.391, 0.781, 2.78, 25, 50, 9, negative
9, 272, 2448, 30.222, 0.269, 0.763, 1.87, 659, 1868, 353, negative
9, 35, 315, 3.889, 0.33, 0.835, 2.0, 104, 263, 52, negative
8, 12, 96, 1.5, 0.385, 0.802, 2.18, 37, 77, 17, negative
6, 4, 24, 0.667, 0.667, 1.0, 8.0, 16, 24, 2, negative
9, 1, 9, 0.111, 1.0, 1.0, 9.0, 9, 9, 1, negative
8, 25, 200, 3.125, 0.37, 0.73, 2.06, 74, 146, 36, negative
8, 31, 248, 3.875, 0.411, 0.742, 2.04, 102, 184, 50, negative
8, 23, 184, 2.875, 0.38, 0.989, 1.75, 70, 182, 40, negative
8, 18, 144, 2.25, 0.403, 0.931, 1.81, 58, 134, 32, negative
8, 32, 256, 4.0, 0.367, 0.688, 2.47, 94, 176, 38, negative
11, 98, 1078, 8.909, 0.276, 0.602, 2.15, 297, 649, 138, negative
9, 35, 315, 3.889, 0.381, 0.806, 2.14, 120, 254, 56, negative
7, 38, 266, 5.429, 0.414, 0.846, 2.44, 110, 225, 45, negative
9, 16, 144, 1.778, 0.382, 0.743, 2.29, 55, 107, 24, negative
8, 24, 192, 3.0, 0.406, 0.818, 2.23, 78, 157, 35, negative
7, 31, 217, 4.429, 0.461, 0.991, 2.44, 100, 215, 41, negative
7, 5, 35, 0.714, 0.514, 0.8, 9.0, 18, 28, 2, negative
5, 18, 90, 3.6, 0.689, 1.0, 3.44, 62, 90, 18, negative
11, 13, 143, 1.182, 0.35, 0.783, 2.08, 50, 112, 24, negative
8, 10, 80, 1.25, 0.388, 0.913, 2.21, 31, 73, 14, negative
8, 16, 128, 2.0, 0.398, 0.828, 2.68, 51, 106, 19, negative
8, 16, 128, 2.0, 0.516, 1.0, 2.54, 66, 128, 26, negative
8, 9, 72, 1.125, 0.528, 0.958, 3.17, 38, 69, 12, negative
9, 17, 153, 1.889, 0.451, 0.941, 2.46, 69, 144, 28, negative
10, 48, 480, 4.8, 0.36, 0.863, 2.16, 173, 414, 80, negative
8, 15, 120, 1.875, 0.433, 0.975, 2.0, 52, 117, 26, negative
9, 23, 207, 2.556, 0.362, 0.831, 1.92, 75, 172, 39, negative
8, 12, 96, 1.5, 0.469, 0.948, 2.14, 45, 91, 21, negative
11, 272, 2992, 24.727, 0.283, 0.703, 1.97, 847, 2103, 431, negative
9, 20, 180, 2.222, 0.361, 0.7, 2.32, 65, 126, 28, negative
9, 29, 261, 3.222, 0.414, 0.966, 2.4, 108, 252, 45, negative
8, 20, 160, 2.5, 0.456, 1.0, 2.35, 73, 160, 31, negative
8, 18, 144, 2.25, 0.403, 0.896, 2.52, 58, 129, 23, negative
11, 245, 2695, 22.273, 0.252, 0.829, 1.86, 678, 2235, 365, negative
6, 36, 216, 6.0, 0.509, 0.991, 2.0, 110, 214, 55, negative
11, 60, 660, 5.455, 0.32, 0.608, 2.01, 211, 401, 105, negative
6, 9, 54, 1.5, 0.556, 1.0, 2.14, 30, 54, 14, negative
8, 8, 64, 1.0, 0.516, 1.0, 2.36, 33, 64, 14, negative
11, 25, 275, 2.273, 0.335, 0.931, 2.56, 92, 256, 36, negative
10, 32, 320, 3.2, 0.338, 0.816, 1.83, 108, 261, 59, negative
12, 271, 3252, 22.583, 0.232, 0.548, 1.93, 753, 1782, 390, negative
11, 96, 1056, 8.727, 0.277, 0.68, 1.83, 292, 718, 160, negative
10, 30, 300, 3.0, 0.307, 0.94, 1.96, 92, 282, 47, negative
8, 16, 128, 2.0, 0.43, 0.859, 2.2, 55, 110, 25, negative
8, 8, 64, 1.0, 0.344, 0.922, 1.83, 22, 59, 12, negative
8, 12, 96, 1.5, 0.458, 0.938, 2.59, 44, 90, 17, negative
10, 61, 610, 6.1, 0.305, 0.952, 1.98, 186, 581, 94, negative
6, 36, 216, 6.0, 0.495, 0.995, 1.91, 107, 215, 56, negative
11, 50, 550, 4.545, 0.255, 0.56, 1.89, 140, 308, 74, negative
9, 54, 486, 6.0, 0.391, 0.817, 1.98, 190, 397, 96, negative
10, 41, 410, 4.1, 0.312, 0.734, 1.94, 128, 301, 66, negative
10, 7, 70, 0.7, 0.329, 0.986, 1.77, 23, 69, 13, negative
8, 8, 64, 1.0, 0.438, 1.0, 2.33, 28, 64, 12, negative
11, 44, 484, 4.0, 0.314, 0.75, 1.92, 152, 363, 79, negative
11, 233, 2563, 21.182, 0.245, 0.677, 1.8, 629, 1734, 349, negative
7, 35, 245, 5.0, 0.408, 0.755, 2.38, 100, 185, 42, negative
8, 12, 96, 1.5, 0.438, 0.927, 2.1, 42, 89, 20, negative
8, 15, 120, 1.875, 0.375, 0.85, 1.88, 45, 102, 24, negative
8, 4, 32, 0.5, 0.438, 0.656, 4.67, 14, 21, 3, negative
10, 26, 260, 2.6, 0.3, 0.954, 1.59, 78, 248, 49, negative
8, 17, 136, 2.125, 0.36, 0.831, 1.96, 49, 113, 25, negative
8, 26, 208, 3.25, 0.346, 0.909, 1.85, 72, 189, 39, negative
8, 9, 72, 1.125, 0.361, 0.722, 1.86, 26, 52, 14, negative
8, 37, 296, 4.625, 0.392, 0.753, 1.93, 116, 223, 60, negative
11, 29, 319, 2.636, 0.32, 0.618, 2.22, 102, 197, 46, negative
6, 39, 234, 6.5, 0.393, 0.927, 1.77, 92, 217, 52, negative
8, 8, 64, 1.0, 0.391, 1.0, 2.5, 25, 64, 10, negative
6, 10, 60, 1.667, 0.433, 0.867, 1.86, 26, 52, 14, negative
10, 30, 300, 3.0, 0.3, 0.73, 2.14, 90, 219, 42, negative
10, 18, 180, 1.8, 0.294, 0.911, 1.89, 53, 164, 28, negative
7, 8, 56, 1.143, 0.429, 0.964, 1.85, 24, 54, 13, negative
8, 51, 408, 6.375, 0.306, 0.637, 1.95, 125, 260, 64, negative
9, 114, 1026, 12.667, 0.272, 0.741, 1.86, 279, 760, 150, negative
7, 14, 98, 2.0, 0.378, 0.969, 1.95, 37, 95, 19, negative
8, 30, 240, 3.75, 0.354, 0.75, 2.02, 85, 180, 42, negative
8, 5, 40, 0.625, 0.35, 0.6, 3.5, 14, 24, 4, negative
7, 7, 49, 1.0, 0.265, 0.612, 3.25, 13, 30, 4, negative
20, 39, 780, 1.95, 0.14, 0.405, 3.21, 109, 316, 34, positive
10, 15, 150, 1.5, 0.273, 0.947, 1.41, 41, 142, 29, negative
7, 6, 42, 0.857, 0.405, 0.929, 1.89, 17, 39, 9, negative
7, 8, 56, 1.143, 0.482, 1.0, 2.25, 27, 56, 12, negative
8, 29, 232, 3.625, 0.444, 1.0, 2.15, 103, 232, 48, negative
10, 7, 70, 0.7, 0.314, 0.857, 1.83, 22, 60, 12, negative
8, 28, 224, 3.5, 0.442, 0.795, 2.48, 99, 178, 40, negative
4, 3, 12, 0.75, 0.667, 0.917, 2.67, 8, 11, 3, negative
10, 10, 100, 1.0, 0.35, 0.89, 1.94, 35, 89, 18, negative
10, 30, 300, 3.0, 0.33, 0.843, 1.9, 99, 253, 52, negative
5, 13, 65, 2.6, 0.462, 0.677, 4.29, 30, 44, 7, negative
9, 14, 126, 1.556, 0.278, 1.0, 2.06, 35, 126, 17, negative
8, 4, 32, 0.5, 0.469, 0.719, 3.75, 15, 23, 4, negative
8, 24, 192, 3.0, 0.297, 0.865, 1.84, 57, 166, 31, negative
10, 39, 390, 3.9, 0.295, 0.908, 2.09, 115, 354, 55, negative
10, 61, 610, 6.1, 0.333, 0.954, 1.85, 203, 582, 110, negative
2, 14, 28, 7.0, 0.464, 0.536, 13.0, 13, 15, 1, positive
8, 14, 112, 1.75, 0.411, 0.991, 2.56, 46, 111, 18, negative
8, 40, 320, 5.0, 0.35, 0.906, 1.81, 112, 290, 62, negative
7, 20, 140, 2.857, 0.457, 0.857, 2.46, 64, 120, 26, negative
8, 16, 128, 2.0, 0.422, 0.852, 1.8, 54, 109, 30, negative
7, 20, 140, 2.857, 0.429, 0.993, 2.0, 60, 139, 30, negative
5, 26, 130, 5.2, 0.492, 0.785, 2.37, 64, 102, 27, negative
5, 14, 70, 2.8, 0.443, 0.743, 2.21, 31, 52, 14, negative
8, 14, 112, 1.75, 0.482, 0.679, 3.0, 54, 76, 18, negative
5, 23, 115, 4.6, 0.504, 0.783, 2.42, 58, 90, 24, negative
6, 26, 156, 4.333, 0.423, 0.769, 2.36, 66, 120, 28, negative
8, 71, 568, 8.875, 0.289, 0.574, 1.64, 164, 326, 100, negative
10, 14, 140, 1.4, 0.371, 0.886, 2.89, 52, 124, 18, negative
8, 30, 240, 3.75, 0.296, 0.863, 2.09, 71, 207, 34, negative
10, 79, 790, 7.9, 0.244, 0.742, 1.79, 193, 586, 108, negative
7, 5, 35, 0.714, 0.486, 0.943, 4.25, 17, 33, 4, negative
7, 25, 175, 3.571, 0.354, 0.606, 2.14, 62, 106, 29, negative
5, 5, 25, 1.0, 0.52, 1.0, 2.17, 13, 25, 6, negative
8, 59, 472, 7.375, 0.307, 0.775, 1.84, 145, 366, 79, negative
8, 33, 264, 4.125, 0.371, 0.795, 1.92, 98, 210, 51, negative
10, 18, 180, 1.8, 0.311, 0.706, 1.93, 56, 127, 29, negative
10, 18, 180, 1.8, 0.294, 0.883, 1.96, 53, 159, 27, negative
8, 15, 120, 1.875, 0.458, 0.908, 2.5, 55, 109, 22, negative
8, 6, 48, 0.75, 0.375, 0.896, 1.8, 18, 43, 10, negative
6, 4, 24, 0.667, 0.583, 1.0, 4.67, 14, 24, 3, negative
8, 19, 152, 2.375, 0.395, 0.704, 1.94, 60, 107, 31, negative
8, 39, 312, 4.875, 0.423, 0.955, 1.83, 132, 298, 72, negative
8, 23, 184, 2.875, 0.364, 0.967, 2.03, 67, 178, 33, negative
10, 46, 460, 4.6, 0.317, 0.683, 1.85, 146, 314, 79, negative
10, 28, 280, 2.8, 0.336, 0.85, 1.68, 94, 238, 56, negative
9, 14, 126, 1.556, 0.333, 0.897, 2.47, 42, 113, 17, negative
8, 5, 40, 0.625, 0.4, 1.0, 2.67, 16, 40, 6, negative
8, 23, 184, 2.875, 0.451, 0.832, 2.08, 83, 153, 40, negative
8, 12, 96, 1.5, 0.385, 0.948, 1.48, 37, 91, 25, negative
5, 14, 70, 2.8, 0.586, 0.943, 2.28, 41, 66, 18, negative
10, 262, 2620, 26.2, 0.274, 0.757, 1.8, 719, 1984, 399, negative
10, 260, 2600, 26.0, 0.282, 0.737, 1.78, 732, 1916, 412, negative
10, 262, 2620, 26.2, 0.29, 0.826, 1.76, 761, 2163, 432, negative
8, 7, 56, 0.875, 0.482, 0.946, 2.45, 27, 53, 11, negative
7, 41, 287, 5.857, 0.355, 0.857, 1.85, 102, 246, 55, negative
8, 30, 240, 3.75, 0.363, 0.85, 2.29, 87, 204, 38, negative
8, 12, 96, 1.5, 0.396, 0.99, 1.9, 38, 95, 20, negative
8, 18, 144, 2.25, 0.389, 0.931, 2.24, 56, 134, 25, negative
8, 19, 152, 2.375, 0.428, 0.961, 1.76, 65, 146, 37, negative
10, 38, 380, 3.8, 0.308, 0.632, 2.13, 117, 240, 55, negative
8, 12, 96, 1.5, 0.479, 1.0, 2.19, 46, 96, 21, negative
10, 34, 340, 3.4, 0.303, 0.815, 1.84, 103, 277, 56, negative
10, 26, 260, 2.6, 0.354, 0.769, 2.09, 92, 200, 44, negative
11, 261, 2871, 23.727, 0.251, 0.661, 2.0, 722, 1898, 361, negative
8, 40, 320, 5.0, 0.363, 0.806, 1.68, 116, 258, 69, negative
10, 262, 2620, 26.2, 0.281, 0.691, 1.89, 736, 1811, 390, negative
8, 23, 184, 2.875, 0.375, 0.88, 2.09, 69, 162, 33, negative
8, 10, 80, 1.25, 0.363, 0.913, 3.22, 29, 73, 9, negative
8, 12, 96, 1.5, 0.427, 0.906, 2.16, 41, 87, 19, negative
10, 9, 90, 0.9, 0.3, 0.778, 2.25, 27, 70, 12, negative
8, 50, 400, 6.25, 0.378, 0.915, 1.7, 151, 366, 89, negative
8, 15, 120, 1.875, 0.417, 0.925, 2.17, 50, 111, 23, negative
8, 35, 280, 4.375, 0.393, 0.918, 1.96, 110, 257, 56, negative
10, 34, 340, 3.4, 0.279, 0.8, 1.86, 95, 272, 51, negative
7, 12, 84, 1.714, 0.393, 0.69, 2.36, 33, 58, 14, negative
8, 24, 192, 3.0, 0.438, 0.839, 1.95, 84, 161, 43, negative
10, 31, 310, 3.1, 0.329, 0.952, 2.08, 102, 295, 49, negative
8, 80, 640, 10.0, 0.347, 0.933, 1.75, 222, 597, 127, negative
5, 8, 40, 1.6, 0.675, 0.975, 3.0, 27, 39, 9, negative
10, 52, 520, 5.2, 0.298, 0.752, 2.09, 155, 391, 74, negative
10, 242, 2420, 24.2, 0.26, 0.579, 2.08, 630, 1401, 303, negative
11, 262, 2882, 23.818, 0.242, 0.618, 1.91, 697, 1781, 364, negative
8, 14, 112, 1.75, 0.339, 0.884, 1.73, 38, 99, 22, negative
8, 17, 136, 2.125, 0.441, 0.978, 1.67, 60, 133, 36, negative
8, 23, 184, 2.875, 0.353, 0.826, 1.91, 65, 152, 34, negative
10, 31, 310, 3.1, 0.284, 0.835, 1.69, 88, 259, 52, negative
9, 29, 261, 3.222, 0.307, 0.648, 1.95, 80, 169, 41, negative
8, 50, 400, 6.25, 0.36, 0.728, 1.97, 144, 291, 73, negative
9, 18, 162, 2.0, 0.327, 0.765, 1.83, 53, 124, 29, negative
5, 7, 35, 1.4, 0.686, 1.0, 3.0, 24, 35, 8, negative
8, 25, 200, 3.125, 0.38, 0.795, 1.81, 76, 159, 42, negative
8, 52, 416, 6.5, 0.38, 0.88, 1.88, 158, 366, 84, negative
8, 22, 176, 2.75, 0.426, 1.0, 2.42, 75, 176, 31, negative
6, 7, 42, 1.167, 0.5, 1.0, 1.75, 21, 42, 12, negative
8, 15, 120, 1.875, 0.458, 0.95, 2.2, 55, 114, 25, negative
8, 24, 192, 3.0, 0.385, 0.969, 1.8, 74, 186, 41, negative
10, 52, 520, 5.2, 0.269, 0.85, 2.0, 140, 442, 70, negative
8, 18, 144, 2.25, 0.403, 1.0, 1.61, 58, 144, 36, negative
8, 21, 168, 2.625, 0.417, 0.958, 1.94, 70, 161, 36, negative
8, 7, 56, 0.875, 0.357, 0.964, 1.82, 20, 54, 11, negative
8, 32, 256, 4.0, 0.387, 0.895, 1.62, 99, 229, 61, negative
6, 4, 24, 0.667, 0.5, 0.75, 6.0, 12, 18, 2, negative
7, 14, 98, 2.0, 0.408, 0.939, 2.5, 40, 92, 16, negative
7, 18, 126, 2.571, 0.413, 0.952, 1.86, 52, 120, 28, negative
8, 16, 128, 2.0, 0.367, 0.969, 1.88, 47, 124, 25, negative
11, 262, 2882, 23.818, 0.238, 0.57, 1.84, 685, 1643, 373, negative
5, 15, 75, 3.0, 0.56, 0.92, 2.21, 42, 69, 19, negative
10, 261, 2610, 26.1, 0.264, 0.679, 1.77, 689, 1771, 390, negative
10, 93, 930, 9.3, 0.268, 0.784, 1.78, 249, 729, 140, negative
9, 10, 90, 1.111, 0.389, 0.889, 1.94, 35, 80, 18, negative
8, 7, 56, 0.875, 0.339, 0.964, 1.36, 19, 54, 14, negative
7, 20, 140, 2.857, 0.464, 0.986, 2.32, 65, 138, 28, negative
7, 25, 175, 3.571, 0.349, 0.737, 2.26, 61, 129, 27, negative
7, 4, 28, 0.571, 0.393, 1.0, 2.2, 11, 28, 5, negative
10, 25, 250, 2.5, 0.332, 0.772, 1.89, 83, 193, 44, negative
8, 16, 128, 2.0, 0.383, 0.781, 1.69, 49, 100, 29, negative
10, 176, 1760, 17.6, 0.257, 0.583, 1.72, 452, 1026, 263, negative
7, 36, 252, 5.143, 0.409, 0.861, 1.84, 103, 217, 56, negative
22, 67, 1474, 3.045, 0.221, 0.919, 2.91, 326, 1354, 112, negative
9, 73, 657, 8.111, 0.376, 0.846, 2.63, 247, 556, 94, negative
9, 179, 1611, 19.889, 0.341, 0.745, 2.4, 550, 1200, 229, negative
2, 536, 1072, 268.0, 0.505, 0.512, 180.33, 541, 549, 3, positive
9, 304, 2736, 33.778, 0.202, 0.749, 1.32, 554, 2049, 419, negative
7, 13, 91, 1.857, 0.242, 0.912, 1.47, 22, 83, 15, negative
9, 268, 2412, 29.778, 0.183, 0.686, 1.29, 441, 1654, 341, negative
5, 81, 405, 16.2, 0.311, 0.968, 1.3, 126, 392, 97, negative
8, 135, 1080, 16.875, 0.131, 0.671, 1.22, 142, 725, 116, negative
4, 7, 28, 1.75, 0.286, 0.571, 8.0, 8, 16, 1, negative
9, 343, 3087, 38.111, 0.162, 0.677, 1.24, 499, 2091, 401, negative
8, 109, 872, 13.625, 0.109, 0.508, 1.25, 95, 443, 76, negative
6, 13, 78, 2.167, 0.256, 0.974, 1.54, 20, 76, 13, negative
9, 283, 2547, 31.444, 0.186, 0.727, 1.22, 474, 1852, 389, negative
5, 4, 20, 0.8, 0.4, 0.7, 2.67, 8, 14, 3, negative
25, 291, 7275, 11.64, 0.456, 0.934, 7.29, 3315, 6796, 455, negative
7, 100, 700, 14.286, 0.283, 0.987, 1.68, 198, 691, 118, negative
8, 110, 880, 13.75, 0.23, 0.872, 1.66, 202, 767, 122, negative
7, 214, 1498, 30.571, 0.461, 0.865, 2.95, 691, 1296, 234, negative
5, 4, 20, 0.8, 0.35, 0.6, 2.33, 7, 12, 3, negative
8, 123, 984, 15.375, 0.402, 0.75, 2.71, 396, 738, 146, negative
8, 84, 672, 10.5, 0.229, 0.689, 1.4, 154, 463, 110, negative
7, 163, 1141, 23.286, 0.212, 0.831, 1.31, 242, 948, 185, negative
8, 174, 1392, 21.75, 0.161, 0.72, 1.3, 224, 1002, 172, negative
9, 534, 4806, 59.333, 0.184, 0.733, 1.34, 884, 3524, 661, negative
8, 101, 808, 12.625, 0.222, 0.834, 1.29, 179, 674, 139, negative
8, 83, 664, 10.375, 0.404, 0.741, 2.58, 268, 492, 104, negative
9, 169, 1521, 18.778, 0.353, 0.742, 2.53, 537, 1129, 212, negative
2, 64, 128, 32.0, 0.43, 0.602, 3.93, 55, 77, 14, positive
10, 508, 5080, 50.8, 0.131, 0.51, 1.27, 667, 2593, 527, negative
9, 69, 621, 7.667, 0.209, 0.808, 1.38, 130, 502, 94, negative
7, 150, 1050, 21.429, 0.178, 0.774, 1.36, 187, 813, 138, negative
9, 533, 4797, 59.222, 0.167, 0.592, 1.34, 799, 2841, 596, negative
25, 495, 12375, 19.8, 0.464, 0.952, 7.33, 5748, 11777, 784, negative
7, 96, 672, 13.714, 0.314, 0.988, 1.77, 211, 664, 119, negative
8, 62, 496, 7.75, 0.296, 0.869, 1.81, 147, 431, 81, negative
10, 249, 2490, 24.9, 0.294, 0.636, 2.32, 731, 1584, 315, negative
8, 103, 824, 12.875, 0.425, 0.933, 2.71, 350, 769, 129, negative
9, 535, 4815, 59.444, 0.191, 0.788, 1.36, 921, 3793, 676, negative
9, 138, 1242, 15.333, 0.155, 0.717, 1.34, 193, 890, 144, negative
7, 228, 1596, 32.571, 0.154, 0.548, 1.4, 245, 875, 175, negative
10, 535, 5350, 53.5, 0.166, 0.681, 1.32, 889, 3646, 671, negative
9, 536, 4824, 59.556, 0.154, 0.602, 1.36, 743, 2904, 547, negative
9, 109, 981, 12.111, 0.219, 0.774, 1.69, 215, 759, 127, negative
9, 169, 1521, 18.778, 0.343, 0.696, 2.61, 522, 1058, 200, negative
2, 98, 196, 49.0, 0.48, 0.653, 9.4, 94, 128, 10, positive
9, 279, 2511, 31.0, 0.097, 0.339, 1.34, 243, 851, 181, negative
8, 233, 1864, 29.125, 0.151, 0.665, 1.36, 282, 1239, 207, negative
8, 525, 4200, 65.625, 0.095, 0.444, 1.34, 398, 1865, 297, negative
9, 536, 4824, 59.556, 0.091, 0.358, 1.38, 441, 1725, 320, negative
9, 299, 2691, 33.222, 0.133, 0.574, 1.31, 358, 1545, 274, negative
9, 102, 918, 11.333, 0.183, 0.804, 1.27, 168, 738, 132, negative
9, 535, 4815, 59.444, 0.136, 0.498, 1.39, 655, 2399, 470, negative
7, 86, 602, 12.286, 0.244, 0.831, 1.27, 147, 500, 116, negative
8, 299, 2392, 37.375, 0.186, 0.687, 1.32, 446, 1643, 338, negative
9, 219, 1971, 24.333, 0.109, 0.538, 1.43, 215, 1060, 150, negative
24, 282, 6768, 11.75, 0.443, 0.878, 7.8, 2995, 5944, 384, negative
26, 294, 7644, 11.308, 0.453, 0.917, 7.6, 3464, 7010, 456, negative
24, 186, 4464, 7.75, 0.505, 0.989, 7.4, 2256, 4413, 305, negative
28, 32, 896, 1.143, 0.462, 0.722, 7.02, 414, 647, 59, positive
1, 186, 186, 186.0, 0.828, 1.0, 9.06, 154, 186, 17, positive
5, 29, 145, 5.8, 0.317, 0.952, 1.39, 46, 138, 33, negative
9, 492, 4428, 54.667, 0.132, 0.541, 1.22, 583, 2397, 476, negative
7, 141, 987, 20.143, 0.163, 0.787, 1.16, 161, 777, 139, negative
9, 127, 1143, 14.111, 0.174, 0.718, 1.28, 199, 821, 155, negative
8, 175, 1400, 21.875, 0.156, 0.882, 1.2, 219, 1235, 183, negative
1, 13, 13, 13.0, 1.0, 1.0, 13.0, 13, 13, 1, positive
14, 57, 798, 4.071, 0.714, 0.94, 11.88, 570, 750, 48, negative
28, 32, 896, 1.143, 0.501, 0.744, 7.02, 449, 667, 64, negative
8, 215, 1720, 26.875, 0.416, 0.808, 2.94, 715, 1389, 243, negative
9, 110, 990, 12.222, 0.311, 0.627, 2.08, 308, 621, 148, negative
9, 191, 1719, 21.222, 0.328, 0.747, 2.14, 564, 1284, 264, negative
10, 176, 1760, 17.6, 0.181, 0.552, 1.36, 319, 972, 235, negative
9, 510, 4590, 56.667, 0.075, 0.288, 1.44, 346, 1323, 241, negative
8, 15, 120, 1.875, 0.325, 0.833, 1.86, 39, 100, 21, negative
7, 14, 98, 2.0, 0.316, 0.776, 2.21, 31, 76, 14, negative
9, 129, 1161, 14.333, 0.169, 0.647, 1.41, 196, 751, 139, negative
8, 15, 120, 1.875, 0.317, 0.742, 2.0, 38, 89, 19, negative
8, 14, 112, 1.75, 0.295, 0.857, 1.83, 33, 96, 18, negative
2, 69, 138, 34.5, 0.087, 0.507, 1.2, 12, 70, 10, negative
7, 14, 98, 2.0, 0.316, 0.908, 1.94, 31, 89, 16, negative
24, 177, 4248, 7.375, 0.514, 0.961, 8.02, 2182, 4082, 272, negative
25, 292, 7300, 11.68, 0.479, 0.954, 7.58, 3496, 6967, 461, negative
28, 31, 868, 1.107, 0.508, 0.767, 7.47, 441, 666, 59, positive
9, 102, 918, 11.333, 0.404, 0.893, 2.81, 371, 820, 132, negative
9, 166, 1494, 18.444, 0.386, 0.75, 2.95, 576, 1121, 195, negative
5, 31, 155, 6.2, 0.419, 0.948, 1.91, 65, 147, 34, negative
7, 173, 1211, 24.714, 0.207, 0.86, 1.34, 251, 1042, 187, negative
9, 171, 1539, 19.0, 0.121, 0.574, 1.35, 186, 884, 138, negative
9, 102, 918, 11.333, 0.193, 0.768, 1.29, 177, 705, 137, negative
9, 256, 2304, 28.444, 0.099, 0.446, 1.36, 227, 1027, 167, negative
9, 301, 2709, 33.444, 0.178, 0.694, 1.3, 482, 1881, 371, negative
7, 205, 1435, 29.286, 0.109, 0.573, 1.26, 156, 822, 124, negative
7, 151, 1057, 21.571, 0.077, 0.434, 1.33, 81, 459, 61, negative
14, 150, 2100, 10.714, 0.225, 0.681, 4.14, 472, 1430, 114, negative
25, 178, 4450, 7.12, 0.475, 0.873, 7.95, 2115, 3885, 266, negative
9, 112, 1008, 12.444, 0.213, 0.835, 1.59, 215, 842, 135, negative
7, 63, 441, 9.0, 0.338, 0.941, 1.94, 149, 415, 77, negative
9, 103, 927, 11.444, 0.399, 0.831, 2.98, 370, 770, 124, negative
6, 32, 192, 5.333, 0.286, 0.76, 1.41, 55, 146, 39, negative
9, 99, 891, 11.0, 0.189, 0.745, 1.4, 168, 664, 120, negative
6, 13, 78, 2.167, 0.372, 0.987, 1.71, 29, 77, 17, negative
6, 13, 78, 2.167, 0.346, 0.846, 2.7, 27, 66, 10, negative
6, 13, 78, 2.167, 0.295, 1.0, 1.53, 23, 78, 15, negative
9, 66, 594, 7.333, 0.241, 0.707, 1.42, 143, 420, 101, negative
10, 511, 5110, 51.1, 0.134, 0.557, 1.28, 684, 2846, 534, negative
7, 223, 1561, 31.857, 0.121, 0.527, 1.33, 189, 823, 142, negative
1, 31, 31, 31.0, 0.226, 1.0, 1.17, 7, 31, 6, negative
14, 58, 812, 4.143, 0.683, 0.927, 12.07, 555, 753, 46, negative
29, 32, 928, 1.103, 0.432, 0.689, 6.27, 401, 639, 64, positive
9, 102, 918, 11.333, 0.357, 0.867, 2.43, 328, 796, 135, negative
7, 136, 952, 19.429, 0.18, 0.775, 1.2, 171, 738, 142, negative
6, 81, 486, 13.5, 0.282, 0.932, 1.34, 137, 453, 102, negative
1, 104, 104, 104.0, 0.192, 1.0, 1.05, 20, 104, 19, negative
9, 508, 4572, 56.444, 0.128, 0.53, 1.27, 587, 2425, 461, negative
2, 45, 90, 22.5, 0.078, 0.944, 1.17, 7, 85, 6, negative
7, 112, 784, 16.0, 0.168, 0.667, 1.25, 132, 523, 106, negative
1, 118, 118, 118.0, 0.186, 1.0, 1.05, 22, 118, 21, negative
1, 50, 50, 50.0, 0.2, 1.0, 1.11, 10, 50, 9, negative
2, 14, 28, 7.0, 0.393, 0.536, 3.67, 11, 15, 3, negative
12, 278, 3336, 23.167, 0.11, 0.144, 15.91, 366, 479, 23, positive
1, 22, 22, 22.0, 0.955, 1.0, 21.0, 21, 22, 1, positive
5, 10, 50, 2.0, 0.28, 0.74, 7.0, 14, 37, 2, negative
11, 20, 220, 1.818, 0.223, 0.373, 2.58, 49, 82, 19, negative
14, 12, 168, 0.857, 0.661, 0.851, 9.25, 111, 143, 12, negative
58, 3, 174, 0.052, 0.339, 0.345, 59.0, 59, 60, 1, positive
10, 162, 1620, 16.2, 0.454, 0.573, 5.93, 735, 928, 124, negative
9, 9, 81, 1.0, 0.728, 0.889, 7.38, 59, 72, 8, negative
10, 79, 790, 7.9, 0.306, 0.818, 1.89, 242, 646, 128, negative
1, 10, 10, 10.0, 0.8, 1.0, 4.0, 8, 10, 2, positive
14, 5, 70, 0.357, 0.443, 0.514, 6.2, 31, 36, 5, negative
9, 36, 324, 4.0, 0.654, 0.92, 6.42, 212, 298, 33, negative
13, 67, 871, 5.154, 0.432, 0.517, 6.6, 376, 450, 57, negative
12, 40, 480, 3.333, 0.46, 0.592, 7.62, 221, 284, 29, negative
10, 10, 100, 1.0, 0.56, 0.69, 28.0, 56, 69, 2, negative
15, 11, 165, 0.733, 0.503, 0.685, 10.38, 83, 113, 8, negative
14, 340, 4760, 24.286, 0.383, 0.521, 5.07, 1824, 2480, 360, negative
11, 17, 187, 1.545, 0.321, 0.652, 4.29, 60, 122, 14, negative
13, 45, 585, 3.462, 0.429, 0.566, 6.61, 251, 331, 38, negative
10, 57, 570, 5.7, 0.556, 0.719, 5.2, 317, 410, 61, negative
9, 12, 108, 1.333, 0.648, 0.741, 10.0, 70, 80, 7, negative
11, 275, 3025, 25.0, 0.287, 0.637, 2.83, 868, 1928, 307, negative
12, 320, 3840, 26.667, 0.231, 0.514, 2.06, 888, 1975, 431, negative
1, 14, 14, 14.0, 0.643, 1.0, 3.0, 9, 14, 3, positive
1, 14, 14, 14.0, 1.0, 1.0, 14.0, 14, 14, 1, positive
1, 104, 104, 104.0, 0.971, 1.0, 50.5, 101, 104, 2, positive
10, 155, 1550, 15.5, 0.326, 0.642, 2.8, 506, 995, 181, negative
12, 71, 852, 5.917, 0.631, 0.904, 6.64, 538, 770, 81, negative
13, 441, 5733, 33.923, 0.374, 0.625, 4.63, 2144, 3582, 463, negative
9, 18, 162, 2.0, 0.519, 0.796, 7.64, 84, 129, 11, negative
10, 159, 1590, 15.9, 0.377, 0.763, 3.13, 600, 1213, 192, negative
3, 3, 9, 1.0, 0.778, 0.778, 7.0, 7, 7, 1, negative
14, 371, 5194, 26.5, 0.38, 0.59, 4.85, 1975, 3066, 407, negative
10, 19, 190, 1.9, 0.605, 0.816, 8.85, 115, 155, 13, negative
24, 133, 3192, 5.542, 0.907, 0.966, 18.67, 2894, 3085, 155, negative
1, 47, 47, 47.0, 0.532, 1.0, 25.0, 25, 47, 1, positive
14, 407, 5698, 29.071, 0.353, 0.574, 4.54, 2010, 3273, 443, negative
23, 124, 2852, 5.391, 0.941, 1.0, 17.21, 2684, 2852, 156, negative
3, 3, 9, 1.0, 0.889, 0.889, 8.0, 8, 8, 1, negative
7, 64, 448, 9.143, 0.498, 0.911, 2.93, 223, 408, 76, negative
25, 169, 4225, 6.76, 0.215, 0.947, 1.57, 907, 4000, 579, positive
9, 82, 738, 9.111, 0.364, 0.839, 2.8, 269, 619, 96, negative
12, 71, 852, 5.917, 0.608, 0.866, 5.95, 518, 738, 87, negative
1, 34, 34, 34.0, 0.353, 1.0, 1.71, 12, 34, 7, positive
11, 184, 2024, 16.727, 0.455, 0.76, 4.72, 920, 1539, 195, negative
10, 9, 90, 0.9, 0.689, 0.789, 10.33, 62, 71, 6, negative
8, 126, 1008, 15.75, 0.469, 0.961, 2.87, 473, 969, 165, negative
14, 359, 5026, 25.643, 0.368, 0.615, 4.56, 1848, 3093, 405, negative
14, 367, 5138, 26.214, 0.349, 0.576, 4.5, 1791, 2962, 398, negative
10, 18, 180, 1.8, 0.572, 0.867, 6.44, 103, 156, 16, negative
14, 269, 3766, 19.214, 0.337, 0.625, 4.61, 1271, 2353, 276, negative
9, 18, 162, 2.0, 0.623, 0.864, 7.77, 101, 140, 13, negative
13, 201, 2613, 15.462, 0.4, 0.722, 4.45, 1046, 1887, 235, negative
12, 72, 864, 6.0, 0.63, 0.885, 6.11, 544, 765, 89, negative
25, 1, 25, 0.04, 1.0, 1.0, 25.0, 25, 25, 1, positive
9, 8, 72, 0.889, 0.722, 0.792, 13.0, 52, 57, 4, negative
9, 14, 126, 1.556, 0.587, 0.944, 6.17, 74, 119, 12, negative
9, 18, 162, 2.0, 0.58, 0.852, 7.83, 94, 138, 12, negative
18, 1, 18, 0.056, 1.0, 1.0, 18.0, 18, 18, 1, positive
13, 159, 2067, 12.231, 0.412, 0.627, 4.81, 852, 1296, 177, negative
9, 86, 774, 9.556, 0.394, 0.705, 2.85, 305, 546, 107, negative
17, 266, 4522, 15.647, 0.921, 1.0, 12.82, 4167, 4522, 325, negative
12, 285, 3420, 23.75, 0.411, 0.708, 4.33, 1404, 2421, 324, negative
17, 245, 4165, 14.412, 0.913, 0.997, 12.97, 3801, 4152, 293, negative
10, 17, 170, 1.7, 0.482, 0.759, 6.83, 82, 129, 12, negative
9, 17, 153, 1.889, 0.601, 0.889, 8.36, 92, 136, 11, negative
8, 1, 8, 0.125, 1.0, 1.0, 8.0, 8, 8, 1, positive
1, 94, 94, 94.0, 0.564, 1.0, 3.31, 53, 94, 16, positive
128, 347, 44416, 2.711, 0.399, 0.567, 13.07, 17721, 25163, 1356, positive
26, 378, 9828, 14.538, 0.229, 0.584, 3.46, 2252, 5737, 650, negative
1, 159, 159, 159.0, 0.975, 1.0, 77.5, 155, 159, 2, positive
12, 71, 852, 5.917, 0.628, 0.872, 6.77, 535, 743, 79, negative
11, 183, 2013, 16.636, 0.465, 0.841, 4.53, 937, 1693, 207, negative
8, 95, 760, 11.875, 0.466, 0.904, 2.95, 354, 687, 120, negative
10, 20, 200, 2.0, 0.605, 0.795, 8.07, 121, 159, 15, negative
11, 152, 1672, 13.818, 0.365, 0.764, 2.88, 610, 1278, 212, negative
9, 83, 747, 9.222, 0.351, 0.726, 2.94, 262, 542, 89, negative
12, 72, 864, 6.0, 0.615, 0.862, 6.4, 531, 745, 83, negative
11, 185, 2035, 16.818, 0.487, 0.883, 4.5, 991, 1796, 220, negative
10, 10, 100, 1.0, 0.52, 0.53, 52.0, 52, 53, 1, negative
14, 284, 3976, 20.286, 0.365, 0.54, 5.1, 1453, 2147, 285, negative
11, 118, 1298, 10.727, 0.459, 0.742, 4.81, 596, 963, 124, negative
9, 152, 1368, 16.889, 0.379, 0.765, 2.77, 518, 1047, 187, negative
9, 20, 180, 2.222, 0.55, 0.783, 8.25, 99, 141, 12, negative
9, 19, 171, 2.111, 0.55, 0.86, 7.23, 94, 147, 13, negative
9, 82, 738, 9.111, 0.312, 0.669, 2.74, 230, 494, 84, negative
9, 249, 2241, 27.667, 0.346, 0.77, 2.54, 776, 1725, 306, negative
6, 72, 432, 12.0, 0.604, 0.991, 4.08, 261, 428, 64, negative
1, 7, 7, 7.0, 1.0, 1.0, 7.0, 7, 7, 1, negative
11, 71, 781, 6.455, 0.69, 0.95, 7.0, 539, 742, 77, negative
1, 63, 63, 63.0, 0.587, 1.0, 2.31, 37, 63, 16, positive
24, 209, 5016, 8.708, 0.926, 0.992, 17.27, 4645, 4976, 269, negative
11, 154, 1694, 14.0, 0.36, 0.731, 2.96, 609, 1238, 206, negative
16, 427, 6832, 26.688, 0.4, 0.632, 5.56, 2736, 4316, 492, negative
12, 23, 276, 1.917, 0.576, 0.79, 9.94, 159, 218, 16, negative
12, 266, 3192, 22.167, 0.338, 0.667, 2.72, 1079, 2130, 397, negative
11, 198, 2178, 18.0, 0.383, 0.773, 2.9, 834, 1683, 288, negative
7, 79, 553, 11.286, 0.566, 0.967, 3.56, 313, 535, 88, negative
12, 11, 132, 0.917, 0.652, 0.735, 12.29, 86, 97, 7, negative
11, 195, 2145, 17.727, 0.358, 0.781, 3.0, 768, 1676, 256, negative
24, 170, 4080, 7.083, 0.924, 0.997, 15.9, 3768, 4068, 237, negative
16, 341, 5456, 21.313, 0.378, 0.724, 5.23, 2060, 3949, 394, negative
9, 70, 630, 7.778, 0.433, 0.851, 2.79, 273, 536, 98, negative
163, 161, 26243, 0.988, 0.523, 0.897, 8.4, 13725, 23547, 1634, positive
7, 80, 560, 11.429, 0.5, 0.848, 3.54, 280, 475, 79, negative
9, 82, 738, 9.111, 0.337, 0.821, 2.49, 249, 606, 100, negative
16, 389, 6224, 24.313, 0.364, 0.569, 5.35, 2268, 3544, 424, negative
14, 62, 868, 4.429, 0.433, 0.646, 5.97, 376, 561, 63, negative
16, 337, 5392, 21.063, 0.363, 0.598, 5.19, 1956, 3225, 377, negative
16, 393, 6288, 24.563, 0.341, 0.653, 5.13, 2145, 4103, 418, negative
16, 337, 5392, 21.063, 0.369, 0.608, 5.15, 1992, 3276, 387, negative
16, 212, 3392, 13.25, 0.376, 0.693, 5.75, 1276, 2349, 222, negative
16, 399, 6384, 24.938, 0.369, 0.577, 5.34, 2357, 3685, 441, negative
11, 22, 242, 2.0, 0.603, 0.81, 8.59, 146, 196, 17, negative
15, 294, 4410, 19.6, 0.395, 0.651, 5.28, 1743, 2872, 330, negative
12, 22, 264, 1.833, 0.542, 0.784, 8.94, 143, 207, 16, negative
82, 314, 25748, 3.829, 0.296, 0.502, 10.84, 7618, 12923, 703, negative
1, 9, 9, 9.0, 1.0, 1.0, 9.0, 9, 9, 1, negative
16, 376, 6016, 23.5, 0.371, 0.58, 5.57, 2232, 3490, 401, negative
11, 2, 22, 0.182, 0.636, 0.636, 14.0, 14, 14, 1, positive
11, 22, 242, 2.0, 0.624, 0.88, 9.44, 151, 213, 16, negative
16, 439, 7024, 27.438, 0.384, 0.724, 5.09, 2696, 5084, 530, negative
8, 94, 752, 11.75, 0.485, 0.922, 3.07, 365, 693, 119, negative
10, 177, 1770, 17.7, 0.26, 0.693, 1.77, 461, 1226, 261, negative
8, 170, 1360, 21.25, 0.277, 0.89, 1.6, 377, 1210, 236, negative
10, 268, 2680, 26.8, 0.395, 0.59, 5.88, 1058, 1581, 180, negative
8, 162, 1296, 20.25, 0.204, 0.412, 3.12, 265, 534, 85, negative
9, 163, 1467, 18.111, 0.264, 0.51, 2.98, 387, 748, 130, negative
6, 130, 780, 21.667, 0.253, 0.528, 2.05, 197, 412, 96, negative
11, 63, 693, 5.727, 0.413, 0.804, 3.08, 286, 557, 93, negative
24, 510, 12240, 21.25, 0.846, 0.927, 38.65, 10359, 11341, 268, positive
8, 206, 1648, 25.75, 0.236, 0.793, 1.64, 389, 1307, 237, negative
7, 243, 1701, 34.714, 0.219, 0.528, 1.62, 372, 898, 230, negative
7, 128, 896, 18.286, 0.265, 0.72, 1.69, 237, 645, 140, negative
17, 21, 357, 1.235, 0.373, 0.613, 16.63, 133, 219, 8, negative
9, 161, 1449, 17.889, 0.273, 0.521, 2.41, 396, 755, 164, negative
17, 24, 408, 1.412, 0.426, 0.792, 4.46, 174, 323, 39, negative
5, 69, 345, 13.8, 0.249, 0.632, 1.51, 86, 218, 57, negative
5, 34, 170, 6.8, 0.141, 0.594, 1.26, 24, 101, 19, negative
5, 36, 180, 7.2, 0.211, 0.789, 1.52, 38, 142, 25, negative
5, 46, 230, 9.2, 0.174, 0.804, 1.43, 40, 185, 28, negative
7, 145, 1015, 20.714, 0.207, 0.658, 1.5, 210, 668, 140, negative
5, 177, 885, 35.4, 0.226, 0.498, 1.71, 200, 441, 117, negative
19, 130, 2470, 6.842, 0.208, 0.65, 1.93, 514, 1606, 267, negative
7, 239, 1673, 34.143, 0.16, 0.476, 1.51, 268, 797, 177, negative
7, 110, 770, 15.714, 0.174, 0.447, 1.25, 134, 344, 107, negative
4, 31, 124, 7.75, 0.419, 0.944, 1.58, 52, 117, 33, negative
8, 231, 1848, 28.875, 0.21, 0.543, 1.65, 389, 1003, 236, negative
6, 60, 360, 10.0, 0.292, 0.822, 1.57, 105, 296, 67, negative
9, 169, 1521, 18.778, 0.26, 0.619, 1.82, 396, 942, 217, negative
19, 201, 3819, 10.579, 0.238, 0.567, 2.07, 909, 2164, 439, negative
14, 284, 3976, 20.286, 0.236, 0.698, 2.24, 938, 2777, 419, negative
9, 225, 2025, 25.0, 0.198, 0.741, 1.41, 400, 1501, 283, negative
9, 333, 2997, 37.0, 0.237, 0.671, 1.57, 711, 2011, 452, negative
9, 58, 522, 6.444, 0.351, 0.669, 2.29, 183, 349, 80, negative
9, 184, 1656, 20.444, 0.214, 0.798, 1.46, 354, 1322, 242, negative
9, 44, 396, 4.889, 0.341, 0.677, 2.55, 135, 268, 53, negative
6, 94, 564, 15.667, 0.188, 0.874, 1.63, 106, 493, 65, negative
12, 167, 2004, 13.917, 0.225, 0.752, 1.93, 451, 1507, 234, negative
5, 94, 470, 18.8, 0.183, 0.798, 1.62, 86, 375, 53, negative
6, 95, 570, 15.833, 0.209, 0.667, 1.63, 119, 380, 73, negative
1, 18, 18, 18.0, 0.389, 1.0, 3.5, 7, 18, 2, negative
10, 293, 2930, 29.3, 0.207, 0.596, 1.53, 606, 1746, 397, negative
6, 96, 576, 16.0, 0.259, 0.74, 1.69, 149, 426, 88, negative
5, 96, 480, 19.2, 0.404, 0.817, 2.77, 194, 392, 70, negative
7, 56, 392, 8.0, 0.329, 0.791, 1.65, 129, 310, 78, negative
5, 94, 470, 18.8, 0.277, 0.945, 1.63, 130, 444, 80, negative
6, 95, 570, 15.833, 0.274, 0.784, 1.97, 156, 447, 79, negative
16, 24, 384, 1.5, 0.411, 0.872, 4.51, 158, 335, 35, negative
10, 282, 2820, 28.2, 0.191, 0.701, 1.43, 540, 1977, 378, negative
6, 97, 582, 16.167, 0.235, 0.703, 1.71, 137, 409, 80, negative
16, 24, 384, 1.5, 0.44, 0.948, 5.28, 169, 364, 32, negative
10, 303, 3030, 30.3, 0.179, 0.669, 1.32, 543, 2028, 410, negative
6, 96, 576, 16.0, 0.318, 0.575, 3.0, 183, 331, 61, negative
5, 99, 495, 19.8, 0.303, 0.739, 1.92, 150, 366, 78, negative
16, 92, 1472, 5.75, 0.245, 0.522, 3.61, 361, 769, 100, negative
63, 66, 4158, 1.048, 0.491, 0.591, 44.37, 2041, 2458, 46, positive
63, 79, 4977, 1.254, 0.338, 0.345, 186.78, 1681, 1718, 9, positive
1, 20, 20, 20.0, 0.75, 1.0, 3.0, 15, 20, 5, positive
430, 5, 2150, 0.012, 0.216, 0.221, 46.5, 465, 475, 10, positive
7, 92, 644, 13.143, 0.292, 0.907, 1.54, 188, 584, 122, negative
7, 119, 833, 17.0, 0.285, 0.872, 1.5, 237, 726, 158, negative
7, 4, 28, 0.571, 0.429, 0.714, 2.4, 12, 20, 5, negative
6, 17, 102, 2.833, 0.245, 0.804, 1.39, 25, 82, 18, negative
7, 164, 1148, 23.429, 0.281, 0.838, 1.6, 323, 962, 202, negative
7, 8, 56, 1.143, 0.393, 0.75, 2.0, 22, 42, 11, negative
9, 211, 1899, 23.444, 0.219, 0.707, 1.48, 416, 1343, 282, negative
8, 48, 384, 6.0, 0.396, 0.924, 2.03, 152, 355, 75, negative
7, 31, 217, 4.429, 0.415, 0.783, 2.31, 90, 170, 39, negative
8, 69, 552, 8.625, 0.261, 0.879, 1.47, 144, 485, 98, negative
1, 102, 102, 102.0, 0.961, 1.0, 24.5, 98, 102, 4, positive
6, 10, 60, 1.667, 0.183, 0.65, 1.83, 11, 39, 6, negative
1, 29, 29, 29.0, 0.31, 1.0, 1.13, 9, 29, 8, negative
4, 44, 176, 11.0, 0.267, 0.778, 1.42, 47, 137, 33, negative
6, 39, 234, 6.5, 0.226, 0.705, 1.66, 53, 165, 32, negative
6, 50, 300, 8.333, 0.24, 0.63, 1.76, 72, 189, 41, negative
7, 8, 56, 1.143, 0.304, 0.768, 1.42, 17, 43, 12, negative
5, 58, 290, 11.6, 0.09, 0.259, 1.18, 26, 75, 22, negative
16, 90, 1440, 5.625, 0.197, 0.77, 1.39, 283, 1109, 204, negative
7, 6, 42, 0.857, 0.286, 0.857, 1.71, 12, 36, 7, negative
7, 28, 196, 4.0, 0.286, 0.781, 1.56, 56, 153, 36, negative
8, 30, 240, 3.75, 0.242, 0.821, 1.53, 58, 197, 38, negative
7, 34, 238, 4.857, 0.223, 0.916, 1.33, 53, 218, 40, negative
6, 7, 42, 1.167, 0.452, 1.0, 2.38, 19, 42, 8, negative
9, 261, 2349, 29.0, 0.183, 0.718, 1.42, 430, 1686, 302, negative
10, 285, 2850, 28.5, 0.175, 0.598, 1.58, 499, 1703, 315, negative
23, 92, 2116, 4.0, 0.145, 0.532, 1.44, 306, 1126, 212, negative
6, 85, 510, 14.167, 0.239, 0.725, 1.42, 122, 370, 86, negative
5, 2, 10, 0.4, 0.7, 0.7, 7.0, 7, 7, 1, positive
7, 18, 126, 2.571, 0.262, 0.873, 1.94, 33, 110, 17, negative
7, 22, 154, 3.143, 0.097, 0.403, 1.36, 15, 62, 11, negative
5, 11, 55, 2.2, 0.309, 0.836, 1.7, 17, 46, 10, negative
6, 12, 72, 2.0, 0.319, 1.0, 1.53, 23, 72, 15, negative
7, 15, 105, 2.143, 0.2, 0.571, 1.5, 21, 60, 14, negative
7, 14, 98, 2.0, 0.357, 0.939, 1.84, 35, 92, 19, negative
8, 37, 296, 4.625, 0.264, 0.676, 1.86, 78, 200, 42, negative
5, 18, 90, 3.6, 0.322, 1.0, 1.45, 29, 90, 20, negative
11, 552, 6072, 50.182, 0.816, 0.816, 4955.0, 4955, 4955, 1, positive
11, 60, 660, 5.455, 0.271, 0.85, 1.97, 179, 561, 91, negative
12, 117, 1404, 9.75, 0.2, 0.714, 1.6, 281, 1002, 176, negative
1, 12, 12, 12.0, 0.667, 1.0, 4.0, 8, 12, 2, positive
1, 69, 69, 69.0, 0.667, 1.0, 4.18, 46, 69, 11, positive
1, 107, 107, 107.0, 0.869, 1.0, 18.6, 93, 107, 5, positive
14, 440, 6160, 31.429, 0.158, 0.626, 1.54, 975, 3857, 632, negative
10, 18, 180, 1.8, 0.289, 0.744, 2.6, 52, 134, 20, negative
10, 18, 180, 1.8, 0.294, 0.872, 2.3, 53, 157, 23, negative
11, 357, 3927, 32.455, 0.215, 0.823, 1.55, 845, 3232, 546, negative
13, 377, 4901, 29.0, 0.178, 0.746, 1.59, 872, 3655, 548, negative
2, 325, 650, 162.5, 0.485, 0.537, 28.64, 315, 349, 11, positive
5, 5, 25, 1.0, 0.72, 0.72, 18.0, 18, 18, 1, negative
1, 34, 34, 34.0, 0.471, 1.0, 1.07, 16, 34, 15, positive
9, 137, 1233, 15.222, 0.235, 0.693, 1.7, 290, 854, 171, negative
9, 311, 2799, 34.556, 0.163, 0.582, 1.34, 456, 1629, 340, negative
6, 96, 576, 16.0, 0.238, 0.778, 1.38, 137, 448, 99, negative
9, 128, 1152, 14.222, 0.219, 0.745, 1.44, 252, 858, 175, negative
7, 41, 287, 5.857, 0.261, 0.885, 1.32, 75, 254, 57, negative
118, 105, 12390, 0.89, 0.052, 0.105, 3.33, 642, 1296, 193, positive
2, 100, 200, 50.0, 0.46, 0.505, 11.5, 92, 101, 8, positive
9, 295, 2655, 32.778, 0.2, 0.559, 1.5, 531, 1483, 354, negative
10, 263, 2630, 26.3, 0.204, 0.589, 1.54, 537, 1550, 348, negative
9, 134, 1206, 14.889, 0.216, 0.68, 1.65, 260, 820, 158, negative
7, 178, 1246, 25.429, 0.242, 0.795, 1.41, 301, 990, 213, negative
8, 90, 720, 11.25, 0.207, 0.738, 1.54, 149, 531, 97, negative
1, 106, 106, 106.0, 0.434, 1.0, 1.02, 46, 106, 45, positive
7, 346, 2422, 49.429, 0.173, 0.716, 1.23, 418, 1733, 341, negative
7, 123, 861, 17.571, 0.139, 0.674, 1.26, 120, 580, 95, negative
6, 19, 114, 3.167, 0.184, 0.781, 1.24, 21, 89, 17, negative
5, 89, 445, 17.8, 0.169, 0.717, 1.14, 75, 319, 66, negative
20, 16, 320, 0.8, 0.5, 0.572, 26.67, 160, 183, 6, negative
28, 82, 2296, 2.929, 0.271, 0.39, 8.9, 623, 895, 70, negative
19, 28, 532, 1.474, 0.588, 0.912, 13.04, 313, 485, 24, negative
7, 42, 294, 6.0, 0.405, 0.976, 2.05, 119, 287, 58, negative
1, 126, 126, 126.0, 0.992, 1.0, 125.0, 125, 126, 1, positive
12, 115, 1380, 9.583, 0.256, 0.572, 1.74, 353, 790, 203, negative
11, 11, 121, 1.0, 0.455, 0.876, 4.23, 55, 106, 13, negative
2, 24, 48, 12.0, 0.354, 1.0, 3.4, 17, 48, 5, positive
14, 102, 1428, 7.286, 0.356, 0.709, 2.96, 509, 1013, 172, negative
2, 199, 398, 99.5, 0.485, 0.508, 32.17, 193, 202, 6, positive
14, 84, 1176, 6.0, 0.261, 0.623, 2.31, 307, 733, 133, negative
11, 11, 121, 1.0, 0.438, 0.868, 4.08, 53, 105, 13, negative
10, 21, 210, 2.1, 0.457, 0.933, 2.91, 96, 196, 33, negative
60, 57, 3420, 0.95, 0.46, 0.831, 3.91, 1574, 2843, 403, negative
36, 5, 180, 0.139, 0.656, 0.817, 7.87, 118, 147, 15, negative
1, 14, 14, 14.0, 1.0, 1.0, 14.0, 14, 14, 1, positive
9, 151, 1359, 16.778, 0.257, 0.941, 1.48, 349, 1279, 236, negative
10, 170, 1700, 17.0, 0.261, 0.709, 1.66, 444, 1206, 268, negative
9, 1, 9, 0.111, 1.0, 1.0, 9.0, 9, 9, 1, positive
22, 208, 4576, 9.455, 0.203, 0.555, 1.59, 928, 2539, 585, negative
1, 131, 131, 131.0, 0.977, 1.0, 64.0, 128, 131, 2, positive
11, 147, 1617, 13.364, 0.32, 0.607, 2.2, 518, 982, 235, negative
2, 62, 124, 31.0, 0.452, 0.565, 11.2, 56, 70, 5, positive
11, 147, 1617, 13.364, 0.257, 0.761, 1.58, 416, 1230, 264, negative
11, 193, 2123, 17.545, 0.243, 0.683, 1.59, 516, 1451, 325, negative
1, 87, 87, 87.0, 0.92, 1.0, 16.0, 80, 87, 5, positive
7, 4, 28, 0.571, 0.714, 0.929, 10.0, 20, 26, 2, negative
