@relation page-blocks0
@attribute Height integer [1, 804]
@attribute Lenght integer [1, 553]
@attribute Area integer [7, 143993]
@attribute Eccen real [0.0070, 537.0]
@attribute P_black real [0.052, 1.0]
@attribute P_and real [0.062, 1.0]
@attribute Mean_tr real [1.0, 4955.0]
@attribute Blackpix integer [1, 33017]
@attribute Blackand integer [7, 46133]
@attribute Wb_trans integer [1, 3212]
@attribute Class {positive, negative}
@inputs Height, Lenght, Area, Eccen, P_black, P_and, Mean_tr, Blackpix, Blackand, Wb_trans
@outputs Class
@data
6, 18, 108, 3.0, 0.287, 0.741, 4.43, 31, 80, 7, negative
6, 7, 42, 1.167, 0.357, 0.548, 7.5, 15, 23, 2, negative
5, 7, 35, 1.4, 0.429, 0.886, 2.5, 15, 31, 6, negative
13, 25, 325, 1.923, 0.351, 0.68, 6.0, 114, 221, 19, negative
3, 113, 339, 37.667, 0.41, 0.472, 13.9, 139, 160, 10, positive
10, 98, 980, 9.8, 0.379, 0.835, 2.22, 371, 818, 167, negative
4, 194, 776, 48.5, 0.263, 0.273, 34.0, 204, 212, 6, positive
9, 22, 198, 2.444, 0.288, 0.818, 2.48, 57, 162, 23, negative
9, 51, 459, 5.667, 0.296, 0.786, 2.34, 136, 361, 58, negative
12, 7, 84, 0.583, 0.214, 0.583, 3.6, 18, 49, 5, negative
3, 116, 348, 38.667, 0.385, 0.494, 33.5, 134, 172, 4, positive
1, 8, 8, 8.0, 1.0, 1.0, 8.0, 8, 8, 1, positive
11, 86, 946, 7.818, 0.413, 0.853, 3.1, 391, 807, 126, negative
11, 65, 715, 5.909, 0.39, 0.877, 2.61, 279, 627, 107, negative
11, 119, 1309, 10.818, 0.261, 0.798, 1.88, 341, 1045, 181, negative
11, 119, 1309, 10.818, 0.236, 0.747, 1.75, 309, 978, 177, negative
1, 17, 17, 17.0, 0.765, 1.0, 3.25, 13, 17, 4, positive
14, 185, 2590, 13.214, 0.254, 0.651, 2.27, 657, 1687, 289, negative
2, 116, 232, 58.0, 0.616, 0.802, 17.88, 143, 186, 8, positive
9, 123, 1107, 13.667, 0.362, 0.986, 2.62, 401, 1091, 153, negative
2, 17, 34, 8.5, 0.588, 0.971, 6.67, 20, 33, 3, positive
1, 12, 12, 12.0, 0.583, 1.0, 3.5, 7, 12, 2, negative
7, 58, 406, 8.286, 0.202, 0.751, 2.34, 82, 305, 35, negative
1, 12, 12, 12.0, 0.583, 1.0, 3.5, 7, 12, 2, negative
11, 8, 88, 0.727, 0.705, 1.0, 7.75, 62, 88, 8, negative
11, 8, 88, 0.727, 0.443, 0.466, 39.0, 39, 41, 1, negative
11, 7, 77, 0.636, 0.597, 1.0, 5.75, 46, 77, 8, negative
11, 7, 77, 0.636, 0.468, 1.0, 3.6, 36, 77, 10, negative
10, 98, 980, 9.8, 0.391, 0.835, 2.41, 383, 818, 159, negative
10, 49, 490, 4.9, 0.52, 0.961, 2.97, 255, 471, 86, negative
10, 21, 210, 2.1, 0.329, 0.843, 2.56, 69, 177, 27, negative
9, 34, 306, 3.778, 0.337, 0.817, 1.81, 103, 250, 57, negative
8, 80, 640, 10.0, 0.303, 0.922, 1.72, 194, 590, 113, negative
12, 26, 312, 2.167, 0.221, 1.0, 1.6, 69, 312, 43, negative
8, 26, 208, 3.25, 0.375, 0.947, 1.77, 78, 197, 44, negative
8, 75, 600, 9.375, 0.328, 0.888, 1.86, 197, 533, 106, negative
8, 8, 64, 1.0, 0.203, 0.344, 4.33, 13, 22, 3, negative
9, 84, 756, 9.333, 0.288, 0.791, 1.83, 218, 598, 119, negative
19, 2, 38, 0.105, 0.816, 0.816, 31.0, 31, 31, 1, positive
11, 118, 1298, 10.727, 0.26, 0.817, 2.01, 338, 1061, 168, negative
10, 2, 20, 0.2, 0.55, 0.6, 11.0, 11, 12, 1, positive
8, 44, 352, 5.5, 0.426, 0.938, 3.26, 150, 330, 46, negative
8, 40, 320, 5.0, 0.403, 0.991, 2.53, 129, 317, 51, negative
8, 43, 344, 5.375, 0.349, 0.814, 2.26, 120, 280, 53, negative
11, 301, 3311, 27.364, 0.308, 0.735, 2.22, 1019, 2435, 458, negative
6, 46, 276, 7.667, 0.217, 0.804, 2.0, 60, 222, 30, negative
3, 16, 48, 5.333, 0.375, 0.938, 2.25, 18, 45, 8, negative
1, 52, 52, 52.0, 0.788, 1.0, 10.25, 41, 52, 4, positive
8, 79, 632, 9.875, 0.375, 0.956, 2.12, 237, 604, 112, negative
10, 11, 110, 1.1, 0.382, 1.0, 1.5, 42, 110, 28, negative
8, 17, 136, 2.125, 0.353, 0.801, 2.0, 48, 109, 24, negative
9, 12, 108, 1.333, 0.407, 0.88, 1.69, 44, 95, 26, negative
8, 53, 424, 6.625, 0.37, 0.901, 1.76, 157, 382, 89, negative
11, 100, 1100, 9.091, 0.269, 0.765, 1.9, 296, 842, 156, negative
25, 71, 1775, 2.84, 0.234, 0.748, 2.22, 416, 1328, 187, negative
9, 82, 738, 9.111, 0.247, 0.935, 2.09, 182, 690, 87, negative
12, 13, 156, 1.083, 0.372, 0.981, 2.32, 58, 153, 25, negative
8, 75, 600, 9.375, 0.415, 0.91, 2.37, 249, 546, 105, negative
11, 84, 924, 7.636, 0.251, 0.681, 1.77, 232, 629, 131, negative
2, 123, 246, 61.5, 0.5, 0.504, 123.0, 123, 124, 1, positive
19, 123, 2337, 6.474, 0.089, 0.089, 207.0, 207, 208, 1, negative
10, 100, 1000, 10.0, 0.449, 0.874, 2.82, 449, 874, 159, negative
9, 82, 738, 9.111, 0.337, 0.817, 2.01, 249, 603, 124, negative
12, 116, 1392, 9.667, 0.246, 0.707, 1.99, 343, 984, 172, negative
11, 115, 1265, 10.455, 0.266, 0.723, 1.79, 337, 915, 188, negative
9, 45, 405, 5.0, 0.442, 0.956, 3.31, 179, 387, 54, negative
1, 9, 9, 9.0, 0.778, 1.0, 7.0, 7, 9, 1, positive
8, 42, 336, 5.25, 0.363, 0.97, 2.18, 122, 326, 56, negative
10, 131, 1310, 13.1, 0.456, 0.851, 3.0, 597, 1115, 199, negative
10, 20, 200, 2.0, 0.435, 0.89, 2.9, 87, 178, 30, negative
9, 76, 684, 8.444, 0.363, 0.874, 2.18, 248, 598, 114, negative
11, 207, 2277, 18.818, 0.268, 0.723, 1.84, 610, 1647, 332, negative
9, 93, 837, 10.333, 0.323, 0.888, 2.06, 270, 743, 131, negative
9, 43, 387, 4.778, 0.377, 0.922, 2.25, 146, 357, 65, negative
7, 9, 63, 1.286, 0.333, 0.492, 21.0, 21, 31, 1, negative
1, 152, 152, 152.0, 0.822, 1.0, 11.36, 125, 152, 11, positive
11, 49, 539, 4.455, 0.343, 0.666, 4.3, 185, 359, 43, negative
19, 462, 8778, 24.316, 0.523, 0.688, 16.88, 4591, 6035, 272, positive
10, 38, 380, 3.8, 0.434, 0.892, 2.89, 165, 339, 57, negative
9, 36, 324, 4.0, 0.552, 0.926, 3.51, 179, 300, 51, negative
1, 52, 52, 52.0, 0.981, 1.0, 51.0, 51, 52, 1, positive
9, 82, 738, 9.111, 0.379, 0.879, 2.35, 280, 649, 119, negative
10, 63, 630, 6.3, 0.294, 0.895, 2.2, 185, 564, 84, negative
8, 82, 656, 10.25, 0.288, 0.997, 1.99, 189, 654, 95, negative
11, 43, 473, 3.909, 0.334, 0.875, 2.47, 158, 414, 64, negative
1, 33, 33, 33.0, 1.0, 1.0, 33.0, 33, 33, 1, positive
9, 43, 387, 4.778, 0.509, 0.959, 3.58, 197, 371, 55, negative
9, 44, 396, 4.889, 0.467, 0.944, 3.14, 185, 374, 59, negative
1, 8, 8, 8.0, 0.875, 1.0, 7.0, 7, 8, 1, positive
9, 39, 351, 4.333, 0.293, 0.937, 2.06, 103, 329, 50, negative
10, 131, 1310, 13.1, 0.439, 0.845, 2.79, 575, 1107, 206, negative
8, 59, 472, 7.375, 0.322, 0.881, 2.41, 152, 416, 63, negative
12, 8, 96, 0.667, 0.792, 1.0, 15.2, 76, 96, 5, negative
311, 463, 143993, 1.489, 0.088, 0.16, 3.93, 12631, 23092, 3212, positive
34, 114, 3876, 3.353, 0.105, 0.301, 2.59, 406, 1166, 157, negative
12, 101, 1212, 8.417, 0.292, 0.792, 1.99, 354, 960, 178, negative
10, 98, 980, 9.8, 0.376, 0.861, 2.1, 368, 844, 175, negative
9, 33, 297, 3.667, 0.458, 0.983, 2.19, 136, 292, 62, negative
11, 92, 1012, 8.364, 0.361, 0.851, 2.3, 365, 861, 159, negative
9, 41, 369, 4.556, 0.444, 0.976, 2.88, 164, 360, 57, negative
7, 31, 217, 4.429, 0.295, 0.857, 1.64, 64, 186, 39, negative
7, 17, 119, 2.429, 0.387, 0.857, 2.71, 46, 102, 17, negative
8, 45, 360, 5.625, 0.206, 0.789, 1.8, 74, 284, 41, negative
9, 98, 882, 10.889, 0.491, 0.974, 2.78, 433, 859, 156, negative
9, 34, 306, 3.778, 0.412, 0.902, 1.91, 126, 276, 66, negative
10, 53, 530, 5.3, 0.343, 0.811, 2.0, 182, 430, 91, negative
9, 82, 738, 9.111, 0.408, 0.924, 2.39, 301, 682, 126, negative
10, 34, 340, 3.4, 0.388, 0.891, 2.1, 132, 303, 63, negative
10, 86, 860, 8.6, 0.326, 0.844, 1.85, 280, 726, 151, negative
9, 85, 765, 9.444, 0.395, 0.846, 2.32, 302, 647, 130, negative
24, 340, 8160, 14.167, 0.211, 0.468, 2.67, 1718, 3822, 643, negative
1, 28, 28, 28.0, 0.964, 1.0, 27.0, 27, 28, 1, positive
1, 35, 35, 35.0, 0.829, 1.0, 9.67, 29, 35, 3, positive
7, 7, 49, 1.0, 0.327, 0.898, 2.29, 16, 44, 7, negative
6, 11, 66, 1.833, 0.197, 0.848, 1.3, 13, 56, 10, negative
1, 14, 14, 14.0, 0.571, 1.0, 2.0, 8, 14, 4, positive
8, 14, 112, 1.75, 0.143, 1.0, 2.67, 16, 112, 6, negative
11, 75, 825, 6.818, 0.27, 0.679, 2.08, 223, 560, 107, negative
10, 63, 630, 6.3, 0.251, 0.898, 1.84, 158, 566, 86, negative
9, 10, 90, 1.111, 0.144, 0.522, 6.5, 13, 47, 2, positive
12, 26, 312, 2.167, 0.276, 0.83, 2.21, 86, 259, 39, negative
12, 117, 1404, 9.75, 0.251, 0.635, 1.86, 353, 891, 190, negative
8, 71, 568, 8.875, 0.329, 0.776, 1.83, 187, 441, 102, negative
8, 48, 384, 6.0, 0.328, 0.885, 2.0, 126, 340, 63, negative
9, 130, 1170, 14.444, 0.448, 0.877, 2.63, 524, 1026, 199, negative
3, 14, 42, 4.667, 0.381, 0.881, 3.2, 16, 37, 5, negative
14, 38, 532, 2.714, 0.244, 0.489, 2.95, 130, 260, 44, negative
11, 8, 88, 0.727, 0.545, 1.0, 3.2, 48, 88, 15, negative
9, 37, 333, 4.111, 0.396, 0.85, 2.03, 132, 283, 65, negative
9, 91, 819, 10.111, 0.302, 0.956, 1.98, 247, 783, 125, negative
10, 80, 800, 8.0, 0.279, 0.8, 1.92, 223, 640, 116, negative
11, 101, 1111, 9.182, 0.264, 0.852, 1.65, 293, 947, 178, negative
9, 84, 756, 9.333, 0.25, 0.955, 1.83, 189, 722, 103, negative
9, 52, 468, 5.778, 0.37, 0.996, 1.71, 173, 466, 101, negative
10, 46, 460, 4.6, 0.363, 0.843, 2.01, 167, 388, 83, negative
9, 75, 675, 8.333, 0.373, 0.913, 2.23, 252, 616, 113, negative
76, 1, 76, 0.013, 1.0, 1.0, 76.0, 76, 76, 1, positive
10, 101, 1010, 10.1, 0.45, 0.869, 2.95, 455, 878, 154, negative
12, 118, 1416, 9.833, 0.266, 0.734, 1.99, 377, 1039, 189, negative
9, 85, 765, 9.444, 0.308, 0.744, 1.95, 236, 569, 121, negative
9, 43, 387, 4.778, 0.47, 0.948, 3.31, 182, 367, 55, negative
9, 40, 360, 4.444, 0.386, 0.889, 2.44, 139, 320, 57, negative
1, 37, 37, 37.0, 0.811, 1.0, 6.0, 30, 37, 5, positive
2, 176, 352, 88.0, 0.528, 0.605, 31.0, 186, 213, 6, positive
9, 130, 1170, 14.444, 0.513, 0.925, 2.86, 600, 1082, 210, negative
5, 23, 115, 4.6, 0.226, 1.0, 1.63, 26, 115, 16, negative
7, 123, 861, 17.571, 0.265, 0.626, 1.66, 228, 539, 137, negative
12, 8, 96, 0.667, 0.438, 0.51, 42.0, 42, 49, 1, negative
11, 8, 88, 0.727, 0.716, 1.0, 7.88, 63, 88, 8, negative
1, 29, 29, 29.0, 1.0, 1.0, 29.0, 29, 29, 1, positive
9, 21, 189, 2.333, 0.497, 0.958, 3.62, 94, 181, 26, negative
9, 99, 891, 11.0, 0.288, 0.801, 1.95, 257, 714, 132, negative
9, 12, 108, 1.333, 0.38, 1.0, 1.46, 41, 108, 28, negative
12, 73, 876, 6.083, 0.259, 0.743, 2.1, 227, 651, 108, negative
2, 204, 408, 102.0, 0.412, 0.681, 10.5, 168, 278, 16, positive
10, 29, 290, 2.9, 0.221, 0.572, 3.56, 64, 166, 18, negative
9, 65, 585, 7.222, 0.463, 0.901, 2.66, 271, 527, 102, negative
10, 100, 1000, 10.0, 0.444, 0.924, 2.64, 444, 924, 168, negative
12, 118, 1416, 9.833, 0.255, 0.7, 2.06, 361, 991, 175, negative
9, 43, 387, 4.778, 0.481, 0.953, 3.15, 186, 369, 59, negative
9, 45, 405, 5.0, 0.319, 0.923, 2.11, 129, 374, 61, negative
6, 142, 852, 23.667, 0.115, 0.173, 6.53, 98, 147, 15, positive
261, 30, 7830, 0.115, 0.063, 0.09, 2.4, 492, 701, 205, positive
8, 23, 184, 2.875, 0.255, 1.0, 2.14, 47, 184, 22, negative
7, 14, 98, 2.0, 0.327, 0.99, 2.67, 32, 97, 12, negative
10, 7, 70, 0.7, 0.429, 0.429, 30.0, 30, 30, 1, negative
10, 8, 80, 0.8, 0.6, 1.0, 6.0, 48, 80, 8, negative
10, 9, 90, 0.9, 0.522, 0.656, 9.4, 47, 59, 5, negative
9, 36, 324, 4.0, 0.491, 0.84, 3.31, 159, 272, 48, negative
9, 21, 189, 2.333, 0.365, 0.82, 2.88, 69, 155, 24, negative
9, 80, 720, 8.889, 0.333, 0.914, 2.09, 240, 658, 115, negative
9, 50, 450, 5.556, 0.32, 0.716, 2.67, 144, 322, 54, negative
8, 83, 664, 10.375, 0.398, 0.94, 2.15, 264, 624, 123, negative
11, 101, 1111, 9.182, 0.253, 0.77, 1.71, 281, 856, 164, negative
9, 83, 747, 9.222, 0.293, 0.751, 2.28, 219, 561, 96, negative
11, 43, 473, 3.909, 0.281, 0.774, 2.18, 133, 366, 61, negative
10, 64, 640, 6.4, 0.439, 0.889, 2.58, 281, 569, 109, negative
9, 36, 324, 4.0, 0.531, 0.938, 2.82, 172, 304, 61, negative
38, 70, 2660, 1.842, 0.059, 0.062, 19.63, 157, 165, 8, positive
9, 1, 9, 0.111, 1.0, 1.0, 9.0, 9, 9, 1, positive
12, 230, 2760, 19.167, 0.164, 0.57, 3.48, 453, 1572, 130, negative
8, 71, 568, 8.875, 0.312, 0.866, 1.86, 177, 492, 95, negative
13, 85, 1105, 6.538, 0.327, 0.633, 2.76, 361, 700, 131, negative
13, 440, 5720, 33.846, 0.255, 0.696, 2.18, 1459, 3983, 669, negative
17, 1, 17, 0.059, 1.0, 1.0, 17.0, 17, 17, 1, positive
37, 72, 2664, 1.946, 0.12, 0.257, 7.64, 321, 685, 42, positive
7, 116, 812, 16.571, 0.262, 0.788, 1.84, 213, 640, 116, negative
7, 46, 322, 6.571, 0.304, 0.963, 2.58, 98, 310, 38, negative
9, 59, 531, 6.556, 0.492, 0.861, 3.22, 261, 457, 81, negative
28, 137, 3836, 4.893, 0.265, 0.564, 5.05, 1016, 2163, 201, negative
12, 103, 1236, 8.583, 0.353, 0.724, 2.55, 436, 895, 171, negative
49, 79, 3871, 1.612, 0.084, 0.179, 7.36, 324, 694, 44, positive
5, 39, 195, 7.8, 0.344, 0.728, 2.09, 67, 142, 32, negative
7, 28, 196, 4.0, 0.337, 0.99, 2.13, 66, 194, 31, negative
7, 175, 1225, 25.0, 0.337, 0.991, 1.87, 413, 1214, 221, negative
15, 136, 2040, 9.067, 0.24, 0.748, 2.81, 489, 1526, 174, negative
7, 181, 1267, 25.857, 0.316, 0.758, 1.65, 400, 961, 242, negative
6, 100, 600, 16.667, 0.345, 0.795, 1.68, 207, 477, 123, negative
6, 43, 258, 7.167, 0.337, 0.969, 1.67, 87, 250, 52, negative
10, 35, 350, 3.5, 0.337, 0.714, 1.87, 118, 250, 63, negative
12, 80, 960, 6.667, 0.324, 0.673, 2.45, 311, 646, 127, negative
14, 418, 5852, 29.857, 0.261, 0.619, 2.16, 1525, 3625, 707, negative
39, 70, 2730, 1.795, 0.09, 0.255, 7.0, 245, 697, 35, positive
5, 115, 575, 23.0, 0.417, 0.92, 2.03, 240, 529, 118, negative
7, 27, 189, 3.857, 0.344, 1.0, 1.97, 65, 189, 33, negative
11, 29, 319, 2.636, 0.408, 0.765, 3.1, 130, 244, 42, negative
14, 234, 3276, 16.714, 0.383, 0.634, 4.2, 1256, 2077, 299, negative
13, 147, 1911, 11.308, 0.358, 0.703, 3.6, 684, 1343, 190, negative
9, 9, 81, 1.0, 0.63, 0.802, 5.1, 51, 65, 10, negative
10, 90, 900, 9.0, 0.501, 0.868, 3.92, 451, 781, 115, negative
12, 410, 4920, 34.167, 0.333, 0.661, 2.69, 1636, 3254, 608, negative
13, 291, 3783, 22.385, 0.285, 0.627, 2.68, 1080, 2371, 403, negative
10, 33, 330, 3.3, 0.327, 0.742, 2.35, 108, 245, 46, negative
8, 183, 1464, 22.875, 0.288, 0.664, 2.08, 421, 972, 202, negative
11, 337, 3707, 30.636, 0.175, 0.637, 2.2, 650, 2361, 296, negative
3, 304, 912, 101.33, 0.555, 0.686, 42.17, 506, 626, 12, positive
8, 69, 552, 8.625, 0.415, 0.984, 2.16, 229, 543, 106, negative
8, 132, 1056, 16.5, 0.311, 0.873, 2.01, 328, 922, 163, negative
6, 101, 606, 16.833, 0.411, 0.876, 1.93, 249, 531, 129, negative
6, 50, 300, 8.333, 0.327, 0.687, 2.0, 98, 206, 49, negative
6, 46, 276, 7.667, 0.315, 0.75, 2.12, 87, 207, 41, negative
6, 29, 174, 4.833, 0.356, 0.684, 1.88, 62, 119, 33, negative
12, 498, 5976, 41.5, 0.307, 0.639, 2.44, 1833, 3818, 752, negative
153, 442, 67626, 2.889, 0.114, 0.215, 6.27, 7689, 14538, 1227, positive
9, 13, 117, 1.444, 0.564, 0.863, 3.88, 66, 101, 17, negative
11, 37, 407, 3.364, 0.371, 0.899, 2.01, 151, 366, 75, negative
10, 54, 540, 5.4, 0.378, 0.622, 3.14, 204, 336, 65, negative
12, 500, 6000, 41.667, 0.264, 0.595, 2.45, 1584, 3568, 646, negative
9, 108, 972, 12.0, 0.376, 0.815, 2.35, 365, 792, 155, negative
6, 184, 1104, 30.667, 0.323, 0.752, 1.99, 357, 830, 179, negative
7, 63, 441, 9.0, 0.333, 0.971, 1.99, 147, 428, 74, negative
5, 43, 215, 8.6, 0.265, 0.786, 1.33, 57, 169, 43, negative
5, 28, 140, 5.6, 0.329, 0.871, 1.77, 46, 122, 26, negative
10, 35, 350, 3.5, 0.331, 0.686, 1.93, 116, 240, 60, negative
9, 60, 540, 6.667, 0.413, 0.822, 2.75, 223, 444, 81, negative
5, 333, 1665, 66.6, 0.374, 0.413, 36.65, 623, 688, 17, positive
7, 100, 700, 14.286, 0.294, 0.633, 1.67, 206, 443, 123, negative
9, 40, 360, 4.444, 0.494, 0.925, 2.92, 178, 333, 61, negative
10, 249, 2490, 24.9, 0.462, 0.842, 3.53, 1151, 2097, 326, negative
12, 232, 2784, 19.333, 0.316, 0.703, 2.34, 879, 1957, 375, negative
2, 6, 12, 3.0, 0.667, 1.0, 4.0, 8, 12, 2, positive
5, 38, 190, 7.6, 0.316, 0.695, 2.07, 60, 132, 29, negative
6, 89, 534, 14.833, 0.298, 0.758, 1.61, 159, 405, 99, negative
3, 27, 81, 9.0, 0.481, 0.926, 1.77, 39, 75, 22, negative
7, 17, 119, 2.429, 0.555, 0.933, 2.64, 66, 111, 25, negative
22, 71, 1562, 3.227, 0.499, 0.836, 10.99, 780, 1306, 71, negative
8, 192, 1536, 24.0, 0.316, 0.746, 1.74, 485, 1146, 279, negative
10, 121, 1210, 12.1, 0.415, 0.879, 2.61, 502, 1063, 192, negative
9, 71, 639, 7.889, 0.352, 0.897, 1.97, 225, 573, 114, negative
9, 71, 639, 7.889, 0.294, 0.762, 2.16, 188, 487, 87, negative
10, 413, 4130, 41.3, 0.315, 0.731, 2.47, 1302, 3018, 527, negative
12, 118, 1416, 9.833, 0.35, 0.778, 2.98, 495, 1102, 166, negative
10, 98, 980, 9.8, 0.392, 0.849, 2.49, 384, 832, 154, negative
24, 96, 2304, 4.0, 0.208, 0.504, 3.18, 480, 1161, 151, negative
18, 64, 1152, 3.556, 0.261, 0.705, 3.24, 301, 812, 93, negative
9, 77, 693, 8.556, 0.251, 0.56, 1.87, 174, 388, 93, negative
9, 21, 189, 2.333, 0.302, 0.614, 1.9, 57, 116, 30, negative
10, 197, 1970, 19.7, 0.245, 0.751, 1.87, 482, 1479, 258, negative
7, 41, 287, 5.857, 0.425, 0.993, 1.97, 122, 285, 62, negative
8, 35, 280, 4.375, 0.321, 0.775, 1.76, 90, 217, 51, negative
4, 5, 20, 1.25, 0.35, 0.8, 2.33, 7, 16, 3, positive
4, 5, 20, 1.25, 0.35, 0.8, 2.33, 7, 16, 3, positive
8, 7, 56, 0.875, 0.304, 0.946, 1.55, 17, 53, 11, negative
8, 11, 88, 1.375, 0.318, 0.864, 1.33, 28, 76, 21, negative
8, 272, 2176, 34.0, 0.186, 0.539, 1.35, 404, 1172, 299, negative
10, 272, 2720, 27.2, 0.187, 0.649, 1.38, 508, 1765, 368, negative
10, 271, 2710, 27.1, 0.199, 0.717, 1.42, 540, 1942, 381, negative
10, 272, 2720, 27.2, 0.211, 0.772, 1.43, 573, 2101, 401, negative
7, 10, 70, 1.429, 0.286, 0.886, 1.82, 20, 62, 11, negative
4, 9, 36, 2.25, 0.417, 1.0, 1.67, 15, 36, 9, negative
7, 11, 77, 1.571, 0.351, 0.87, 1.8, 27, 67, 15, negative
10, 236, 2360, 23.6, 0.183, 0.572, 1.31, 432, 1349, 330, negative
7, 38, 266, 5.429, 0.308, 0.789, 1.55, 82, 210, 53, negative
8, 245, 1960, 30.625, 0.198, 0.555, 1.36, 389, 1088, 286, negative
7, 23, 161, 3.286, 0.373, 0.851, 1.71, 60, 137, 35, negative
8, 71, 568, 8.875, 0.238, 0.701, 1.47, 135, 398, 92, negative
7, 7, 49, 1.0, 0.429, 1.0, 1.91, 21, 49, 11, negative
10, 234, 2340, 23.4, 0.188, 0.614, 1.38, 441, 1437, 319, negative
10, 197, 1970, 19.7, 0.144, 0.589, 1.25, 284, 1160, 228, negative
10, 271, 2710, 27.1, 0.193, 0.693, 1.37, 522, 1878, 380, negative
8, 88, 704, 11.0, 0.195, 0.756, 1.49, 137, 532, 92, negative
7, 11, 77, 1.571, 0.351, 0.87, 1.5, 27, 67, 18, negative
7, 21, 147, 3.0, 0.313, 0.966, 1.48, 46, 142, 31, negative
9, 238, 2142, 26.444, 0.168, 0.614, 1.26, 359, 1316, 285, negative
8, 26, 208, 3.25, 0.264, 0.62, 1.45, 55, 129, 38, negative
6, 20, 120, 3.333, 0.175, 0.792, 1.5, 21, 95, 14, negative
8, 126, 1008, 15.75, 0.188, 0.685, 1.27, 189, 690, 149, negative
9, 81, 729, 9.0, 0.187, 0.542, 1.49, 136, 395, 91, negative
5, 53, 265, 10.6, 0.223, 0.611, 1.28, 59, 162, 46, negative
7, 8, 56, 1.143, 0.357, 1.0, 2.86, 20, 56, 7, negative
5, 4, 20, 0.8, 0.35, 0.85, 1.75, 7, 17, 4, negative
1, 114, 114, 114.0, 0.939, 1.0, 21.4, 107, 114, 5, positive
1, 41, 41, 41.0, 0.927, 1.0, 12.67, 38, 41, 3, positive
6, 49, 294, 8.167, 0.241, 0.633, 1.42, 71, 186, 50, negative
6, 19, 114, 3.167, 0.254, 0.956, 1.16, 29, 109, 25, negative
1, 106, 106, 106.0, 0.858, 1.0, 15.17, 91, 106, 6, positive
8, 11, 88, 1.375, 0.159, 0.477, 1.75, 14, 42, 8, negative
6, 13, 78, 2.167, 0.295, 0.897, 1.64, 23, 70, 14, negative
7, 41, 287, 5.857, 0.22, 0.756, 1.47, 63, 217, 43, negative
6, 40, 240, 6.667, 0.313, 0.996, 1.27, 75, 239, 59, negative
1, 12, 12, 12.0, 0.583, 1.0, 1.75, 7, 12, 4, negative
7, 37, 259, 5.286, 0.301, 0.691, 1.81, 78, 179, 43, negative
5, 13, 65, 2.6, 0.415, 0.938, 1.69, 27, 61, 16, negative
6, 17, 102, 2.833, 0.255, 0.745, 1.18, 26, 76, 22, negative
7, 41, 287, 5.857, 0.226, 0.784, 1.48, 65, 225, 44, negative
9, 15, 135, 1.667, 0.178, 0.556, 1.6, 24, 75, 15, negative
7, 16, 112, 2.286, 0.25, 0.527, 2.0, 28, 59, 14, negative
3, 9, 27, 3.0, 0.296, 1.0, 1.33, 8, 27, 6, negative
8, 30, 240, 3.75, 0.233, 0.833, 1.24, 56, 200, 45, negative
5, 17, 85, 3.4, 0.4, 0.965, 1.31, 34, 82, 26, negative
5, 3, 15, 0.6, 0.6, 1.0, 4.5, 9, 15, 2, negative
9, 19, 171, 2.111, 0.269, 0.643, 1.35, 46, 110, 34, negative
7, 18, 126, 2.571, 0.27, 0.714, 1.36, 34, 90, 25, negative
5, 11, 55, 2.2, 0.345, 0.873, 1.46, 19, 48, 13, negative
7, 29, 203, 4.143, 0.286, 0.67, 1.71, 58, 136, 34, negative
9, 21, 189, 2.333, 0.243, 0.757, 1.31, 46, 143, 35, negative
7, 33, 231, 4.714, 0.299, 0.848, 1.44, 69, 196, 48, negative
9, 220, 1980, 24.444, 0.23, 0.758, 1.44, 456, 1501, 316, negative
9, 251, 2259, 27.889, 0.187, 0.672, 1.33, 423, 1517, 317, negative
9, 49, 441, 5.444, 0.265, 0.744, 1.6, 117, 328, 73, negative
8, 63, 504, 7.875, 0.256, 0.694, 1.52, 129, 350, 85, negative
9, 5, 45, 0.556, 0.244, 0.867, 2.2, 11, 39, 5, negative
9, 135, 1215, 15.0, 0.249, 0.626, 1.56, 302, 761, 193, negative
7, 41, 287, 5.857, 0.345, 0.777, 1.55, 99, 223, 64, negative
7, 46, 322, 6.571, 0.354, 1.0, 1.46, 114, 322, 78, negative
7, 20, 140, 2.857, 0.35, 0.757, 1.58, 49, 106, 31, negative
7, 5, 35, 0.714, 0.257, 0.571, 2.25, 9, 20, 4, negative
9, 56, 504, 6.222, 0.196, 0.617, 1.24, 99, 311, 80, negative
7, 33, 231, 4.714, 0.342, 0.848, 1.98, 79, 196, 40, negative
7, 49, 343, 7.0, 0.3, 0.72, 1.34, 103, 247, 77, negative
9, 49, 441, 5.444, 0.272, 0.791, 1.38, 120, 349, 87, negative
8, 11, 88, 1.375, 0.25, 0.83, 1.29, 22, 73, 17, negative
7, 36, 252, 5.143, 0.365, 0.96, 1.67, 92, 242, 55, negative
7, 9, 63, 1.286, 0.381, 0.952, 1.85, 24, 60, 13, negative
5, 5, 25, 1.0, 0.52, 1.0, 2.17, 13, 25, 6, negative
7, 19, 133, 2.714, 0.361, 0.917, 1.5, 48, 122, 32, negative
8, 23, 184, 2.875, 0.239, 0.554, 1.76, 44, 102, 25, negative
6, 33, 198, 5.5, 0.268, 0.848, 1.39, 53, 168, 38, negative
5, 5, 25, 1.0, 0.36, 1.0, 1.29, 9, 25, 7, negative
7, 42, 294, 6.0, 0.333, 0.844, 1.46, 98, 248, 67, negative
7, 46, 322, 6.571, 0.304, 0.745, 1.53, 98, 240, 64, negative
9, 58, 522, 6.444, 0.203, 0.531, 1.34, 106, 277, 79, negative
9, 8, 72, 0.889, 0.222, 0.736, 1.78, 16, 53, 9, negative
9, 22, 198, 2.444, 0.227, 0.934, 1.61, 45, 185, 28, negative
7, 32, 224, 4.571, 0.232, 0.804, 1.3, 52, 180, 40, negative
9, 19, 171, 2.111, 0.222, 0.673, 1.31, 38, 115, 29, negative
7, 16, 112, 2.286, 0.304, 0.955, 1.13, 34, 107, 30, negative
6, 7, 42, 1.167, 0.262, 0.786, 1.38, 11, 33, 8, negative
9, 29, 261, 3.222, 0.234, 0.889, 1.39, 61, 232, 44, negative
9, 49, 441, 5.444, 0.247, 0.721, 1.51, 109, 318, 72, negative
8, 57, 456, 7.125, 0.268, 0.798, 1.45, 122, 364, 84, negative
8, 54, 432, 6.75, 0.275, 0.778, 1.37, 119, 336, 87, negative
7, 19, 133, 2.714, 0.398, 0.977, 1.77, 53, 130, 30, negative
7, 18, 126, 2.571, 0.27, 0.825, 1.31, 34, 104, 26, negative
7, 40, 280, 5.714, 0.336, 0.782, 1.47, 94, 219, 64, negative
7, 20, 140, 2.857, 0.257, 0.879, 1.13, 36, 123, 32, negative
5, 24, 120, 4.8, 0.375, 0.95, 1.45, 45, 114, 31, negative
9, 54, 486, 6.0, 0.191, 0.741, 1.24, 93, 360, 75, negative
9, 39, 351, 4.333, 0.239, 0.624, 1.53, 84, 219, 55, negative
7, 35, 245, 5.0, 0.302, 0.939, 1.48, 74, 230, 50, negative
7, 54, 378, 7.714, 0.235, 0.799, 1.53, 89, 302, 58, negative
7, 17, 119, 2.429, 0.227, 0.891, 1.5, 27, 106, 18, negative
7, 11, 77, 1.571, 0.286, 0.909, 1.29, 22, 70, 17, negative
10, 13, 130, 1.3, 0.231, 0.8, 1.76, 30, 104, 17, negative
6, 11, 66, 1.833, 0.364, 0.955, 1.33, 24, 63, 18, negative
8, 30, 240, 3.75, 0.225, 0.671, 1.23, 54, 161, 44, negative
7, 13, 91, 1.857, 0.341, 0.846, 1.82, 31, 77, 17, negative
7, 27, 189, 3.857, 0.37, 0.841, 1.79, 70, 159, 39, negative
7, 11, 77, 1.571, 0.364, 0.922, 2.0, 28, 71, 14, negative
6, 28, 168, 4.667, 0.369, 0.78, 1.77, 62, 131, 35, negative
5, 13, 65, 2.6, 0.477, 0.938, 1.48, 31, 61, 21, negative
7, 11, 77, 1.571, 0.247, 0.61, 1.36, 19, 47, 14, negative
7, 27, 189, 3.857, 0.286, 1.0, 1.32, 54, 189, 41, negative
7, 21, 147, 3.0, 0.333, 0.789, 1.4, 49, 116, 35, negative
7, 20, 140, 2.857, 0.257, 0.75, 1.33, 36, 105, 27, negative
5, 19, 95, 3.8, 0.389, 0.895, 1.32, 37, 85, 28, negative
10, 33, 330, 3.3, 0.182, 0.564, 1.4, 60, 186, 43, negative
7, 6, 42, 0.857, 0.381, 1.0, 2.29, 16, 42, 7, negative
8, 15, 120, 1.875, 0.267, 0.908, 1.23, 32, 109, 26, negative
7, 38, 266, 5.429, 0.338, 0.729, 1.55, 90, 194, 58, negative
7, 36, 252, 5.143, 0.302, 0.873, 1.36, 76, 220, 56, negative
7, 30, 210, 4.286, 0.338, 0.762, 1.54, 71, 160, 46, negative
6, 11, 66, 1.833, 0.348, 1.0, 1.53, 23, 66, 15, negative
6, 19, 114, 3.167, 0.307, 0.904, 1.59, 35, 103, 22, negative
7, 32, 224, 4.571, 0.272, 0.862, 1.53, 61, 193, 40, negative
6, 10, 60, 1.667, 0.317, 0.85, 1.19, 19, 51, 16, negative
7, 38, 266, 5.429, 0.286, 0.748, 1.69, 76, 199, 45, negative
7, 13, 91, 1.857, 0.33, 0.835, 1.58, 30, 76, 19, negative
10, 38, 380, 3.8, 0.187, 0.463, 1.37, 71, 176, 52, negative
7, 21, 147, 3.0, 0.306, 0.741, 1.67, 45, 109, 27, negative
6, 11, 66, 1.833, 0.333, 0.788, 1.47, 22, 52, 15, negative
7, 41, 287, 5.857, 0.341, 0.721, 1.58, 98, 207, 62, negative
7, 33, 231, 4.714, 0.264, 0.844, 1.2, 61, 195, 51, negative
7, 36, 252, 5.143, 0.278, 0.937, 1.25, 70, 236, 56, negative
6, 15, 90, 2.5, 0.267, 0.833, 2.0, 24, 75, 12, negative
6, 6, 36, 1.0, 0.417, 1.0, 1.88, 15, 36, 8, negative
5, 14, 70, 2.8, 0.386, 0.857, 1.69, 27, 60, 16, negative
7, 11, 77, 1.571, 0.312, 1.0, 1.33, 24, 77, 18, negative
7, 34, 238, 4.857, 0.298, 0.937, 1.31, 71, 223, 54, negative
7, 6, 42, 0.857, 0.333, 1.0, 1.4, 14, 42, 10, negative
7, 11, 77, 1.571, 0.39, 0.766, 1.76, 30, 59, 17, negative
8, 47, 376, 5.875, 0.266, 0.604, 1.56, 100, 227, 64, negative
8, 40, 320, 5.0, 0.213, 0.659, 1.24, 68, 211, 55, negative
6, 27, 162, 4.5, 0.241, 0.988, 1.11, 39, 160, 35, negative
7, 16, 112, 2.286, 0.259, 0.768, 2.07, 29, 86, 14, negative
10, 37, 370, 3.7, 0.154, 0.457, 1.39, 57, 169, 41, negative
9, 5, 45, 0.556, 0.244, 0.622, 1.83, 11, 28, 6, negative
7, 33, 231, 4.714, 0.346, 0.879, 1.36, 80, 203, 59, negative
7, 25, 175, 3.571, 0.303, 0.709, 1.51, 53, 124, 35, negative
7, 7, 49, 1.0, 0.306, 0.959, 1.67, 15, 47, 9, negative
6, 38, 228, 6.333, 0.377, 0.833, 1.51, 86, 190, 57, negative
7, 18, 126, 2.571, 0.238, 0.714, 1.15, 30, 90, 26, negative
5, 9, 45, 1.8, 0.333, 1.0, 1.88, 15, 45, 8, negative
6, 40, 240, 6.667, 0.296, 0.729, 1.37, 71, 175, 52, negative
9, 103, 927, 11.444, 0.243, 0.663, 1.42, 225, 615, 159, negative
5, 13, 65, 2.6, 0.431, 0.923, 1.87, 28, 60, 15, negative
6, 13, 78, 2.167, 0.308, 0.974, 1.41, 24, 76, 17, negative
7, 5, 35, 0.714, 0.429, 0.886, 2.5, 15, 31, 6, negative
6, 18, 108, 3.0, 0.315, 1.0, 1.62, 34, 108, 21, negative
5, 4, 20, 0.8, 0.45, 0.8, 3.0, 9, 16, 3, negative
7, 17, 119, 2.429, 0.361, 0.782, 1.65, 43, 93, 26, negative
9, 82, 738, 9.111, 0.245, 0.562, 1.48, 181, 415, 122, negative
9, 48, 432, 5.333, 0.227, 0.657, 1.42, 98, 284, 69, negative
7, 52, 364, 7.429, 0.266, 0.959, 1.21, 97, 349, 80, negative
6, 14, 84, 2.333, 0.298, 0.619, 1.79, 25, 52, 14, negative
7, 13, 91, 1.857, 0.374, 0.901, 1.7, 34, 82, 20, negative
7, 33, 231, 4.714, 0.351, 0.957, 1.45, 81, 221, 56, negative
6, 19, 114, 3.167, 0.316, 0.886, 1.8, 36, 101, 20, negative
8, 41, 328, 5.125, 0.21, 0.662, 1.44, 69, 217, 48, negative
8, 32, 256, 4.0, 0.207, 0.797, 1.23, 53, 204, 43, negative
9, 16, 144, 1.778, 0.208, 0.715, 1.5, 30, 103, 20, negative
9, 25, 225, 2.778, 0.249, 0.911, 1.51, 56, 205, 37, negative
9, 18, 162, 2.0, 0.241, 0.981, 1.44, 39, 159, 27, negative
9, 13, 117, 1.444, 0.308, 0.88, 1.71, 36, 103, 21, negative
9, 55, 495, 6.111, 0.255, 0.697, 1.38, 126, 345, 91, negative
7, 7, 49, 1.0, 0.388, 0.939, 1.9, 19, 46, 10, negative
7, 35, 245, 5.0, 0.347, 0.771, 1.52, 85, 189, 56, negative
7, 45, 315, 6.429, 0.238, 0.67, 1.15, 75, 211, 65, negative
7, 10, 70, 1.429, 0.343, 0.786, 1.33, 24, 55, 18, negative
5, 32, 160, 6.4, 0.419, 0.981, 1.31, 67, 157, 51, negative
9, 7, 63, 0.778, 0.286, 0.778, 2.0, 18, 49, 9, negative
7, 4, 28, 0.571, 0.321, 0.679, 9.0, 9, 19, 1, negative
7, 31, 217, 4.429, 0.313, 0.71, 1.51, 68, 154, 45, negative
7, 54, 378, 7.714, 0.304, 0.876, 1.26, 115, 331, 91, negative
7, 23, 161, 3.286, 0.447, 1.0, 1.95, 72, 161, 37, negative
6, 20, 120, 3.333, 0.258, 0.975, 1.29, 31, 117, 24, negative
7, 29, 203, 4.143, 0.281, 0.783, 1.33, 57, 159, 43, negative
7, 7, 49, 1.0, 0.306, 0.592, 2.14, 15, 29, 7, negative
9, 29, 261, 3.222, 0.188, 0.502, 1.48, 49, 131, 33, negative
5, 4, 20, 0.8, 0.45, 0.75, 2.25, 9, 15, 4, negative
8, 9, 72, 1.125, 0.361, 0.792, 1.53, 26, 57, 17, negative
7, 9, 63, 1.286, 0.429, 0.683, 2.45, 27, 43, 11, negative
11, 25, 275, 2.273, 0.276, 0.629, 1.9, 76, 173, 40, negative
7, 17, 119, 2.429, 0.429, 0.908, 1.89, 51, 108, 27, negative
5, 7, 35, 1.4, 0.543, 1.0, 2.11, 19, 35, 9, negative
8, 10, 80, 1.25, 0.475, 0.888, 2.92, 38, 71, 13, negative
8, 18, 144, 2.25, 0.424, 0.889, 2.03, 61, 128, 30, negative
8, 6, 48, 0.75, 0.458, 0.833, 2.75, 22, 40, 8, negative
14, 17, 238, 1.214, 0.113, 0.387, 1.8, 27, 92, 15, positive
22, 22, 484, 1.0, 0.107, 0.473, 1.79, 52, 229, 29, positive
16, 4, 64, 0.25, 0.156, 0.531, 5.0, 10, 34, 2, positive
8, 9, 72, 1.125, 0.458, 1.0, 3.0, 33, 72, 11, negative
8, 43, 344, 5.375, 0.398, 0.939, 2.4, 137, 323, 57, negative
8, 13, 104, 1.625, 0.423, 0.99, 1.76, 44, 103, 25, negative
8, 16, 128, 2.0, 0.383, 0.867, 1.96, 49, 111, 25, negative
6, 8, 48, 1.333, 0.542, 0.938, 2.0, 26, 45, 13, negative
36, 48, 1728, 1.333, 0.143, 0.437, 3.58, 247, 755, 69, positive
8, 4, 32, 0.5, 0.469, 0.875, 5.0, 15, 28, 3, negative
11, 32, 352, 2.909, 0.301, 0.895, 1.89, 106, 315, 56, negative
10, 42, 420, 4.2, 0.355, 0.862, 2.13, 149, 362, 70, negative
7, 46, 322, 6.571, 0.177, 0.304, 8.14, 57, 98, 7, positive
11, 15, 165, 1.364, 0.358, 0.752, 2.19, 59, 124, 27, negative
8, 24, 192, 3.0, 0.339, 0.917, 1.81, 65, 176, 36, negative
9, 116, 1044, 12.889, 0.339, 0.88, 1.86, 354, 919, 190, negative
8, 35, 280, 4.375, 0.382, 1.0, 2.02, 107, 280, 53, negative
8, 9, 72, 1.125, 0.431, 0.958, 2.07, 31, 69, 15, negative
9, 15, 135, 1.667, 0.407, 0.844, 2.29, 55, 114, 24, negative
8, 19, 152, 2.375, 0.368, 0.704, 2.33, 56, 107, 24, negative
11, 39, 429, 3.545, 0.317, 0.711, 2.47, 136, 305, 55, negative
8, 19, 152, 2.375, 0.355, 0.868, 1.74, 54, 132, 31, negative
9, 4, 36, 0.444, 0.25, 0.75, 9.0, 9, 27, 1, positive
10, 33, 330, 3.3, 0.318, 0.758, 2.33, 105, 250, 45, negative
6, 13, 78, 2.167, 0.103, 0.449, 4.0, 8, 35, 2, positive
54, 48, 2592, 0.889, 0.143, 0.264, 6.85, 370, 685, 54, positive
9, 47, 423, 5.222, 0.362, 0.905, 2.01, 153, 383, 76, negative
8, 10, 80, 1.25, 0.425, 0.925, 2.13, 34, 74, 16, negative
10, 41, 410, 4.1, 0.339, 0.832, 2.01, 139, 341, 69, negative
6, 6, 36, 1.0, 0.528, 0.917, 3.17, 19, 33, 6, negative
6, 47, 282, 7.833, 0.202, 0.202, 57.0, 57, 57, 1, positive
12, 271, 3252, 22.583, 0.259, 0.689, 1.99, 843, 2241, 423, negative
8, 21, 168, 2.625, 0.357, 0.911, 1.67, 60, 153, 36, negative
8, 30, 240, 3.75, 0.383, 0.983, 1.88, 92, 236, 49, negative
11, 29, 319, 2.636, 0.298, 0.752, 2.21, 95, 240, 43, negative
8, 15, 120, 1.875, 0.475, 0.992, 2.59, 57, 119, 22, negative
9, 22, 198, 2.444, 0.268, 0.596, 3.31, 53, 118, 16, negative
8, 9, 72, 1.125, 0.458, 0.986, 2.2, 33, 71, 15, negative
8, 16, 128, 2.0, 0.375, 0.93, 2.09, 48, 119, 23, negative
6, 4, 24, 0.667, 0.625, 0.792, 5.0, 15, 19, 3, negative
8, 21, 168, 2.625, 0.435, 1.0, 1.97, 73, 168, 37, negative
9, 27, 243, 3.0, 0.358, 0.856, 1.85, 87, 208, 47, negative
11, 86, 946, 7.818, 0.297, 0.748, 1.95, 281, 708, 144, negative
8, 50, 400, 6.25, 0.428, 0.74, 2.31, 171, 296, 74, negative
10, 28, 280, 2.8, 0.375, 0.657, 2.33, 105, 184, 45, negative
9, 37, 333, 4.111, 0.333, 0.655, 2.22, 111, 218, 50, negative
8, 5, 40, 0.625, 0.45, 1.0, 3.0, 18, 40, 6, negative
11, 44, 484, 4.0, 0.308, 0.818, 2.01, 149, 396, 74, negative
11, 31, 341, 2.818, 0.323, 0.83, 2.08, 110, 283, 53, negative
10, 25, 250, 2.5, 0.408, 0.68, 2.43, 102, 170, 42, negative
10, 47, 470, 4.7, 0.338, 0.698, 2.3, 159, 328, 69, negative
12, 272, 3264, 22.667, 0.249, 0.602, 2.01, 812, 1965, 404, negative
11, 240, 2640, 21.818, 0.27, 0.634, 2.05, 714, 1674, 348, negative
8, 13, 104, 1.625, 0.394, 0.913, 2.28, 41, 95, 18, negative
8, 26, 208, 3.25, 0.394, 1.0, 2.16, 82, 208, 38, negative
10, 25, 250, 2.5, 0.392, 0.808, 2.51, 98, 202, 39, negative
9, 19, 171, 2.111, 0.386, 0.912, 2.2, 66, 156, 30, negative
8, 34, 272, 4.25, 0.419, 0.783, 2.0, 114, 213, 57, negative
11, 32, 352, 2.909, 0.332, 0.815, 1.86, 117, 287, 63, negative
11, 36, 396, 3.273, 0.283, 0.79, 2.07, 112, 313, 54, negative
10, 21, 210, 2.1, 0.3, 0.81, 1.91, 63, 170, 33, negative
11, 51, 561, 4.636, 0.294, 0.824, 2.06, 165, 462, 80, negative
8, 27, 216, 3.375, 0.407, 1.0, 2.05, 88, 216, 43, negative
8, 14, 112, 1.75, 0.446, 1.0, 2.17, 50, 112, 23, negative
8, 39, 312, 4.875, 0.388, 0.933, 2.2, 121, 291, 55, negative
11, 52, 572, 4.727, 0.262, 0.858, 1.79, 150, 491, 84, negative
10, 26, 260, 2.6, 0.296, 0.942, 2.2, 77, 245, 35, negative
10, 28, 280, 2.8, 0.293, 0.8, 2.0, 82, 224, 41, negative
10, 18, 180, 1.8, 0.383, 1.0, 2.3, 69, 180, 30, negative
9, 43, 387, 4.778, 0.3, 0.713, 1.78, 116, 276, 65, negative
8, 69, 552, 8.625, 0.366, 0.897, 1.94, 202, 495, 104, negative
8, 14, 112, 1.75, 0.42, 0.759, 2.04, 47, 85, 23, negative
8, 22, 176, 2.75, 0.477, 1.0, 2.27, 84, 176, 37, negative
8, 21, 168, 2.625, 0.357, 0.964, 2.07, 60, 162, 29, negative
9, 26, 234, 2.889, 0.342, 0.821, 2.35, 80, 192, 34, negative
9, 24, 216, 2.667, 0.352, 0.722, 2.17, 76, 156, 35, negative
8, 31, 248, 3.875, 0.415, 1.0, 1.87, 103, 248, 55, negative
9, 12, 108, 1.333, 0.491, 0.889, 2.41, 53, 96, 22, negative
8, 16, 128, 2.0, 0.461, 0.93, 2.57, 59, 119, 23, negative
10, 69, 690, 6.9, 0.277, 0.68, 1.85, 191, 469, 103, negative
10, 145, 1450, 14.5, 0.278, 0.724, 1.9, 403, 1050, 212, negative
11, 272, 2992, 24.727, 0.26, 0.681, 1.82, 778, 2038, 428, negative
8, 39, 312, 4.875, 0.282, 0.747, 2.0, 88, 233, 44, negative
8, 7, 56, 0.875, 0.464, 1.0, 2.36, 26, 56, 11, negative
8, 32, 256, 4.0, 0.352, 0.973, 1.8, 90, 249, 50, negative
8, 45, 360, 5.625, 0.367, 0.783, 1.89, 132, 282, 70, negative
8, 16, 128, 2.0, 0.344, 0.742, 1.52, 44, 95, 29, negative
8, 8, 64, 1.0, 0.359, 0.766, 1.64, 23, 49, 14, negative
8, 22, 176, 2.75, 0.392, 0.778, 2.3, 69, 137, 30, negative
8, 33, 264, 4.125, 0.424, 0.867, 2.24, 112, 229, 50, negative
11, 40, 440, 3.636, 0.27, 0.618, 1.8, 119, 272, 66, negative
8, 12, 96, 1.5, 0.396, 0.927, 1.65, 38, 89, 23, negative
8, 10, 80, 1.25, 0.4, 1.0, 1.88, 32, 80, 17, negative
8, 28, 224, 3.5, 0.406, 0.777, 2.07, 91, 174, 44, negative
8, 13, 104, 1.625, 0.413, 1.0, 1.95, 43, 104, 22, negative
11, 33, 363, 3.0, 0.278, 0.73, 2.1, 101, 265, 48, negative
8, 38, 304, 4.75, 0.408, 0.964, 1.65, 124, 293, 75, negative
8, 26, 208, 3.25, 0.409, 0.933, 2.18, 85, 194, 39, negative
10, 52, 520, 5.2, 0.306, 0.688, 1.96, 159, 358, 81, negative
11, 146, 1606, 13.273, 0.238, 0.58, 1.83, 383, 932, 209, negative
12, 272, 3264, 22.667, 0.219, 0.589, 1.8, 715, 1922, 397, negative
10, 13, 130, 1.3, 0.315, 0.915, 2.41, 41, 119, 17, negative
8, 9, 72, 1.125, 0.417, 1.0, 2.31, 30, 72, 13, negative
9, 105, 945, 11.667, 0.236, 0.579, 1.91, 223, 547, 117, negative
9, 101, 909, 11.222, 0.256, 0.688, 1.71, 233, 625, 136, negative
7, 109, 763, 15.571, 0.283, 0.543, 1.93, 216, 414, 112, negative
8, 19, 152, 2.375, 0.388, 0.664, 2.19, 59, 101, 27, negative
7, 7, 49, 1.0, 0.286, 0.571, 3.5, 14, 28, 4, negative
11, 154, 1694, 14.0, 0.187, 0.522, 1.94, 317, 884, 163, negative
6, 17, 102, 2.833, 0.137, 0.627, 2.8, 14, 64, 5, positive
10, 12, 120, 1.2, 0.35, 0.867, 2.33, 42, 104, 18, negative
10, 55, 550, 5.5, 0.295, 0.756, 1.98, 162, 416, 82, negative
10, 51, 510, 5.1, 0.28, 0.814, 1.66, 143, 415, 86, negative
4, 2, 8, 0.5, 0.875, 0.875, 7.0, 7, 7, 1, negative
10, 9, 90, 0.9, 0.333, 0.878, 2.5, 30, 79, 12, negative
7, 10, 70, 1.429, 0.386, 0.914, 2.08, 27, 64, 13, negative
8, 16, 128, 2.0, 0.328, 0.961, 1.91, 42, 123, 22, negative
5, 13, 65, 2.6, 0.554, 0.8, 2.57, 36, 52, 14, negative
7, 20, 140, 2.857, 0.421, 0.829, 2.46, 59, 116, 24, negative
5, 17, 85, 3.4, 0.576, 0.953, 2.33, 49, 81, 21, negative
10, 145, 1450, 14.5, 0.268, 0.747, 1.83, 389, 1083, 213, negative
10, 261, 2610, 26.1, 0.259, 0.767, 1.74, 676, 2001, 388, negative
8, 32, 256, 4.0, 0.375, 0.801, 2.04, 96, 205, 47, negative
6, 14, 84, 2.333, 0.512, 1.0, 3.07, 43, 84, 14, negative
8, 23, 184, 2.875, 0.348, 0.723, 2.0, 64, 133, 32, negative
34, 27, 918, 0.794, 0.219, 0.554, 3.09, 201, 509, 65, positive
10, 31, 310, 3.1, 0.316, 0.752, 1.66, 98, 233, 59, negative
10, 103, 1030, 10.3, 0.25, 0.61, 1.77, 258, 628, 146, negative
10, 28, 280, 2.8, 0.343, 0.975, 2.13, 96, 273, 45, negative
10, 8, 80, 0.8, 0.313, 0.9, 1.56, 25, 72, 16, negative
6, 3, 18, 0.5, 0.556, 0.556, 10.0, 10, 10, 1, negative
11, 221, 2431, 20.091, 0.25, 0.544, 1.95, 607, 1323, 312, negative
10, 33, 330, 3.3, 0.352, 0.745, 2.07, 116, 246, 56, negative
8, 7, 56, 0.875, 0.5, 0.786, 3.11, 28, 44, 9, negative
7, 4, 28, 0.571, 0.5, 1.0, 2.33, 14, 28, 6, negative
6, 30, 180, 5.0, 0.45, 0.833, 3.12, 81, 150, 26, negative
5, 11, 55, 2.2, 0.6, 0.818, 2.75, 33, 45, 12, negative
5, 13, 65, 2.6, 0.554, 0.8, 3.0, 36, 52, 12, negative
8, 10, 80, 1.25, 0.35, 0.763, 1.75, 28, 61, 16, negative
8, 22, 176, 2.75, 0.295, 0.483, 2.6, 52, 85, 20, negative
8, 36, 288, 4.5, 0.299, 0.531, 2.21, 86, 153, 39, negative
6, 16, 96, 2.667, 0.281, 0.542, 2.45, 27, 52, 11, negative
8, 34, 272, 4.25, 0.36, 0.717, 1.88, 98, 195, 52, negative
8, 12, 96, 1.5, 0.396, 0.99, 1.9, 38, 95, 20, negative
8, 15, 120, 1.875, 0.475, 1.0, 2.38, 57, 120, 24, negative
8, 12, 96, 1.5, 0.438, 1.0, 2.1, 42, 96, 20, negative
10, 9, 90, 0.9, 0.356, 0.933, 1.6, 32, 84, 20, negative
5, 30, 150, 6.0, 0.587, 0.96, 2.44, 88, 144, 36, negative
10, 7, 70, 0.7, 0.357, 0.757, 2.78, 25, 53, 9, negative
10, 20, 200, 2.0, 0.32, 0.61, 2.13, 64, 122, 30, negative
8, 19, 152, 2.375, 0.434, 0.664, 3.0, 66, 101, 22, negative
10, 33, 330, 3.3, 0.342, 0.927, 1.66, 113, 306, 68, negative
10, 16, 160, 1.6, 0.338, 0.888, 2.08, 54, 142, 26, negative
6, 12, 72, 2.0, 0.375, 0.958, 1.93, 27, 69, 14, negative
11, 19, 209, 1.727, 0.306, 0.789, 2.46, 64, 165, 26, negative
8, 8, 64, 1.0, 0.469, 0.844, 2.73, 30, 54, 11, negative
8, 29, 232, 3.625, 0.401, 0.884, 2.38, 93, 205, 39, negative
8, 14, 112, 1.75, 0.393, 0.705, 2.32, 44, 79, 19, negative
10, 25, 250, 2.5, 0.34, 0.816, 1.89, 85, 204, 45, negative
8, 12, 96, 1.5, 0.385, 0.896, 1.68, 37, 86, 22, negative
10, 30, 300, 3.0, 0.357, 0.87, 2.14, 107, 261, 50, negative
6, 18, 108, 3.0, 0.491, 0.88, 2.04, 53, 95, 26, negative
8, 24, 192, 3.0, 0.318, 0.688, 2.65, 61, 132, 23, negative
7, 27, 189, 3.857, 0.402, 0.746, 1.81, 76, 141, 42, negative
10, 30, 300, 3.0, 0.333, 0.93, 1.79, 100, 279, 56, negative
8, 40, 320, 5.0, 0.372, 0.919, 1.75, 119, 294, 68, negative
8, 16, 128, 2.0, 0.359, 0.781, 2.0, 46, 100, 23, negative
8, 12, 96, 1.5, 0.396, 0.969, 1.65, 38, 93, 23, negative
8, 49, 392, 6.125, 0.413, 0.76, 1.93, 162, 298, 84, negative
9, 89, 801, 9.889, 0.3, 0.559, 2.18, 240, 448, 110, negative
8, 10, 80, 1.25, 0.325, 0.913, 1.53, 26, 73, 17, negative
8, 31, 248, 3.875, 0.375, 0.722, 2.02, 93, 179, 46, negative
8, 25, 200, 3.125, 0.415, 1.0, 1.89, 83, 200, 44, negative
8, 12, 96, 1.5, 0.417, 0.927, 1.74, 40, 89, 23, negative
8, 39, 312, 4.875, 0.369, 0.99, 2.05, 115, 309, 56, negative
8, 9, 72, 1.125, 0.431, 1.0, 2.38, 31, 72, 13, negative
10, 99, 990, 9.9, 0.264, 0.774, 1.92, 261, 766, 136, negative
8, 16, 128, 2.0, 0.344, 0.898, 1.91, 44, 115, 23, negative
8, 24, 192, 3.0, 0.323, 0.688, 2.21, 62, 132, 28, negative
10, 39, 390, 3.9, 0.308, 0.721, 1.69, 120, 281, 71, negative
8, 33, 264, 4.125, 0.356, 0.705, 2.0, 94, 186, 47, negative
8, 25, 200, 3.125, 0.31, 0.67, 1.63, 62, 134, 38, negative
7, 18, 126, 2.571, 0.357, 0.865, 2.14, 45, 109, 21, negative
10, 63, 630, 6.3, 0.298, 0.795, 1.72, 188, 501, 109, negative
10, 261, 2610, 26.1, 0.269, 0.713, 1.81, 701, 1860, 388, negative
8, 13, 104, 1.625, 0.452, 0.971, 1.96, 47, 101, 24, negative
8, 4, 32, 0.5, 0.594, 1.0, 2.71, 19, 32, 7, negative
10, 41, 410, 4.1, 0.324, 0.81, 1.87, 133, 332, 71, negative
8, 22, 176, 2.75, 0.375, 0.909, 1.78, 66, 160, 37, negative
7, 53, 371, 7.571, 0.342, 0.58, 2.4, 127, 215, 53, negative
8, 33, 264, 4.125, 0.436, 0.886, 1.89, 115, 234, 61, negative
9, 42, 378, 4.667, 0.325, 0.823, 1.71, 123, 311, 72, negative
5, 27, 135, 5.4, 0.548, 1.0, 2.18, 74, 135, 34, negative
5, 7, 35, 1.4, 0.6, 1.0, 2.33, 21, 35, 9, negative
8, 26, 208, 3.25, 0.37, 0.822, 1.75, 77, 171, 44, negative
8, 15, 120, 1.875, 0.425, 0.925, 1.96, 51, 111, 26, negative
8, 63, 504, 7.875, 0.333, 0.734, 1.58, 168, 370, 106, negative
6, 8, 48, 1.333, 0.5, 1.0, 2.18, 24, 48, 11, negative
10, 171, 1710, 17.1, 0.126, 0.452, 1.78, 215, 773, 121, negative
10, 44, 440, 4.4, 0.35, 0.957, 1.9, 154, 421, 81, negative
8, 9, 72, 1.125, 0.389, 0.792, 2.0, 28, 57, 14, negative
10, 36, 360, 3.6, 0.264, 0.711, 1.86, 95, 256, 51, negative
11, 97, 1067, 8.818, 0.266, 0.635, 2.04, 284, 678, 139, negative
10, 14, 140, 1.4, 0.314, 0.9, 1.91, 44, 126, 23, negative
10, 40, 400, 4.0, 0.295, 0.683, 2.07, 118, 273, 57, negative
8, 38, 304, 4.75, 0.339, 0.766, 1.75, 103, 233, 59, negative
10, 23, 230, 2.3, 0.343, 0.791, 1.88, 79, 182, 42, negative
8, 168, 1344, 21.0, 0.32, 0.909, 1.76, 430, 1222, 245, negative
7, 31, 217, 4.429, 0.396, 0.862, 2.1, 86, 187, 41, negative
7, 3, 21, 0.429, 0.571, 1.0, 3.0, 12, 21, 4, negative
10, 39, 390, 3.9, 0.31, 0.779, 1.95, 121, 304, 62, negative
10, 22, 220, 2.2, 0.332, 0.714, 2.15, 73, 157, 34, negative
10, 45, 450, 4.5, 0.296, 0.584, 2.05, 133, 263, 65, negative
10, 100, 1000, 10.0, 0.267, 0.724, 1.82, 267, 724, 147, negative
8, 3, 24, 0.375, 0.5, 1.0, 3.0, 12, 24, 4, negative
8, 36, 288, 4.5, 0.323, 0.781, 1.86, 93, 225, 50, negative
10, 35, 350, 3.5, 0.091, 0.157, 2.67, 32, 55, 12, negative
7, 12, 84, 1.714, 0.405, 0.988, 1.62, 34, 83, 21, negative
7, 12, 84, 1.714, 0.452, 0.952, 2.0, 38, 80, 19, negative
12, 69, 828, 5.75, 0.407, 0.833, 3.15, 337, 690, 107, negative
27, 106, 2862, 3.926, 0.261, 0.478, 5.45, 747, 1368, 137, negative
28, 32, 896, 1.143, 0.459, 0.73, 5.96, 411, 654, 69, negative
9, 103, 927, 11.444, 0.369, 0.877, 2.55, 342, 813, 134, negative
9, 165, 1485, 18.333, 0.337, 0.713, 2.54, 501, 1059, 197, negative
3, 9, 27, 3.0, 0.296, 0.667, 2.0, 8, 18, 4, negative
1, 13, 13, 13.0, 0.769, 1.0, 5.0, 10, 13, 2, negative
9, 347, 3123, 38.556, 0.111, 0.433, 1.26, 347, 1351, 275, negative
7, 11, 77, 1.571, 0.234, 0.935, 1.64, 18, 72, 11, negative
8, 69, 552, 8.625, 0.098, 0.344, 1.38, 54, 190, 39, negative
6, 12, 72, 2.0, 0.292, 0.778, 1.62, 21, 56, 13, negative
7, 80, 560, 11.429, 0.102, 0.468, 1.39, 57, 262, 41, negative
7, 13, 91, 1.857, 0.198, 0.846, 2.25, 18, 77, 8, negative
8, 145, 1160, 18.125, 0.156, 0.773, 1.24, 181, 897, 146, negative
9, 453, 4077, 50.333, 0.08, 0.363, 1.21, 326, 1478, 269, negative
5, 98, 490, 19.6, 0.341, 0.639, 2.14, 167, 313, 78, negative
24, 280, 6720, 11.667, 0.456, 0.913, 7.66, 3064, 6134, 400, negative
28, 31, 868, 1.107, 0.492, 0.745, 7.49, 427, 647, 57, positive
4, 4, 16, 1.0, 0.5, 0.5, 8.0, 8, 8, 1, negative
8, 82, 656, 10.25, 0.418, 0.753, 2.51, 274, 494, 109, negative
9, 180, 1620, 20.0, 0.374, 0.759, 2.86, 606, 1230, 212, negative
9, 107, 963, 11.889, 0.357, 0.693, 2.44, 344, 667, 141, negative
5, 4, 20, 0.8, 0.45, 0.45, 9.0, 9, 9, 1, negative
9, 148, 1332, 16.444, 0.194, 0.685, 1.37, 258, 912, 189, negative
9, 535, 4815, 59.444, 0.126, 0.444, 1.29, 606, 2136, 469, negative
7, 519, 3633, 74.143, 0.073, 0.394, 1.23, 265, 1431, 215, negative
9, 520, 4680, 57.778, 0.081, 0.308, 1.37, 378, 1441, 276, negative
8, 148, 1184, 18.5, 0.208, 0.725, 1.24, 246, 858, 198, negative
8, 196, 1568, 24.5, 0.142, 0.644, 1.4, 222, 1010, 159, negative
8, 75, 600, 9.375, 0.423, 0.87, 3.02, 254, 522, 84, negative
9, 248, 2232, 27.556, 0.33, 0.727, 2.39, 737, 1622, 308, negative
9, 103, 927, 11.444, 0.383, 0.825, 2.75, 355, 765, 129, negative
6, 29, 174, 4.833, 0.368, 0.954, 1.73, 64, 166, 37, negative
9, 245, 2205, 27.222, 0.16, 0.607, 1.39, 353, 1338, 254, negative
7, 256, 1792, 36.571, 0.135, 0.603, 1.36, 242, 1081, 178, negative
6, 103, 618, 17.167, 0.248, 0.909, 1.23, 153, 562, 124, negative
9, 107, 963, 11.889, 0.191, 0.739, 1.36, 184, 712, 135, negative
1, 263, 263, 263.0, 0.152, 1.0, 1.03, 40, 263, 39, negative
1, 200, 200, 200.0, 0.13, 1.0, 1.04, 26, 200, 25, negative
32, 350, 11200, 10.938, 0.142, 0.402, 3.96, 1588, 4497, 401, positive
9, 187, 1683, 20.778, 0.42, 0.786, 3.03, 707, 1323, 233, negative
6, 29, 174, 4.833, 0.42, 0.937, 1.92, 73, 163, 38, negative
7, 152, 1064, 21.714, 0.214, 0.73, 1.27, 228, 777, 179, negative
9, 284, 2556, 31.556, 0.141, 0.601, 1.26, 361, 1537, 286, negative
9, 535, 4815, 59.444, 0.118, 0.482, 1.31, 566, 2323, 432, negative
10, 535, 5350, 53.5, 0.113, 0.458, 1.36, 606, 2448, 447, negative
9, 533, 4797, 59.222, 0.166, 0.803, 1.3, 797, 3853, 612, negative
3, 537, 1611, 179.0, 0.345, 0.405, 22.24, 556, 652, 25, positive
14, 38, 532, 2.714, 0.227, 0.844, 2.95, 121, 449, 41, negative
24, 471, 11304, 19.625, 0.474, 0.921, 7.9, 5363, 10409, 679, negative
25, 494, 12350, 19.76, 0.462, 0.93, 7.35, 5707, 11482, 776, negative
8, 62, 496, 7.75, 0.308, 0.948, 1.91, 153, 470, 80, negative
7, 215, 1505, 30.714, 0.548, 0.997, 3.35, 824, 1500, 246, negative
9, 185, 1665, 20.556, 0.386, 0.686, 2.83, 643, 1142, 227, negative
9, 535, 4815, 59.444, 0.184, 0.676, 1.49, 887, 3257, 596, negative
8, 298, 2384, 37.25, 0.138, 0.592, 1.18, 329, 1412, 278, negative
8, 198, 1584, 24.75, 0.215, 0.832, 1.31, 341, 1318, 260, negative
5, 13, 65, 2.6, 0.338, 0.723, 2.2, 22, 47, 10, negative
13, 37, 481, 2.846, 0.306, 0.933, 3.59, 147, 449, 41, negative
9, 181, 1629, 20.111, 0.35, 0.773, 2.64, 570, 1260, 216, negative
9, 108, 972, 12.0, 0.345, 0.645, 2.45, 335, 627, 137, negative
8, 151, 1208, 18.875, 0.174, 0.627, 1.18, 210, 758, 178, negative
7, 59, 413, 8.429, 0.15, 0.576, 1.38, 62, 238, 45, negative
9, 314, 2826, 34.889, 0.156, 0.587, 1.25, 440, 1659, 352, negative
1, 278, 278, 278.0, 0.946, 1.0, 29.22, 263, 278, 9, positive
10, 251, 2510, 25.1, 0.141, 0.621, 1.23, 354, 1559, 287, negative
1, 60, 60, 60.0, 0.2, 1.0, 1.09, 12, 60, 11, negative
8, 69, 552, 8.625, 0.159, 0.772, 1.29, 88, 426, 68, negative
10, 250, 2500, 25.0, 0.12, 0.603, 1.19, 301, 1507, 253, negative
1, 81, 81, 81.0, 0.901, 1.0, 24.33, 73, 81, 3, positive
7, 148, 1036, 21.143, 0.184, 0.816, 1.2, 191, 845, 159, negative
31, 37, 1147, 1.194, 0.189, 0.555, 2.07, 217, 637, 105, positive
13, 38, 494, 2.923, 0.285, 0.907, 3.62, 141, 448, 39, negative
25, 178, 4450, 7.12, 0.49, 0.896, 7.9, 2181, 3988, 276, negative
24, 187, 4488, 7.792, 0.485, 0.918, 8.16, 2178, 4122, 267, negative
24, 84, 2016, 3.5, 0.474, 0.872, 8.69, 956, 1758, 110, negative
9, 249, 2241, 27.667, 0.301, 0.739, 1.96, 674, 1655, 344, negative
9, 168, 1512, 18.667, 0.315, 0.697, 2.15, 476, 1054, 221, negative
7, 14, 98, 2.0, 0.296, 0.786, 2.9, 29, 77, 10, negative
6, 32, 192, 5.333, 0.365, 0.958, 1.67, 70, 184, 42, negative
10, 309, 3090, 30.9, 0.2, 0.73, 1.4, 618, 2257, 441, negative
10, 511, 5110, 51.1, 0.161, 0.634, 1.43, 822, 3238, 575, negative
10, 83, 830, 8.3, 0.208, 0.667, 1.44, 173, 554, 120, negative
8, 73, 584, 9.125, 0.235, 0.803, 1.47, 137, 469, 93, negative
7, 15, 105, 2.143, 0.4, 0.924, 1.5, 42, 97, 28, negative
9, 107, 963, 11.889, 0.209, 0.778, 1.38, 201, 749, 146, negative
8, 15, 120, 1.875, 0.292, 0.808, 1.84, 35, 97, 19, negative
2, 537, 1074, 268.5, 0.538, 0.555, 82.57, 578, 596, 7, positive
10, 511, 5110, 51.1, 0.158, 0.625, 1.35, 805, 3194, 596, negative
7, 41, 287, 5.857, 0.254, 0.697, 1.43, 73, 200, 51, negative
8, 195, 1560, 24.375, 0.175, 0.965, 1.24, 273, 1506, 221, negative
8, 114, 912, 14.25, 0.116, 0.408, 1.45, 106, 372, 73, negative
13, 38, 494, 2.923, 0.324, 0.935, 3.81, 160, 462, 42, negative
28, 61, 1708, 2.179, 0.172, 0.509, 1.97, 294, 870, 149, positive
7, 100, 700, 14.286, 0.279, 0.98, 1.63, 195, 686, 120, negative
6, 80, 480, 13.333, 0.352, 0.96, 1.51, 169, 461, 112, negative
7, 218, 1526, 31.143, 0.142, 0.623, 1.26, 216, 951, 171, negative
8, 72, 576, 9.0, 0.198, 0.736, 1.25, 114, 424, 91, negative
8, 158, 1264, 19.75, 0.102, 0.346, 1.33, 129, 437, 97, negative
2, 537, 1074, 268.5, 0.556, 0.655, 24.88, 597, 704, 24, positive
4, 99, 396, 24.75, 0.503, 0.942, 2.4, 199, 373, 83, negative
25, 186, 4650, 7.44, 0.456, 0.868, 8.06, 2121, 4035, 263, negative
8, 100, 800, 12.5, 0.245, 0.863, 1.58, 196, 690, 124, negative
7, 13, 91, 1.857, 0.33, 0.923, 1.76, 30, 84, 17, negative
2, 538, 1076, 269.0, 0.518, 0.596, 29.32, 557, 641, 19, positive
7, 13, 91, 1.857, 0.363, 0.835, 1.57, 33, 76, 21, negative
9, 492, 4428, 54.667, 0.209, 0.781, 1.33, 924, 3457, 697, negative
9, 376, 3384, 41.778, 0.225, 0.875, 1.34, 760, 2960, 569, negative
7, 143, 1001, 20.429, 0.105, 0.526, 1.28, 105, 527, 82, negative
10, 511, 5110, 51.1, 0.141, 0.529, 1.3, 721, 2701, 555, negative
6, 13, 78, 2.167, 0.359, 1.0, 1.87, 28, 78, 15, negative
9, 306, 2754, 34.0, 0.213, 0.807, 1.38, 587, 2222, 424, negative
9, 164, 1476, 18.222, 0.189, 0.65, 1.26, 279, 959, 221, negative
6, 13, 78, 2.167, 0.179, 0.923, 2.0, 14, 72, 7, negative
7, 13, 91, 1.857, 0.242, 0.857, 2.0, 22, 78, 11, negative
9, 510, 4590, 56.667, 0.149, 0.592, 1.28, 684, 2717, 533, negative
5, 13, 65, 2.6, 0.262, 0.769, 2.43, 17, 50, 7, negative
29, 61, 1769, 2.103, 0.121, 0.431, 1.78, 214, 762, 120, positive
5, 98, 490, 19.6, 0.316, 0.704, 1.82, 155, 345, 85, negative
24, 178, 4272, 7.417, 0.491, 0.969, 7.86, 2099, 4141, 267, negative
25, 292, 7300, 11.68, 0.45, 0.914, 7.23, 3283, 6670, 454, negative
8, 215, 1720, 26.875, 0.367, 0.746, 2.6, 631, 1283, 243, negative
9, 123, 1107, 13.667, 0.331, 0.65, 2.3, 366, 719, 159, negative
9, 186, 1674, 20.667, 0.372, 0.778, 2.44, 622, 1303, 255, negative
3, 500, 1500, 166.67, 0.373, 0.421, 19.28, 559, 632, 29, positive
9, 457, 4113, 50.778, 0.173, 0.63, 1.28, 712, 2590, 555, negative
8, 69, 552, 8.625, 0.205, 0.826, 1.38, 113, 456, 82, negative
9, 326, 2934, 36.222, 0.171, 0.641, 1.3, 501, 1882, 385, negative
7, 171, 1197, 24.429, 0.16, 0.605, 1.25, 192, 724, 154, negative
9, 101, 909, 11.222, 0.196, 0.771, 1.22, 178, 701, 146, negative
9, 267, 2403, 29.667, 0.164, 0.73, 1.28, 393, 1754, 307, negative
1, 99, 99, 99.0, 0.192, 1.0, 1.06, 19, 99, 18, negative
9, 148, 1332, 16.444, 0.146, 0.558, 1.17, 195, 743, 167, negative
9, 332, 2988, 36.889, 0.159, 0.712, 1.21, 476, 2128, 393, negative
9, 102, 918, 11.333, 0.18, 0.759, 1.2, 165, 697, 137, negative
9, 233, 2097, 25.889, 0.165, 0.687, 1.26, 345, 1441, 274, negative
1, 74, 74, 74.0, 0.189, 1.0, 1.08, 14, 74, 13, negative
7, 40, 280, 5.714, 0.232, 0.707, 1.38, 65, 198, 47, negative
6, 71, 426, 11.833, 0.131, 0.784, 1.3, 56, 334, 43, negative
2, 536, 1072, 268.0, 0.586, 0.686, 21.66, 628, 735, 29, positive
1, 16, 16, 16.0, 1.0, 1.0, 16.0, 16, 16, 1, positive
83, 277, 22991, 3.337, 0.18, 0.365, 6.86, 4138, 8387, 603, positive
10, 17, 170, 1.7, 0.318, 0.529, 3.86, 54, 90, 14, negative
11, 53, 583, 4.818, 0.225, 0.485, 3.45, 131, 283, 38, negative
1, 413, 413, 413.0, 0.998, 1.0, 412.0, 412, 413, 1, positive
10, 55, 550, 5.5, 0.678, 0.827, 6.32, 373, 455, 59, negative
11, 190, 2090, 17.273, 0.239, 0.457, 2.11, 500, 955, 237, negative
3, 3, 9, 1.0, 0.778, 0.778, 7.0, 7, 7, 1, negative
1, 22, 22, 22.0, 0.818, 1.0, 4.5, 18, 22, 4, positive
10, 37, 370, 3.7, 0.592, 0.722, 8.11, 219, 267, 27, negative
10, 22, 220, 2.2, 0.591, 0.855, 6.5, 130, 188, 20, negative
11, 71, 781, 6.455, 0.461, 0.659, 5.54, 360, 515, 65, negative
11, 41, 451, 3.727, 0.337, 0.634, 2.92, 152, 286, 52, negative
10, 18, 180, 1.8, 0.55, 0.656, 7.62, 99, 118, 13, negative
12, 71, 852, 5.917, 0.481, 0.757, 5.86, 410, 645, 70, negative
12, 331, 3972, 27.583, 0.237, 0.535, 2.19, 942, 2125, 431, negative
31, 1, 31, 0.032, 1.0, 1.0, 31.0, 31, 31, 1, positive
9, 8, 72, 0.889, 0.583, 0.972, 21.0, 42, 70, 2, negative
10, 89, 890, 8.9, 0.252, 0.496, 3.25, 224, 441, 69, negative
11, 179, 1969, 16.273, 0.33, 0.733, 2.88, 650, 1444, 226, negative
1, 19, 19, 19.0, 0.579, 1.0, 3.67, 11, 19, 3, positive
168, 145, 24360, 0.863, 0.798, 0.963, 13.06, 19430, 23457, 1488, positive
7, 70, 490, 10.0, 0.535, 0.971, 3.23, 262, 476, 81, negative
9, 83, 747, 9.222, 0.371, 0.727, 3.3, 277, 543, 84, negative
4, 137, 548, 34.25, 0.173, 0.622, 3.28, 95, 341, 29, negative
24, 337, 8088, 14.042, 0.945, 1.0, 18.29, 7647, 8088, 418, negative
14, 402, 5628, 28.714, 0.399, 0.631, 4.75, 2248, 3554, 473, negative
14, 1, 14, 0.071, 1.0, 1.0, 14.0, 14, 14, 1, positive
9, 62, 558, 6.889, 0.403, 0.665, 3.26, 225, 371, 69, negative
13, 297, 3861, 22.846, 0.409, 0.6, 4.97, 1579, 2318, 318, negative
9, 82, 738, 9.111, 0.335, 0.73, 2.47, 247, 539, 100, negative
10, 154, 1540, 15.4, 0.342, 0.664, 2.55, 527, 1022, 207, negative
10, 9, 90, 0.9, 0.644, 0.689, 58.0, 58, 62, 1, negative
7, 156, 1092, 22.286, 0.473, 0.991, 2.37, 517, 1082, 218, negative
14, 397, 5558, 28.357, 0.342, 0.536, 4.53, 1902, 2979, 420, negative
10, 19, 190, 1.9, 0.584, 0.842, 6.94, 111, 160, 16, negative
10, 19, 190, 1.9, 0.563, 0.837, 8.23, 107, 159, 13, negative
8, 63, 504, 7.875, 0.435, 0.843, 2.41, 219, 425, 91, negative
132, 547, 72204, 4.144, 0.37, 0.483, 20.66, 26693, 34874, 1292, positive
1, 32, 32, 32.0, 0.438, 1.0, 2.0, 14, 32, 7, negative
24, 107, 2568, 4.458, 0.908, 0.982, 16.91, 2333, 2523, 138, negative
10, 19, 190, 1.9, 0.568, 0.774, 9.82, 108, 147, 11, negative
11, 141, 1551, 12.818, 0.366, 0.79, 2.85, 567, 1225, 199, negative
11, 292, 3212, 26.545, 0.341, 0.761, 2.95, 1096, 2445, 371, negative
1, 10, 10, 10.0, 1.0, 1.0, 10.0, 10, 10, 1, positive
1, 44, 44, 44.0, 0.727, 1.0, 5.33, 32, 44, 6, positive
1, 14, 14, 14.0, 1.0, 1.0, 14.0, 14, 14, 1, positive
10, 170, 1700, 17.0, 0.499, 0.928, 4.35, 849, 1577, 195, negative
13, 400, 5200, 30.769, 0.364, 0.609, 4.52, 1891, 3168, 418, negative
13, 130, 1690, 10.0, 0.392, 0.697, 4.77, 663, 1178, 139, negative
10, 280, 2800, 28.0, 0.356, 0.77, 2.63, 998, 2157, 380, negative
17, 106, 1802, 6.235, 0.927, 1.0, 14.53, 1671, 1802, 115, negative
9, 17, 153, 1.889, 0.608, 0.856, 7.15, 93, 131, 13, negative
8, 1, 8, 0.125, 1.0, 1.0, 8.0, 8, 8, 1, positive
13, 349, 4537, 26.846, 0.38, 0.668, 4.36, 1724, 3029, 395, negative
9, 18, 162, 2.0, 0.605, 0.895, 7.0, 98, 145, 14, negative
10, 159, 1590, 15.9, 0.355, 0.719, 3.07, 564, 1144, 184, negative
12, 175, 2100, 14.583, 0.403, 0.774, 4.28, 847, 1625, 198, negative
1, 193, 193, 193.0, 0.57, 1.0, 2.97, 110, 193, 37, positive
10, 154, 1540, 15.4, 0.315, 0.639, 2.53, 485, 984, 192, negative
24, 166, 3984, 6.917, 0.905, 0.98, 17.08, 3604, 3905, 211, negative
10, 240, 2400, 24.0, 0.383, 0.821, 2.75, 919, 1971, 334, negative
11, 62, 682, 5.636, 0.353, 0.78, 3.21, 241, 532, 75, negative
10, 19, 190, 1.9, 0.542, 0.768, 7.36, 103, 146, 14, negative
11, 184, 2024, 16.727, 0.484, 0.884, 4.6, 979, 1789, 213, negative
10, 19, 190, 1.9, 0.621, 0.858, 8.43, 118, 163, 14, negative
14, 417, 5838, 29.786, 0.359, 0.559, 4.48, 2094, 3262, 467, negative
14, 319, 4466, 22.786, 0.37, 0.577, 4.54, 1654, 2577, 364, negative
14, 340, 4760, 24.286, 0.344, 0.563, 4.6, 1636, 2682, 356, negative
6, 54, 324, 9.0, 0.549, 0.96, 3.36, 178, 311, 53, negative
83, 315, 26145, 3.795, 0.295, 0.594, 9.21, 7725, 15523, 839, positive
1, 32, 32, 32.0, 0.469, 1.0, 1.88, 15, 32, 8, positive
9, 17, 153, 1.889, 0.536, 0.915, 6.31, 82, 140, 13, negative
10, 16, 160, 1.6, 0.619, 0.963, 6.19, 99, 154, 16, negative
13, 369, 4797, 28.385, 0.397, 0.662, 4.79, 1906, 3176, 398, negative
7, 123, 861, 17.571, 0.419, 0.962, 2.62, 361, 828, 138, negative
10, 20, 200, 2.0, 0.485, 0.68, 8.82, 97, 136, 11, negative
25, 340, 8500, 13.6, 0.866, 0.926, 16.57, 7358, 7872, 444, negative
14, 420, 5880, 30.0, 0.376, 0.571, 4.92, 2209, 3356, 449, negative
13, 191, 2483, 14.692, 0.406, 0.617, 4.71, 1007, 1532, 214, negative
12, 72, 864, 6.0, 0.635, 0.94, 5.97, 549, 812, 92, negative
14, 416, 5824, 29.714, 0.384, 0.617, 4.64, 2234, 3594, 481, negative
7, 43, 301, 6.143, 0.545, 0.973, 2.56, 164, 293, 64, negative
10, 17, 170, 1.7, 0.571, 0.918, 6.47, 97, 156, 15, negative
13, 266, 3458, 20.462, 0.398, 0.579, 4.81, 1375, 2003, 286, negative
9, 250, 2250, 27.778, 0.36, 0.733, 2.56, 810, 1649, 316, negative
24, 170, 4080, 7.083, 0.931, 0.999, 17.04, 3799, 4075, 223, negative
10, 19, 190, 1.9, 0.611, 0.874, 8.92, 116, 166, 13, negative
25, 198, 4950, 7.92, 0.869, 0.932, 15.94, 4304, 4611, 270, negative
16, 121, 1936, 7.563, 0.396, 0.611, 5.6, 767, 1182, 137, negative
15, 121, 1815, 8.067, 0.428, 0.761, 5.35, 776, 1381, 145, negative
8, 82, 656, 10.25, 0.412, 0.803, 2.78, 270, 527, 97, negative
10, 155, 1550, 15.5, 0.332, 0.687, 2.47, 514, 1065, 208, negative
24, 120, 2880, 5.0, 0.927, 0.972, 21.36, 2670, 2800, 125, negative
16, 1, 16, 0.063, 1.0, 1.0, 16.0, 16, 16, 1, positive
16, 359, 5744, 22.438, 0.376, 0.652, 5.41, 2158, 3747, 399, negative
15, 356, 5340, 23.733, 0.406, 0.626, 5.29, 2167, 3342, 410, negative
17, 389, 6613, 22.882, 0.344, 0.678, 5.0, 2273, 4481, 455, negative
12, 22, 264, 1.833, 0.621, 0.788, 9.65, 164, 208, 17, negative
3, 4, 12, 1.333, 0.917, 0.917, 11.0, 11, 11, 1, negative
17, 96, 1632, 5.647, 0.366, 0.675, 5.15, 597, 1101, 116, negative
11, 161, 1771, 14.636, 0.333, 0.65, 2.71, 589, 1152, 217, negative
12, 22, 264, 1.833, 0.538, 0.852, 8.35, 142, 225, 17, negative
17, 398, 6766, 23.412, 0.32, 0.608, 5.3, 2162, 4117, 408, negative
11, 22, 242, 2.0, 0.579, 0.806, 7.78, 140, 195, 18, negative
3, 4, 12, 1.333, 0.833, 0.917, 10.0, 10, 11, 1, negative
11, 302, 3322, 27.455, 0.379, 0.804, 2.81, 1260, 2670, 448, negative
1, 23, 23, 23.0, 0.348, 1.0, 1.6, 8, 23, 5, positive
1, 14, 14, 14.0, 0.5, 1.0, 2.33, 7, 14, 3, positive
11, 19, 209, 1.727, 0.598, 0.947, 7.35, 125, 198, 17, negative
12, 216, 2592, 18.0, 0.507, 0.764, 5.3, 1315, 1981, 248, negative
15, 268, 4020, 17.867, 0.413, 0.731, 5.1, 1661, 2940, 326, negative
11, 22, 242, 2.0, 0.603, 0.888, 8.59, 146, 215, 17, negative
6, 57, 342, 9.5, 0.453, 0.906, 2.46, 155, 310, 63, negative
8, 13, 104, 1.625, 0.635, 0.788, 8.25, 66, 82, 8, negative
10, 248, 2480, 24.8, 0.356, 0.729, 2.6, 883, 1807, 340, negative
8, 48, 384, 6.0, 0.354, 0.901, 1.68, 136, 346, 81, negative
10, 316, 3160, 31.6, 0.366, 0.673, 2.74, 1158, 2126, 422, negative
9, 281, 2529, 31.222, 0.272, 0.856, 1.73, 687, 2164, 398, negative
9, 278, 2502, 30.889, 0.258, 0.798, 1.62, 645, 1997, 398, negative
10, 398, 3980, 39.8, 0.342, 0.745, 2.44, 1361, 2965, 557, negative
8, 12, 96, 1.5, 0.583, 0.813, 6.22, 56, 78, 9, negative
9, 162, 1458, 18.0, 0.254, 0.527, 2.69, 371, 769, 138, negative
8, 163, 1304, 20.375, 0.383, 0.982, 2.79, 500, 1280, 179, negative
87, 116, 10092, 1.333, 0.406, 0.416, 104.95, 4093, 4194, 39, negative
9, 159, 1431, 17.667, 0.249, 0.605, 1.93, 356, 866, 184, negative
17, 171, 2907, 10.059, 0.208, 0.422, 2.42, 606, 1226, 250, negative
9, 73, 657, 8.111, 0.298, 0.627, 2.55, 196, 412, 77, negative
5, 51, 255, 10.2, 0.314, 0.831, 1.63, 80, 212, 49, negative
5, 70, 350, 14.0, 0.18, 0.417, 1.4, 63, 146, 45, negative
5, 203, 1015, 40.6, 0.239, 0.859, 1.3, 243, 872, 187, negative
18, 22, 396, 1.222, 0.366, 0.513, 14.5, 145, 203, 10, negative
7, 227, 1589, 32.429, 0.217, 0.509, 1.6, 345, 809, 215, negative
8, 192, 1536, 24.0, 0.207, 0.579, 1.57, 318, 889, 203, negative
17, 22, 374, 1.294, 0.425, 0.765, 4.68, 159, 286, 34, negative
17, 11, 187, 0.647, 0.417, 0.647, 9.75, 78, 121, 8, negative
6, 46, 276, 7.667, 0.322, 0.877, 1.48, 89, 242, 60, negative
8, 113, 904, 14.125, 0.21, 0.759, 1.41, 190, 686, 135, negative
7, 135, 945, 19.286, 0.156, 0.753, 1.23, 147, 712, 120, negative
9, 150, 1350, 16.667, 0.237, 0.579, 1.75, 320, 782, 183, negative
6, 104, 624, 17.333, 0.234, 0.862, 1.32, 146, 538, 111, negative
17, 22, 374, 1.294, 0.409, 0.757, 4.5, 153, 283, 34, negative
7, 48, 336, 6.857, 0.298, 0.613, 1.67, 100, 206, 60, negative
7, 211, 1477, 30.143, 0.257, 0.653, 1.7, 380, 965, 223, negative
7, 67, 469, 9.571, 0.258, 0.548, 1.7, 121, 257, 71, negative
7, 97, 679, 13.857, 0.196, 0.461, 1.68, 133, 313, 79, negative
5, 107, 535, 21.4, 0.247, 0.91, 1.43, 132, 487, 92, negative
7, 98, 686, 14.0, 0.254, 0.608, 1.53, 174, 417, 114, negative
77, 245, 18865, 3.182, 0.445, 0.523, 32.67, 8396, 9871, 257, negative
10, 58, 580, 5.8, 0.402, 0.893, 2.81, 233, 518, 83, negative
16, 12, 192, 0.75, 0.526, 0.833, 7.21, 101, 160, 14, negative
7, 50, 350, 7.143, 0.266, 0.74, 1.45, 93, 259, 64, negative
117, 1, 117, 0.0090, 1.0, 1.0, 117.0, 117, 117, 1, positive
5, 93, 465, 18.6, 0.351, 1.0, 1.66, 163, 465, 98, negative
6, 97, 582, 16.167, 0.232, 0.852, 1.55, 135, 496, 87, negative
6, 96, 576, 16.0, 0.335, 0.703, 2.44, 193, 405, 79, negative
8, 298, 2384, 37.25, 0.242, 0.791, 1.5, 576, 1886, 383, negative
6, 96, 576, 16.0, 0.319, 0.703, 2.3, 184, 405, 80, negative
6, 96, 576, 16.0, 0.309, 0.644, 2.44, 178, 371, 73, negative
10, 319, 3190, 31.9, 0.239, 0.674, 1.67, 764, 2149, 458, negative
5, 82, 410, 16.4, 0.361, 0.802, 2.11, 148, 329, 70, negative
9, 285, 2565, 31.667, 0.338, 0.765, 2.42, 866, 1961, 358, negative
5, 94, 470, 18.8, 0.313, 0.751, 1.91, 147, 353, 77, negative
9, 183, 1647, 20.333, 0.218, 0.6, 1.42, 359, 989, 252, negative
5, 97, 485, 19.4, 0.334, 0.831, 1.98, 162, 403, 82, negative
6, 96, 576, 16.0, 0.262, 0.842, 1.51, 151, 485, 100, negative
4, 69, 276, 17.25, 0.377, 0.96, 1.82, 104, 265, 57, negative
5, 96, 480, 19.2, 0.329, 0.717, 2.14, 158, 344, 74, negative
6, 96, 576, 16.0, 0.274, 0.901, 1.58, 158, 519, 100, negative
6, 96, 576, 16.0, 0.293, 0.724, 2.09, 169, 417, 81, negative
4, 96, 384, 24.0, 0.479, 0.878, 2.56, 184, 337, 72, negative
6, 39, 234, 6.5, 0.342, 0.936, 2.05, 80, 219, 39, negative
64, 73, 4672, 1.141, 0.403, 0.445, 72.38, 1882, 2077, 26, positive
65, 50, 3250, 0.769, 0.454, 0.487, 245.83, 1475, 1582, 6, positive
4, 108, 432, 27.0, 0.778, 0.826, 56.0, 336, 357, 6, positive
9, 151, 1359, 16.778, 0.185, 0.566, 1.39, 251, 769, 181, negative
10, 1, 10, 0.1, 0.9, 1.0, 9.0, 9, 10, 1, positive
1, 40, 40, 40.0, 0.4, 1.0, 1.07, 16, 40, 15, negative
8, 120, 960, 15.0, 0.25, 0.748, 1.66, 240, 718, 145, negative
9, 111, 999, 12.333, 0.209, 0.571, 1.57, 209, 570, 133, negative
1, 35, 35, 35.0, 0.429, 1.0, 1.07, 15, 35, 14, negative
1, 63, 63, 63.0, 0.952, 1.0, 20.0, 60, 63, 3, positive
7, 76, 532, 10.857, 0.301, 0.859, 1.38, 160, 457, 116, negative
7, 56, 392, 8.0, 0.143, 0.401, 1.56, 56, 157, 36, negative
9, 102, 918, 11.333, 0.166, 0.56, 1.58, 152, 514, 96, negative
9, 44, 396, 4.889, 0.412, 0.795, 2.47, 163, 315, 66, negative
7, 8, 56, 1.143, 0.214, 0.625, 1.71, 12, 35, 7, negative
7, 2, 14, 0.286, 0.643, 0.714, 9.0, 9, 10, 1, positive
8, 117, 936, 14.625, 0.201, 0.698, 1.45, 188, 653, 130, negative
7, 75, 525, 10.714, 0.263, 0.71, 1.52, 138, 373, 91, negative
7, 70, 490, 10.0, 0.265, 0.976, 1.4, 130, 478, 93, negative
8, 180, 1440, 22.5, 0.213, 0.794, 1.39, 306, 1143, 220, negative
7, 65, 455, 9.286, 0.404, 0.925, 2.07, 184, 421, 89, negative
7, 21, 147, 3.0, 0.286, 0.85, 1.35, 42, 125, 31, negative
6, 45, 270, 7.5, 0.422, 0.881, 1.73, 114, 238, 66, negative
7, 35, 245, 5.0, 0.245, 0.804, 1.36, 60, 197, 44, negative
7, 40, 280, 5.714, 0.229, 0.682, 1.25, 64, 191, 51, negative
9, 46, 414, 5.111, 0.297, 0.833, 1.66, 123, 345, 74, negative
8, 39, 312, 4.875, 0.205, 0.712, 1.36, 64, 222, 47, negative
6, 8, 48, 1.333, 0.417, 1.0, 2.86, 20, 48, 7, negative
5, 29, 145, 5.8, 0.276, 0.779, 1.6, 40, 113, 25, negative
5, 6, 30, 1.2, 0.433, 1.0, 1.63, 13, 30, 8, negative
17, 110, 1870, 6.471, 0.175, 0.603, 1.46, 328, 1128, 224, negative
9, 132, 1188, 14.667, 0.189, 0.588, 1.54, 225, 698, 146, negative
36, 186, 6696, 5.167, 0.318, 0.654, 7.28, 2126, 4382, 292, negative
38, 227, 8626, 5.974, 0.304, 0.648, 7.09, 2623, 5593, 370, negative
1, 283, 283, 283.0, 0.993, 1.0, 140.5, 281, 283, 2, positive
1, 184, 184, 184.0, 0.967, 1.0, 44.5, 178, 184, 4, positive
11, 367, 4037, 33.364, 0.221, 0.77, 1.64, 891, 3108, 544, negative
10, 22, 220, 2.2, 0.323, 0.814, 2.09, 71, 179, 34, negative
14, 412, 5768, 29.429, 0.179, 0.671, 1.59, 1032, 3869, 651, negative
13, 390, 5070, 30.0, 0.182, 0.735, 1.56, 924, 3727, 593, negative
12, 302, 3624, 25.167, 0.199, 0.795, 1.68, 721, 2880, 429, negative
10, 17, 170, 1.7, 0.224, 0.729, 2.38, 38, 124, 16, negative
1, 235, 235, 235.0, 0.923, 1.0, 27.13, 217, 235, 8, positive
12, 311, 3732, 25.917, 0.195, 0.781, 1.64, 727, 2914, 443, negative
10, 94, 940, 9.4, 0.286, 1.0, 1.78, 269, 940, 151, negative
13, 311, 4043, 23.923, 0.216, 0.759, 1.63, 873, 3069, 537, negative
13, 337, 4381, 25.923, 0.185, 0.751, 1.58, 811, 3291, 514, negative
13, 188, 2444, 14.462, 0.188, 0.71, 1.67, 460, 1736, 275, negative
12, 274, 3288, 22.833, 0.208, 0.817, 1.65, 685, 2687, 416, negative
10, 20, 200, 2.0, 0.29, 0.795, 2.52, 58, 159, 23, negative
8, 22, 176, 2.75, 0.324, 0.909, 1.78, 57, 160, 32, negative
2, 19, 38, 9.5, 0.184, 0.553, 3.5, 7, 21, 2, negative
1, 17, 17, 17.0, 1.0, 1.0, 17.0, 17, 17, 1, positive
10, 553, 5530, 55.3, 0.797, 0.884, 21.3, 4409, 4890, 207, positive
7, 18, 126, 2.571, 0.167, 0.437, 2.63, 21, 55, 8, negative
8, 59, 472, 7.375, 0.186, 0.672, 1.49, 88, 317, 59, negative
8, 302, 2416, 37.75, 0.211, 0.73, 1.43, 510, 1763, 356, negative
8, 309, 2472, 38.625, 0.186, 0.644, 1.41, 459, 1593, 325, negative
9, 321, 2889, 35.667, 0.154, 0.553, 1.32, 446, 1597, 339, negative
7, 65, 455, 9.286, 0.215, 0.798, 1.38, 98, 363, 71, negative
9, 268, 2412, 29.778, 0.132, 0.534, 1.24, 319, 1288, 258, negative
1, 71, 71, 71.0, 0.521, 1.0, 2.31, 37, 71, 16, positive
1, 20, 20, 20.0, 0.55, 1.0, 1.38, 11, 20, 8, positive
7, 9, 63, 1.286, 0.349, 0.889, 2.2, 22, 56, 10, negative
7, 60, 420, 8.571, 0.286, 0.886, 1.5, 120, 372, 80, negative
8, 346, 2768, 43.25, 0.144, 0.581, 1.31, 398, 1607, 304, negative
7, 135, 945, 19.286, 0.114, 0.528, 1.09, 108, 499, 99, negative
7, 343, 2401, 49.0, 0.213, 0.772, 1.45, 512, 1854, 352, negative
5, 63, 315, 12.6, 0.21, 0.914, 1.47, 66, 288, 45, negative
7, 42, 294, 6.0, 0.143, 0.714, 1.27, 42, 210, 33, negative
4, 10, 40, 2.5, 0.3, 0.65, 3.0, 12, 26, 4, negative
20, 18, 360, 0.9, 0.489, 0.583, 19.56, 176, 210, 9, negative
28, 45, 1260, 1.607, 0.368, 0.54, 7.86, 464, 680, 59, negative
1, 8, 8, 8.0, 1.0, 1.0, 8.0, 8, 8, 1, positive
1, 67, 67, 67.0, 0.985, 1.0, 66.0, 66, 67, 1, positive
1, 10, 10, 10.0, 1.0, 1.0, 10.0, 10, 10, 1, positive
8, 32, 256, 4.0, 0.402, 0.496, 34.33, 103, 127, 3, negative
8, 22, 176, 2.75, 0.398, 0.79, 2.59, 70, 139, 27, negative
6, 4, 24, 0.667, 0.417, 0.5, 5.0, 10, 12, 2, negative
33, 180, 5940, 5.455, 0.236, 0.611, 1.68, 1400, 3627, 835, negative
17, 342, 5814, 20.118, 0.916, 0.996, 30.27, 5328, 5790, 176, positive
9, 33, 297, 3.667, 0.347, 0.929, 2.58, 103, 276, 40, negative
9, 7, 63, 0.778, 0.349, 0.603, 3.67, 22, 38, 6, negative
8, 155, 1240, 19.375, 0.366, 0.964, 1.64, 454, 1195, 276, negative
18, 342, 6156, 19.0, 0.847, 0.897, 43.48, 5217, 5522, 120, positive
12, 28, 336, 2.333, 0.265, 0.592, 3.07, 89, 199, 29, negative
12, 33, 396, 2.75, 0.391, 0.793, 4.08, 155, 314, 38, negative
11, 303, 3333, 27.545, 0.183, 0.268, 4.97, 611, 892, 123, negative
11, 90, 990, 8.182, 0.385, 0.882, 2.41, 381, 873, 158, negative
10, 1, 10, 0.1, 1.0, 1.0, 10.0, 10, 10, 1, positive
8, 1, 8, 0.125, 1.0, 1.0, 8.0, 8, 8, 1, positive
10, 12, 120, 1.2, 0.55, 0.875, 4.71, 66, 105, 14, negative
1, 159, 159, 159.0, 0.994, 1.0, 158.0, 158, 159, 1, positive
11, 64, 704, 5.818, 0.395, 0.558, 3.35, 278, 393, 83, negative
1, 199, 199, 199.0, 0.99, 1.0, 197.0, 197, 199, 1, positive
38, 96, 3648, 2.526, 0.431, 0.836, 3.29, 1574, 3051, 478, negative
38, 69, 2622, 1.816, 0.476, 0.839, 4.27, 1247, 2201, 292, negative
14, 141, 1974, 10.071, 0.278, 0.67, 2.29, 549, 1323, 240, negative
11, 12, 132, 1.091, 0.5, 0.841, 4.13, 66, 111, 16, negative
14, 187, 2618, 13.357, 0.265, 0.477, 2.31, 693, 1248, 300, negative
10, 183, 1830, 18.3, 0.267, 0.682, 1.67, 488, 1248, 293, negative
10, 47, 470, 4.7, 0.481, 0.991, 2.97, 226, 466, 76, negative
11, 12, 132, 1.091, 0.492, 0.75, 4.33, 65, 99, 15, negative
9, 45, 405, 5.0, 0.306, 0.6, 1.68, 124, 243, 74, negative
1, 279, 279, 279.0, 0.964, 1.0, 38.43, 269, 279, 7, positive
