@relation BLong
@attribute Indicator1 interval [0, 20]
@attribute Indicator2 interval [0, 100]
@attribute Indicator3 interval [0, 10]
@attribute Indicator4 interval [0, 10]
@attribute Class subset {0, 1}
@inputs Indicator1, Indicator2, Indicator3, Indicator4
@outputs Class
@data
[8.7,8.8,9.7],[47,51,52],[2.5,2.57,2.62],[4.77,4.8,4.83],{1}
[1,1.2,1.8],[29,36,37],[2.29,2.37,2.38],[5.04,5.12,5.15],{0}
[4.5,5,5.2],[34,34,36],[2.2,2.21,2.23],[5.4,5.47,5.5],{0}
[0.8,0.9,1.2],[37,41,45],[2.18,2.23,2.27],[5.22,5.25,5.27],{0}
[0.7,0.95,1.3],[62,66,67],[2.2,2.24,2.24],[5.18,5.19,5.21],{0,1}
[6.8,7,7.7],[33,34,38],[2.09,2.10,2.16],[5.87,5.9,5.9],{0}
[3.3,3.5,4.1],[44,44,47],[2.23,2.26,2.27],[4.92,4.95,5],{1}
[0,0.4,0.8],[46,47,50],[2.04,2.1,2.14],[5,5.02,5.04],{0}
[10.7,11,11.6],[53,57,57],[2.64,2.7,2.72],[4.34,4.36,4.4],{1}
[3.9,4,4.7],[47,52,55],[2.55,2.6,2.6],[4.25,4.28,4.3],{1}
[0.42,0.5,0.56],[37,40,41],[2.77,2.8,2.81],[4.88,4.94,5],{0,1}
[5.3,5.5,5.5],[43,44,45],[2.21,2.22,2.3],[5.03,5.06,5.06],{0,1}
[4.9,5,5.6],[36,40,44],[2.15,2.18,2.18],[5.01,5.01,5.03],{0,1}
[7.4,7.6,8],[45,45,46],[2.3,2.35,2.37],[4.96,5,5],{0}
[11.5,11.7,12],[36,39,40],[1.9,1.9,1.94],[5.37,5.44,5.46],{0,1}
[4.9,4.8,5.7],[45,50,50],[2.1,2.1,2.14],[4.87,4.9,4.94],{0,1}
[3,3,3],[47,51,52],[2.2,2.25,2.29],[4.92,4.95,5.01],{1}
[3.6,4,4.3],[47,52,53],[2.3,2.34,2.36],[4.86,4.86,4.9],{1}
[0.8,1.3,1.4],[55,56,56],[2.34,2.4,2.42],[4.64,4.65,4.65],{0}
[5.7,5.8,6.4],[48,51,51],[2.5,2.56,2.56],[4.84,4.84,4.86],{1}
[9,9,9.3],[34,34,35],[2.34,2.35,2.35],[4.99,5,5.1],{0}
[7.4,8,8.3],[34,35,35],[2.2,2.24,2.26],[5.77,5.81,5.83],{0}
[9.5,9.5,10],[60,63,64],[2.21,2.23,2.23],[5.33,5.36,5.4],{0,1}
[8.7,9.4,10.1],[45,47,47],[2,2.1,2.15],[5,5.01,5.1],{1}
[8.2,8.8,9],[36,38,39],[2.12,2.14,2.24],[5.06,5.1,5.14],{1}
