@relation Daily_average_cost_of_tKWhe_electry_energy_in_Spain_in_2003
@attribute hidraul real [27881.8, 206035.0]
@attribute nucleal real [114760.0, 187105.0]
@attribute carbon real [33537.0, 234833.0]
@attribute fuel real [0.0, 67986.5]
@attribute gas real [0.0, 84452.2]
@attribute regesp real [5307.0, 16357.0]
@attribute precio real [0.765853, 5.11875]
@data
98100.5, 123089, 199536, 19647.5, 45339.3, 12532, 3.58072
116144, 142120, 173316, 15297, 35214.5, 12343, 3.25564
59207, 169197, 206089, 37655, 64712.3, 11517, 4.81435
35461.6, 124984, 208905, 6384.44, 23139.1, 12959, 2.80529
86897.3, 150575, 211594, 43073.2, 59991.9, 10564, 3.93299
78322.4, 115606, 207893, 41228.1, 65587.2, 14516, 4.04956
90827.6, 139263, 96827.4, 0, 2289.19, 12140, 1.82045
166952, 168409, 170413, 23254.4, 26678.5, 10218, 1.9168
105428, 152943, 181860, 6325.76, 34569.5, 9982, 2.49441
95110.9, 179745, 195945, 14793.3, 52028.6, 12891, 3.4497
123606, 171504, 173861, 0, 6950.29, 10313, 2.06716
104688, 146940, 189343, 6315.17, 43412.2, 11448, 3.13517
37298.1, 162842, 197343, 13794.5, 35518.3, 12382, 3.10319
105836, 148476, 131649, 4112.91, 4661.19, 9301, 2.17032
149500, 139614, 171480, 5866.72, 41343.1, 9164, 3.03649
76324.5, 116961, 218202, 50827.7, 80698.1, 14382, 5.11875
77360.1, 114760, 215188, 53279.7, 78219.7, 14507, 4.99235
43291.7, 168962, 220257, 33063.7, 71041.5, 12464, 4.21788
130802, 179072, 127273, 5733.01, 5344.81, 12929, 1.43698
38681.7, 146761, 186825, 13147.3, 63203.1, 14070, 3.16433
72267.5, 168522, 212309, 57546.9, 68727.3, 11502, 4.23803
131399, 158122, 178054, 2446.44, 5677.63, 11303, 2.35045
163292, 169474, 182789, 20309.6, 32348.7, 10957, 2.56002
100556, 165154, 195589, 53110, 58724.4, 11282, 3.88659
156817, 174604, 188411, 24222.8, 20350.5, 5307, 2.1768
129342, 177287, 124973, 6030.14, 5889.54, 13023, 1.42735
59340.5, 161366, 197941, 37713.3, 55034.2, 11503, 4.00095
158499, 174473, 113437, 6469.85, 1628.43, 13918, 1.87801
199096, 168691, 126091, 13155.7, 24428, 8525, 1.87965
62679, 135227, 227581, 17403.7, 63833.6, 14119, 4.03702
165630, 171092, 133303, 6093.01, 4121.46, 13782, 2.06849
146445, 149376, 99627.2, 0, 11283, 10672, 2.11948
104118, 176606, 119897, 6528.36, 6349.15, 12477, 1.85067
44340.4, 144773, 215065, 17371.9, 72090, 12045, 2.35832
150122, 172673, 177446, 17518.2, 37597.9, 9551, 2.7289
117456, 149908, 203245, 9612.5, 22077.2, 10494, 2.50617
172546, 150002, 179549, 28671.3, 28052.5, 9787, 3.28301
52683.4, 119118, 199181, 6376.4, 47915.2, 10466, 3.51308
42157.7, 141079, 202522, 15424, 60504.9, 12521, 4.02609
41279.8, 148730, 203791, 8413.76, 43748.8, 13337, 2.89231
180530, 161300, 162285, 8367.5, 27579.7, 8110, 1.81792
123189, 153571, 108454, 0, 830.934, 11543, 1.8381
165339, 152126, 89567.4, 6305, 12133.1, 9589, 0.960987
121900, 139865, 179253, 5901.94, 41733.4, 10758, 2.83681
30652.9, 150981, 159443, 6478.94, 39141.9, 14161, 2.39823
156215, 146078, 154821, 2669.52, 17667.6, 12246, 2.25699
114440, 148506, 195347, 5873.44, 34522.3, 12240, 2.77649
53114.4, 143601, 219273, 24965.3, 79383.7, 11902, 4.00929
170866, 180046, 156710, 16183.3, 17754, 7808, 1.1095
63067.4, 168602, 220343, 45839.3, 59585, 12808, 4.63285
116123, 150104, 168863, 4583.57, 19575.1, 10758, 2.5444
142101, 176171, 184799, 18058.9, 41375, 12095, 2.32902
54706.1, 166132, 220491, 54348, 72922.6, 11669, 4.06552
55984.1, 145383, 201794, 46229, 66247.5, 12088, 4.14189
64027.3, 149331, 201417, 37537.2, 74080.6, 11456, 2.82325
100055, 138597, 109814, 0, 800.86, 11344, 1.67901
126836, 169283, 203663, 11297.8, 56377, 11922, 2.93009
44247.6, 164260, 182316, 9401.7, 42806.2, 11647, 2.25221
76996.7, 162111, 206832, 32894.4, 63103.8, 11351, 4.49787
27881.8, 157243, 188184, 6513.48, 29619.3, 11752, 2.18485
180700, 165416, 151031, 14308.8, 18351.4, 7845, 1.84856
101577, 168244, 115724, 4408.39, 2264.44, 15389, 1.79736
92885.6, 144161, 201127, 26157, 49777.9, 15262, 4.1939
71488.7, 118654, 209610, 51569.6, 81724.9, 14420, 4.41967
87045.1, 148676, 114246, 0, 8085.92, 11620, 1.83525
63496.9, 166323, 206291, 56266, 55062.4, 11382, 5.06181
96320.6, 164871, 191439, 60577.6, 65040.5, 11222, 3.78707
41484.2, 167288, 221540, 26155.5, 71400.4, 12277, 3.60711
103216, 142308, 113931, 0, 980.974, 12018, 1.96036
58407.3, 138041, 200249, 34287.9, 75368.9, 14210, 4.19397
47754.1, 167997, 211844, 60663.6, 67510.9, 11230, 4.20809
110599, 138621, 183065, 5879.09, 26131.6, 8882, 2.22508
82741.7, 169789, 193920, 49919.4, 76622.1, 11758, 4.88372
68643, 116128, 211931, 52131.5, 77341.9, 14530, 4.09474
47539.5, 159098, 204316, 14439.7, 50024.6, 10443, 3.42371
57257.5, 118513, 217288, 50405, 78925.1, 14105, 4.15444
170242, 176367, 201165, 37503.1, 10862.8, 7700, 3.48928
106940, 181710, 201232, 17637.3, 39439.1, 9166, 3.81473
169047, 182229, 165000, 20540, 35640.7, 13526, 2.23376
116309, 178601, 155197, 10920.5, 22042.7, 15109, 2.40335
107175, 147041, 180816, 9763.8, 32244.2, 12527, 2.59703
103814, 174475, 201098, 9147.51, 56099, 14473, 3.07069
66786.8, 165010, 212832, 59086.8, 66547.7, 12337, 4.51785
149087, 148350, 144864, 9066.5, 1781.42, 10208, 1.78434
93318.4, 163295, 204819, 17091.6, 56626.6, 11740, 3.05575
48739.9, 167125, 208599, 19174.7, 53758.8, 11261, 3.84271
188784, 160203, 188728, 32188.3, 11956.1, 9031, 3.28635
149702, 175063, 138467, 5525.03, 11007.9, 10714, 1.93015
69119.8, 160912, 135130, 9.9189, 1766.62, 11333, 1.72036
39727.6, 158745, 172958, 7902.3, 41210, 10362, 3.08476
31144.1, 155091, 178877, 7236.47, 31401.3, 13885, 2.17591
99270.5, 175174, 197483, 8671.63, 43636.5, 14076, 3.11333
80264, 125600, 208545, 29729.5, 64423.7, 14382, 4.85385
60416.8, 163176, 201606, 36483.9, 60373, 11462, 4.55163
168903, 172762, 172683, 25134.6, 27476.4, 10078, 2.19677
187945, 179224, 140881, 5208.74, 16628.2, 8826, 1.87444
51058, 143745, 219861, 16270.3, 70849.4, 12197, 4.12121
47263.1, 125408, 218817, 46716.1, 74618.8, 13956, 4.00831
123534, 145821, 197500, 9583.1, 30969.2, 10562, 2.57566
175491, 168194, 156442, 18313.2, 21957.7, 10262, 1.54912
162730, 146965, 165217, 12339.5, 13109.5, 10149, 2.28642
130026, 153559, 129564, 0, 12550.3, 10694, 1.96609
107450, 145090, 169750, 6969.19, 31542.5, 10986, 2.23359
121491, 181619, 144875, 11030.9, 24745.9, 14761, 1.99174
172963, 139915, 167767, 6955.2, 21323.7, 8678, 2.26839
46205.2, 153917, 199505, 4780.34, 28673.4, 10898, 2.9788
53754.5, 136149, 194044, 16630.5, 49205.4, 11380, 3.73669
173502, 173392, 141195, 11687.1, 26899.9, 8998, 2.15968
62028.9, 116130, 214557, 20450.1, 62717.9, 14275, 3.84052
66804.8, 154247, 196157, 17207.8, 53063.1, 14542, 3.03054
88635.5, 120492, 194975, 67061.8, 68409.5, 11113, 4.34364
141067, 172548, 187628, 16570.8, 28467.4, 13169, 2.71989
96675.4, 141761, 162634, 7325.52, 18889.8, 11249, 2.01601
85407.6, 144437, 204773, 41739.6, 54185, 10670, 3.48783
132942, 152130, 165062, 1903.99, 18713.1, 10609, 2.59007
132774, 170147, 196610, 19177.4, 44171.3, 12751, 2.11697
124726, 183397, 126596, 6072.95, 9670.8, 14116, 2.54653
45959.4, 136720, 170898, 4352.62, 52820.9, 11213, 2.57559
91157.8, 173332, 211993, 16468.7, 55807.7, 13184, 3.2357
65321.2, 156673, 206650, 43723.9, 64305, 10638, 4.22667
73390.9, 166138, 212488, 55017.9, 61546.4, 12365, 3.98641
62703.8, 166242, 218338, 64833.4, 67793.4, 11876, 4.74766
157055, 161870, 160801, 16028.6, 35061.9, 13884, 1.8952
38125.9, 169420, 203519, 11665.7, 29710.9, 13620, 3.6237
57967.4, 167394, 204395, 67145.7, 67629.3, 11386, 4.65411
84643.5, 178440, 174761, 8703.35, 16433.6, 12852, 2.48834
109162, 177075, 171452, 11558.6, 48428.3, 13620, 2.34377
99429.8, 125937, 204207, 50159.4, 53067.9, 11064, 4.33837
39055.1, 162225, 200608, 13579.4, 49444.8, 12251, 2.63243
164649, 166545, 154624, 9638.12, 13303.7, 10234, 2.17373
134957, 153716, 185097, 6080.48, 18787.9, 11441, 2.47422
76963.5, 177090, 173704, 8027.85, 37416.5, 14315, 2.62054
196005, 174005, 163366, 18572, 35587.1, 8751, 2.17647
66328.2, 122245, 220162, 38774.4, 84452.2, 13849, 4.31132
83333.9, 165600, 206695, 47673.2, 61947.3, 12218, 4.60696
93085.1, 141693, 193262, 24672.8, 35058.6, 12814, 3.86681
72078.1, 166998, 191881, 29455.1, 71528.8, 11363, 3.04474
68735.3, 146902, 109478, 3678.19, 23719.6, 12129, 1.68007
87092.9, 145612, 207016, 49603.7, 53124.3, 11070, 4.25188
50043, 134704, 219685, 38468.4, 74637.6, 14372, 3.99862
40478.6, 117937, 198261, 2538.43, 37563.8, 14282, 2.06879
84501.5, 145513, 187673, 17517.4, 42649.8, 11923, 3.14143
34111.4, 116452, 211378, 6378.88, 41674.1, 14065, 2.89857
71805.8, 149303, 199553, 22398.3, 50286.2, 11053, 3.3829
145538, 142311, 179580, 8063.38, 25545, 9371, 2.51787
30513, 147022, 210044, 6919.61, 41282.8, 12475, 3.00515
66003.2, 116531, 217574, 42111.6, 75585.7, 13833, 3.60649
47781.7, 167791, 218489, 26475.6, 51444.5, 13543, 4.1751
183148, 149012, 175547, 13843.4, 21271.8, 8307, 1.96111
140675, 173080, 179470, 16057, 27923, 13167, 2.50409
132015, 151429, 170751, 4140, 23589.7, 10552, 2.36565
145837, 171697, 200216, 18384, 31216.3, 9993, 4.12236
178383, 175790, 126510, 4953.62, 0, 9159, 1.63666
30619.1, 160290, 196883, 7369.53, 27411.6, 12457, 2.31852
57859.6, 163891, 206241, 42565, 57384, 12161, 4.61312
67326.4, 169719, 224510, 49253, 61596.9, 11721, 4.6044
65358.8, 116582, 209820, 43004.8, 71963.8, 14257, 4.75986
66471.2, 148880, 198275, 27739.2, 60409.1, 14326, 3.64404
55566.1, 167637, 223361, 62411.2, 66958.9, 13280, 4.68581
114800, 175518, 161990, 6353.76, 12237.1, 12869, 2.28675
44003.1, 171258, 198570, 13893, 38694.6, 11737, 4.08326
108444, 154760, 126614, 25.3421, 2742.79, 11538, 1.81688
63882.8, 149256, 208243, 27790.8, 58954.1, 13856, 3.95571
74174.5, 152797, 211751, 26115.9, 57083.6, 14617, 3.38268
60484.4, 125255, 185242, 34147.8, 62966.5, 11342, 3.56192
63669, 167259, 227493, 51963.9, 63232, 12377, 4.98802
145505, 170738, 164125, 5584.4, 5297.98, 15940, 2.07865
126120, 149154, 199565, 6495.41, 22143.8, 11638, 2.21261
115336, 151694, 177387, 6021.38, 5369.65, 11986, 2.24068
66095.1, 121080, 195422, 23690.4, 69462, 10814, 4.0713
113283, 140823, 192779, 5948.66, 31383.5, 11461, 3.75844
112841, 174227, 190568, 21612.8, 41869, 9534, 3.39448
72563.7, 167922, 194537, 37806.2, 60504.1, 12227, 3.59718
86463.3, 155651, 122897, 211.997, 4902.04, 11191, 1.8312
154110, 171142, 190515, 17831.4, 36734.9, 10583, 2.33082
155727, 172762, 185218, 17813.6, 34197.5, 10542, 2.03545
93406.6, 175094, 202439, 13732.6, 59207.7, 13811, 2.84326
49483.9, 164612, 212220, 35623.1, 71319.3, 12257, 3.76466
149569, 175344, 144693, 12887.6, 24285.2, 16357, 1.81222
73279, 176666, 204627, 19916.5, 54127.8, 12861, 2.96751
122083, 168587, 203287, 13701.2, 52674.7, 13938, 2.42807
65899.8, 182958, 142836, 6005.65, 7294.94, 13110, 2.21485
