@relation Daily_average_cost_of_tKWhe_electry_energy_in_Spain_in_2003
@attribute hidraul real [27881.8, 206035.0]
@attribute nucleal real [114760.0, 187105.0]
@attribute carbon real [33537.0, 234833.0]
@attribute fuel real [0.0, 67986.5]
@attribute gas real [0.0, 84452.2]
@attribute regesp real [5307.0, 16357.0]
@attribute precio real [0.765853, 5.11875]
@data
121491, 181619, 144875, 11030.9, 24745.9, 14761, 1.99174
124726, 183397, 126596, 6072.95, 9670.8, 14116, 2.54653
154110, 171142, 190515, 17831.4, 36734.9, 10583, 2.33082
149702, 175063, 138467, 5525.03, 11007.9, 10714, 1.93015
150010, 144417, 119162, 5133.27, 9892.63, 9149, 2.13452
42457.3, 173163, 212528, 27041.8, 61670.4, 12555, 3.56624
120149, 164574, 117496, 5215.38, 6711.5, 14318, 1.87193
106148, 152550, 200310, 17163.3, 59514.9, 12382, 2.98392
172518, 161910, 165860, 8332.7, 25865, 9115, 1.78204
47539.5, 159098, 204316, 14439.7, 50024.6, 10443, 3.42371
79492, 169150, 190808, 52006.3, 70044.6, 11793, 4.92926
80881.7, 161988, 207252, 45438, 61181.6, 12516, 3.34136
112841, 174227, 190568, 21612.8, 41869, 9534, 3.39448
65067.3, 149612, 202815, 37766.1, 56342.6, 12263, 4.47261
34111.4, 116452, 211378, 6378.88, 41674.1, 14065, 2.89857
49483.9, 164612, 212220, 35623.1, 71319.3, 12257, 3.76466
100730, 139326, 173984, 5839.45, 7113.33, 10849, 2.40433
76996.7, 162111, 206832, 32894.4, 63103.8, 11351, 4.49787
74297, 183421, 151230, 8528.64, 6736.05, 12361, 2.2336
84919, 169511, 175126, 5989.34, 15004.8, 9495, 1.79773
63496.9, 166323, 206291, 56266, 55062.4, 11382, 5.06181
156303, 174563, 158795, 8579.52, 27278, 14887, 2.00228
120000, 146287, 194171, 6445.11, 26976.2, 11060, 2.5725
159149, 175571, 103228, 3741.2, 1147.85, 8546, 1.21431
166824, 175563, 193745, 18903, 37661.2, 15229, 2.47074
84501.5, 145513, 187673, 17517.4, 42649.8, 11923, 3.14143
149500, 139614, 171480, 5866.72, 41343.1, 9164, 3.03649
114560, 167277, 179313, 0, 10601.9, 11025, 2.2995
40681.6, 167113, 187190, 6645.15, 44738.1, 11102, 2.47629
53308.4, 130997, 197042, 5577.08, 46182.3, 12981, 2.10912
173086, 161469, 175422, 24027.3, 24311.6, 10603, 2.95668
151017, 178514, 187563, 24604.4, 19834.4, 7070, 2.13306
170717, 172028, 190312, 23401.5, 62375, 13227, 3.2984
114440, 148506, 195347, 5873.44, 34522.3, 12240, 2.77649
187029, 171382, 51913.4, 5342.54, 0, 8346, 0.955205
175491, 168194, 156442, 18313.2, 21957.7, 10262, 1.54912
180700, 165416, 151031, 14308.8, 18351.4, 7845, 1.84856
98100.5, 123089, 199536, 19647.5, 45339.3, 12532, 3.58072
164042, 170119, 193373, 21788.7, 57254.4, 13891, 2.97633
163063, 177445, 132722, 6257.35, 11992.7, 7475, 1.61606
108789, 148989, 173104, 9750.08, 24408.3, 12616, 2.64659
190729, 176396, 170338, 27696.3, 28071.3, 8986, 2.27647
137741, 152334, 141613, 0, 21169, 11907, 2.1057
46205.2, 153917, 199505, 4780.34, 28673.4, 10898, 2.9788
109797, 172697, 96596.3, 5803.86, 3245.38, 11801, 2.06576
206035, 186774, 79129.5, 4342.43, 5715.18, 8159, 1.5835
38125.9, 169420, 203519, 11665.7, 29710.9, 13620, 3.6237
64027.3, 149331, 201417, 37537.2, 74080.6, 11456, 2.82325
149569, 175344, 144693, 12887.6, 24285.2, 16357, 1.81222
60805.1, 166566, 224252, 42200.3, 63524.2, 10889, 4.02768
76963.5, 177090, 173704, 8027.85, 37416.5, 14315, 2.62054
154571, 182180, 33537, 4963.88, 0, 5630, 0.765853
102236, 143928, 179307, 6519.57, 31083.9, 11614, 2.4381
96320.6, 164871, 191439, 60577.6, 65040.5, 11222, 3.78707
116123, 150104, 168863, 4583.57, 19575.1, 10758, 2.5444
85104.8, 174706, 206714, 10804.5, 53137.2, 14231, 2.70608
116144, 142120, 173316, 15297, 35214.5, 12343, 3.25564
66095.1, 121080, 195422, 23690.4, 69462, 10814, 4.0713
66328.2, 122245, 220162, 38774.4, 84452.2, 13849, 4.31132
34334.3, 166607, 196699, 10072, 20790.5, 11856, 2.74576
107450, 145090, 169750, 6969.19, 31542.5, 10986, 2.23359
122083, 168587, 203287, 13701.2, 52674.7, 13938, 2.42807
127643, 172389, 221011, 33218.1, 52620.7, 9850, 4.02099
196005, 174005, 163366, 18572, 35587.1, 8751, 2.17647
87045.1, 148676, 114246, 0, 8085.92, 11620, 1.83525
72563.7, 167922, 194537, 37806.2, 60504.1, 12227, 3.59718
47668.4, 173686, 212013, 18690.8, 65984.4, 12307, 3.97146
126836, 169283, 203663, 11297.8, 56377, 11922, 2.93009
142078, 156647, 155779, 4307.56, 19619.9, 12097, 2.23691
158115, 175634, 181930, 16199.3, 19897.6, 7652, 1.90918
191098, 169601, 171592, 24518.3, 33458.4, 8875, 2.21565
59599.9, 163995, 220774, 46064.4, 70375.6, 13094, 4.18805
173467, 169555, 185398, 15964.6, 42709.1, 13868, 2.83895
185484, 170355, 140182, 12438.9, 21384.5, 9251, 2.32848
110599, 138621, 183065, 5879.09, 26131.6, 8882, 2.22508
79880, 172226, 194140, 16284.2, 44195, 13158, 2.66678
99429.8, 125937, 204207, 50159.4, 53067.9, 11064, 4.33837
105428, 152943, 181860, 6325.76, 34569.5, 9982, 2.49441
179183, 175973, 78429.1, 4680.73, 8117.13, 8023, 1.7328
75205.1, 123541, 201792, 17931.5, 59511.6, 12030, 3.88321
173246, 178497, 170487, 16439.5, 18514, 6532, 1.97025
177566, 168075, 179508, 19331.8, 33001.3, 9780, 2.48464
172992, 187105, 152094, 17147.2, 16824.6, 7362, 3.03418
140675, 173080, 179470, 16057, 27923, 13167, 2.50409
53754.5, 136149, 194044, 16630.5, 49205.4, 11380, 3.73669
38681.7, 146761, 186825, 13147.3, 63203.1, 14070, 3.16433
63882.8, 149256, 208243, 27790.8, 58954.1, 13856, 3.95571
165339, 152126, 89567.4, 6305, 12133.1, 9589, 0.960987
100934, 167726, 201212, 11546.2, 53495.1, 13882, 3.12349
139750, 149921, 143836, 1569.08, 10118.8, 11066, 2.13202
160804, 171392, 193737, 20046.4, 38465.8, 15547, 1.6984
44447.3, 173617, 215120, 28877.2, 65568.3, 12374, 3.8337
64015.4, 132247, 222417, 14169.1, 55401.4, 13567, 3.26226
60484.4, 125255, 185242, 34147.8, 62966.5, 11342, 3.56192
59340.5, 161366, 197941, 37713.3, 55034.2, 11503, 4.00095
73279, 176666, 204627, 19916.5, 54127.8, 12861, 2.96751
113627, 141405, 198537, 5966.32, 41732.7, 10970, 3.25505
181480, 164466, 157650, 13904.4, 22813.6, 8713, 1.83484
169322, 178653, 185004, 16895.3, 53582.5, 12893, 2.46265
113283, 140823, 192779, 5948.66, 31383.5, 11461, 3.75844
62703.8, 166242, 218338, 64833.4, 67793.4, 11876, 4.74766
170242, 176367, 201165, 37503.1, 10862.8, 7700, 3.48928
144906, 180711, 136896, 1453.89, 0, 7449, 1.3288
134311, 163733, 201342, 36983.3, 53541.4, 10123, 3.90895
41279.8, 148730, 203791, 8413.76, 43748.8, 13337, 2.89231
66786.8, 165010, 212832, 59086.8, 66547.7, 12337, 4.51785
52683.4, 119118, 199181, 6376.4, 47915.2, 10466, 3.51308
70312.3, 130864, 193201, 53914, 62919.5, 11988, 4.4184
149087, 148350, 144864, 9066.5, 1781.42, 10208, 1.78434
145505, 170738, 164125, 5584.4, 5297.98, 15940, 2.07865
37298.2, 126262, 192405, 0, 35531.5, 12075, 2.65464
175066, 172162, 173109, 21701.9, 29528.9, 9046, 2.78725
64748.5, 124796, 201102, 53162.9, 54516.9, 12277, 4.40494
104688, 146940, 189343, 6315.17, 43412.2, 11448, 3.13517
50043, 134704, 219685, 38468.4, 74637.6, 14372, 3.99862
105836, 148476, 131649, 4112.91, 4661.19, 9301, 2.17032
72621.5, 173577, 135842, 6204.55, 22526.3, 13720, 1.83238
103216, 142308, 113931, 0, 980.974, 12018, 1.96036
158758, 172485, 195032, 12306.2, 37469.8, 9791, 2.47207
94601.2, 172892, 197017, 6137.55, 22221.5, 10198, 2.09604
115336, 151694, 177387, 6021.38, 5369.65, 11986, 2.24068
44247.6, 164260, 182316, 9401.7, 42806.2, 11647, 2.25221
45975.6, 158850, 205797, 38343, 64153, 12318, 3.88872
42131.6, 119151, 223502, 4451.5, 57740.4, 14366, 3.11447
38334, 168946, 208367, 17073.7, 52944.3, 11267, 3.57325
143097, 162829, 197361, 37958, 47108.6, 9752, 3.89674
68022.5, 162245, 185311, 26377.8, 54708.6, 11719, 3.36982
27881.8, 157243, 188184, 6513.48, 29619.3, 11752, 2.18485
39055.1, 162225, 200608, 13579.4, 49444.8, 12251, 2.63243
129482, 174271, 129081, 6352.87, 1957.91, 15925, 1.67147
145837, 171697, 200216, 18384, 31216.3, 9993, 4.12236
36954.6, 169151, 192350, 16542.2, 45076.8, 11276, 3.74995
71971.7, 121645, 192129, 17191.8, 32351.7, 11177, 3.38977
146445, 149376, 99627.2, 0, 11283, 10672, 2.11948
67522.6, 165662, 209094, 53089.4, 68190.7, 11092, 4.33662
92885.6, 144161, 201127, 26157, 49777.9, 15262, 4.1939
46935.2, 163778, 212371, 19091, 50645.9, 12971, 3.89468
55566.1, 167637, 223361, 62411.2, 66958.9, 13280, 4.68581
30257.2, 164695, 190271, 9677.9, 37311.8, 10855, 2.42621
124480, 142078, 164750, 4965.49, 6713.44, 9310, 2.37613
177753, 168362, 215844, 45232.2, 10296.6, 8079, 4.08083
77552.2, 155563, 212405, 37301.3, 45520, 10711, 3.68031
82003.1, 143023, 153182, 5985.84, 2064.71, 10845, 2.27033
132015, 151429, 170751, 4140, 23589.7, 10552, 2.36565
83333.9, 165600, 206695, 47673.2, 61947.3, 12218, 4.60696
44003.1, 171258, 198570, 13893, 38694.6, 11737, 4.08326
145519, 175426, 177686, 1568.88, 11043.8, 7347, 1.76612
177317, 153273, 202543, 57812.1, 7251.62, 8577, 2.34107
163292, 169474, 182789, 20309.6, 32348.7, 10957, 2.56002
73583.4, 126361, 200252, 54026.8, 55805.4, 11930, 4.45596
169042, 176674, 175796, 20992.2, 49093.2, 13911, 2.53167
58407.3, 138041, 200249, 34287.9, 75368.9, 14210, 4.19397
172546, 150002, 179549, 28671.3, 28052.5, 9787, 3.28301
162730, 146965, 165217, 12339.5, 13109.5, 10149, 2.28642
92355.1, 118043, 191787, 65886.9, 66510.9, 11166, 4.81924
123189, 153571, 108454, 0, 830.934, 11543, 1.8381
62679, 135227, 227581, 17403.7, 63833.6, 14119, 4.03702
142590, 152259, 175601, 2018.07, 13172.5, 11793, 2.22464
99270.5, 175174, 197483, 8671.63, 43636.5, 14076, 3.11333
59928.9, 169654, 208665, 46421.9, 61896.7, 11805, 4.52502
31144.1, 155091, 178877, 7236.47, 31401.3, 13885, 2.17591
112099, 137174, 87366.5, 0, 7322.1, 8888, 1.69151
132942, 152130, 165062, 1903.99, 18713.1, 10609, 2.59007
85407.6, 144437, 204773, 41739.6, 54185, 10670, 3.48783
100925, 153313, 175629, 6573.14, 41637.7, 10176, 2.53251
158499, 174473, 113437, 6469.85, 1628.43, 13918, 1.87801
136204, 142446, 171006, 0, 17637.7, 11297, 2.4202
67881.2, 168664, 219403, 53732.9, 59015.4, 12117, 4.14661
95110.9, 179745, 195945, 14793.3, 52028.6, 12891, 3.4497
172963, 139915, 167767, 6955.2, 21323.7, 8678, 2.26839
48814.5, 149600, 234833, 19233.6, 73929.8, 11834, 4.19821
199096, 168691, 126091, 13155.7, 24428, 8525, 1.87965
38027, 158766, 197959, 7050.11, 43419.4, 13259, 2.91001
119110, 175974, 196978, 9048.11, 52981.6, 12628, 2.75706
180530, 161300, 162285, 8367.5, 27579.7, 8110, 1.81792
173502, 173392, 141195, 11687.1, 26899.9, 8998, 2.15968
106940, 181710, 201232, 17637.3, 39439.1, 9166, 3.81473
53114.4, 143601, 219273, 24965.3, 79383.7, 11902, 4.00929
78399.9, 156931, 184324, 7987.93, 31348, 11997, 3.48473
60897.9, 157374, 136216, 1760, 10020.2, 12176, 1.94924
56976.5, 165652, 206558, 46501.8, 59991.7, 11132, 4.30393
67326.4, 169719, 224510, 49253, 61596.9, 11721, 4.6044
