@relation B100mlI
@attribute Indicator1 interval [0, 10]
@attribute Indicator2 interval [0, 10]
@attribute Indicator3 interval [0, 10]
@attribute Indicator4 interval [0, 10]
@attribute Class {0, 1}
@inputs Indicator1, Indicator2, Indicator3, Indicator4
@outputs Class
@data
[7.8,8.6],[1,1.1,1.2],[2.58,2.7,2.82],[4.75,4.9,5.05],{1}
[7.3,8.2],[1,1.1,1.15],[2.63,2.7,2.72],[4.87,4.9,5.03],{1}
[0.9,2],[0.95,1.1,1.12],[2.9,2.99,3.08],[5.23,5.3,5.41],{0}
[3.6,3.9],[0.96,0.99,1.07],[2.88,2.99,3.06],[4.98,5,5.12],{1,0}
[1,2.8],[1,1.1,1.15],[3.1,3.3,3.45],[4.92,5,5.02],{0}
[3.9,4.8],[1.03,1.1,1.1],[2.9,3.1,3.3],[4.9,5,5.09],{1,0}
[6.25,7.6],[1.22,1.3,1.31],[3.3,3.4,3.42],[5.85,5.9,5.92],{0}
[1.5,2.9],[0.96,0.99,1.07],[2.97,2.99,3.11],[4.98,5,5.09],{1,0}
[4.3,6.2],[0.89,0.89,0.91],[2.75,2.79,3.82],[4.25,4.3,4.41],{1}
[8.2,9.7],[1,1.07,1.09],[2.88,2.99,3.02],[4.79,4.9,5.01],{1}
[8,9.5],[1.02,1.1,1.2],[2.77,2.82,2.86],[4.87,4.96,5.1],{1}
[6.9,8.1],[1.1,1.2,1.3],[2.9,2.98,3.03],[4.92,4.93,5.13],{0,1}
[2.3,4],[0.86,0.9,0.96],[3.1,3.12,3.2],[5.2,5.3,5.32],{0}
[7.1,8.7],[1.15,1.2,1.24],[2.83,2.95,2.96],[4.95,5.1,5.2],{1}
[1.25,2.7],[0.93,1,1.05],[2.17,3.22,3.25],[4.96,5.08,5.18],{0}
[3,4.1],[1.1,1.12,1.2],[3.1,3.18,3.28],[4.85,5,5.12],{1}
[2.7,3.9],[1.17,1.2,1.25],[3,3.06,3.16],[5.33,5.43,5.54],{0}
[0,1.8],[0.92,0.96,1],[2.97,3.05,3.1],[5.07,5.14,5.24],{0}
[7.7,9],[0.95,0.99,1.02],[2.89,2.92,3.04],[4.8,4.92,5.04],{1}
[7.9,9.1],[1.14,1.22,1.24],[3.01,3.02,3.12],[4.73,4.87,4.99],{1}
[6,7.3],[1.17,1.22,1.22],[3.12,3.24,3.26],[5.25,5.38,5.43],{0}
[7.3,8.2],[1.2,1.3,1.34],[3.1,3.18,3.25],[5.35,5.37,5.49],{1,0}
[7.7,8.1],[1.19,1.27,1.3],[3.05,3.07,3.18],[5.31,5.45,5.47],{1,0}
[6.5,7.7],[1.27,1.31,1.33],[3.2,3.25,3.32],[5.01,5.03,5.13],{0}
[8.1,9.3],[1.15,1.2,1.27],[3.36,3.4,3.5],[5.8,5.93,6.03],{0}
[1.8,2.9],[1.19,1.2,1.3],[2.99,3.06,3.15],[5.02,5.14,5.26],{0}
[7.7,8.6],[1,1.08,1.17],[2.6,2.73,2.82],[4.77,4.85,5.06],{1}
[7.3,8.4],[1.02,1.11,1.15],[2.63,2.68,2.71],[4.88,4.92,5.02],{1,0}
[0.9,1.9],[0.98,1.07,1.1],[2.91,2.97,3.06],[5.23,5.27,5.38],{0}
[3.7,4],[0.99,1,1.07],[2.91,2.98,3.05],[4.98,5.07,5.1],{1,0}
[1,2.8],[1.02,1.14,1.15],[3.16,3.28,3.4],[4.95,5.03,5.03],{0}
[3.8,4.8],[1.08,1.1,1.1],[2.92,3.12,3.25],[4.93,5,5.07],{1,0}
[6.2,7.5],[1.21,1.28,1.32],[3.33,3.41,3.42],[5.86,5.88,5.91],{0}
[1.7,3],[0.96,0.98,1.05],[2.96,2.96,3.06],[4.98,5.02,5.07],{1}
[4.4,6.3],[0.88,0.88,0.91],[2.75,2.78,3],[4.25,4.32,4.33],{1}
[8.1,9.6],[1.01,1.06,1.08],[2.88,2.95,3],[4.81,4.93,4.98],{1}
[8.1,9.5],[1.03,1.11,1.18],[2.79,2.8,2.86],[4.89,4.96,5.05],{1}
[7,8],[1.12,1.2,1.28],[2.91,2.96,3.02],[4.94,4.94,5.02],{0}
[2.2,3.9],[0.87,0.91,0.97],[3.09,3.12,3.18],[5.2,5.28,5.32],{0}
[7.6,8.6],[1.14,1.19,1.22],[2.86,2.95,2.95],[4.95,5.1,5.1],{1}
[1.2,2.7],[0.96,1,1.06],[3.17,3.21,3.25],[4.97,5.06,5.12],{0}
[3,4],[1.1,1.1,1.18],[3.12,3.17,3.26],[4.9,5,5.04],{1}
[3,3.8],[1.18,1.21,1.25],[3.01,3.04,3.13],[5.43,5.43,5.54],{0}
[0,1.7],[0.92,0.95,1],[2.99,3.07,3.1],[5.07,5.14,5.15],{0}
[7.7,8.9],[0.95,0.97,1.02],[2.9,2.95,3.03],[4.86,4.91,5.01],{1}
[8,9],[1.17,1.21,1.21],[3.02,3.02,3.08],[4.76,4.88,4.92],{1}
[6.2,7.3],[1.18,1.22,1.23],[3.13,3.2,3.26],[5.28,5.35,5.41],{0}
[7.2,8.1],[1.24,1.31,1.34],[3.14,3.19,3.21],[5.35,5.35,5.36],{1}
[7.7,8],[1.2,1.28,1.29],[3.07,3.07,3.1],[5.33,5.43,5.44],{1,0}
[6.4,7.6],[1.27,1.3,1.33],[3.22,3.23,3.31],[5.01,5.02,5.09],{0}
[8.2,9.2],[1.17,1.22,1.25],[3.36,3.38,3.38],[5.89,5.95,6.04],{0}
[1.7,2.8],[1.19,1.21,1.28],[2.97,3.05,3.12],[5.05,5.13,5.21],{0}
