@relation Long4
@attribute Indicator1 interval [0, 20]
@attribute Indicator2 interval [0, 100]
@attribute Indicator3 interval [0, 10]
@attribute Indicator4 interval [0, 10]
@attribute Class subset {0, 1}
@inputs Indicator1, Indicator2, Indicator3, Indicator4
@outputs Class
@data
[0.7,1.3],[62,67],[2.2,2.24],[5.18,5.21],{0,1}
[5.3,5.5],[43,45],[2.21,2.3],[5.03,5.06],{0,1}
[7.4,8],[45,46],[2.3,2.37],[4.96,5],{0}
[3,3],[47,52],[2.2,2.29],[4.92,5.01],{1}
[4.5,5.2],[34,36],[2.2,2.23],[5.4,5.5],{0}
[3.9,4.7],[47,55],[2.55,2.6],[4.25,4.3],{1}
[0.8,1.2],[37,45],[2.18,2.27],[5.22,5.27],{0}
[7.4,8.3],[34,35],[2.2,2.26],[5.77,5.83],{0}
[0.42,0.56],[37,41],[2.77,2.81],[4.88,5],{0,1}
[11.5,12],[36,40],[1.9,1.94],[5.37,5.46],{0,1}
[3.6,4.3],[47,53],[2.3,2.36],[4.86,4.9],{1}
[4.9,5.6],[36,44],[2.15,2.18],[5.01,5.03],{0,1}
[10.7,11.6],[53,57],[2.64,2.72],[4.34,4.4],{1}
[3.3,4.1],[44,47],[2.23,2.27],[4.92,5],{1}
[5.7,6.4],[48,51],[2.5,2.56],[4.84,4.86],{1}
[9,9.3],[34,35],[2.34,2.35],[4.99,5.1],{0}
[0.8,1.4],[55,56],[2.34,2.42],[4.64,4.65],{0}
[4.9,5.7],[45,50],[2.1,2.14],[4.87,4.94],{0,1}
[6.8,7.7],[33,38],[2.09,2.16],[5.87,5.9],{0}
[8.7,10.1],[45,47],[2,2.15],[5,5.1],{1}
[9.5,10],[60,64],[2.21,2.23],[5.33,5.4],{0,1}
[1,1.8],[29,37],[2.29,2.38],[5.04,5.15],{0}
[8.2,9],[36,39],[2.12,2.24],[5.06,5.14],{1}
