@relation abalone19
@attribute Sex {M, F, I}
@attribute Length real [0.075, 0.815]
@attribute Diameter real [0.055, 0.65]
@attribute Height real [0.0, 1.13]
@attribute Whole_weight real [0.0020, 2.8255]
@attribute Shucked_weight real [0.0010, 1.488]
@attribute Viscera_weight real [5.0E-4, 0.76]
@attribute Shell_weight real [0.0015, 1.005]
@attribute Class {positive, negative}
@inputs Sex, Length, Diameter, Height, Whole_weight, Shucked_weight, Viscera_weight, Shell_weight
@outputs Class
@data
M, 0.35, 0.265, 0.09, 0.2255, 0.0995, 0.0485, 0.07, negative
F, 0.535, 0.405, 0.145, 0.6845, 0.2725, 0.171, 0.205, negative
F, 0.47, 0.355, 0.1, 0.4755, 0.1675, 0.0805, 0.185, negative
F, 0.615, 0.48, 0.165, 1.1615, 0.513, 0.301, 0.305, negative
F, 0.56, 0.44, 0.14, 0.9285, 0.3825, 0.188, 0.3, negative
F, 0.58, 0.45, 0.185, 0.9955, 0.3945, 0.272, 0.285, negative
M, 0.605, 0.475, 0.18, 0.9365, 0.394, 0.219, 0.295, negative
F, 0.575, 0.445, 0.135, 0.883, 0.381, 0.2035, 0.26, negative
F, 0.525, 0.425, 0.16, 0.8355, 0.3545, 0.2135, 0.245, negative
M, 0.405, 0.31, 0.1, 0.385, 0.173, 0.0915, 0.11, negative
M, 0.47, 0.385, 0.135, 0.5895, 0.2765, 0.12, 0.17, negative
M, 0.45, 0.345, 0.105, 0.4115, 0.18, 0.1125, 0.135, negative
M, 0.505, 0.405, 0.11, 0.625, 0.305, 0.16, 0.175, negative
F, 0.53, 0.41, 0.13, 0.6965, 0.302, 0.1935, 0.2, negative
F, 0.475, 0.39, 0.12, 0.5305, 0.2135, 0.1155, 0.17, negative
M, 0.57, 0.48, 0.175, 1.185, 0.474, 0.261, 0.38, negative
M, 0.62, 0.51, 0.175, 1.615, 0.5105, 0.192, 0.675, negative
F, 0.57, 0.465, 0.18, 1.295, 0.339, 0.2225, 0.44, negative
F, 0.46, 0.355, 0.13, 0.517, 0.2205, 0.114, 0.165, negative
M, 0.595, 0.465, 0.175, 1.115, 0.4015, 0.254, 0.39, negative
M, 0.535, 0.435, 0.15, 0.725, 0.269, 0.1385, 0.25, negative
M, 0.47, 0.37, 0.13, 0.5225, 0.201, 0.133, 0.165, negative
F, 0.475, 0.375, 0.125, 0.5785, 0.2775, 0.085, 0.155, negative
M, 0.55, 0.435, 0.145, 0.843, 0.328, 0.1915, 0.255, negative
M, 0.53, 0.415, 0.14, 0.724, 0.3105, 0.1675, 0.205, negative
F, 0.52, 0.41, 0.155, 0.727, 0.291, 0.1835, 0.235, negative
M, 0.465, 0.36, 0.105, 0.431, 0.172, 0.107, 0.175, negative
F, 0.545, 0.41, 0.125, 0.6935, 0.2975, 0.146, 0.21, negative
M, 0.44, 0.34, 0.105, 0.402, 0.1305, 0.0955, 0.165, negative
I, 0.385, 0.295, 0.085, 0.2535, 0.103, 0.0575, 0.085, negative
M, 0.7, 0.535, 0.16, 1.7255, 0.63, 0.2635, 0.54, positive
I, 0.35, 0.26, 0.095, 0.211, 0.086, 0.056, 0.068, negative
I, 0.265, 0.2, 0.065, 0.0975, 0.04, 0.0205, 0.028, negative
F, 0.405, 0.325, 0.11, 0.3555, 0.151, 0.063, 0.117, negative
M, 0.56, 0.455, 0.155, 0.797, 0.34, 0.19, 0.2425, negative
M, 0.46, 0.35, 0.12, 0.515, 0.224, 0.108, 0.1565, negative
I, 0.175, 0.13, 0.055, 0.0315, 0.0105, 0.0065, 0.0125, negative
F, 0.575, 0.46, 0.19, 0.994, 0.392, 0.2425, 0.34, negative
M, 0.605, 0.465, 0.165, 1.056, 0.4215, 0.2475, 0.34, negative
F, 0.65, 0.545, 0.23, 1.752, 0.5605, 0.2895, 0.815, negative
F, 0.68, 0.57, 0.205, 1.842, 0.625, 0.408, 0.65, negative
M, 0.695, 0.55, 0.215, 1.9565, 0.7125, 0.541, 0.59, negative
F, 0.52, 0.405, 0.115, 0.776, 0.32, 0.1845, 0.22, negative
I, 0.315, 0.21, 0.06, 0.125, 0.06, 0.0375, 0.035, negative
F, 0.56, 0.45, 0.16, 1.0235, 0.429, 0.268, 0.3, negative
M, 0.615, 0.48, 0.18, 1.1595, 0.4845, 0.2165, 0.325, negative
M, 0.61, 0.485, 0.17, 1.0225, 0.419, 0.2405, 0.36, negative
I, 0.355, 0.275, 0.085, 0.22, 0.092, 0.06, 0.15, negative
M, 0.585, 0.46, 0.185, 0.922, 0.3635, 0.213, 0.285, negative
F, 0.5, 0.4, 0.145, 0.63, 0.234, 0.1465, 0.23, negative
I, 0.37, 0.28, 0.095, 0.2655, 0.122, 0.052, 0.08, negative
M, 0.55, 0.405, 0.14, 0.8025, 0.244, 0.1635, 0.255, negative
F, 0.49, 0.375, 0.15, 0.5755, 0.22, 0.144, 0.19, negative
I, 0.425, 0.38, 0.105, 0.3265, 0.1285, 0.0785, 0.1, negative
F, 0.58, 0.465, 0.165, 1.1015, 0.404, 0.2095, 0.35, negative
I, 0.275, 0.215, 0.075, 0.1155, 0.0485, 0.029, 0.035, negative
I, 0.075, 0.055, 0.01, 0.0020, 0.0010, 5.0E-4, 0.0015, negative
F, 0.59, 0.475, 0.16, 1.1015, 0.4775, 0.2555, 0.295, negative
M, 0.47, 0.39, 0.15, 0.6355, 0.2185, 0.0885, 0.255, negative
F, 0.66, 0.53, 0.185, 1.3485, 0.493, 0.245, 0.49, negative
F, 0.535, 0.415, 0.185, 0.8415, 0.314, 0.1585, 0.3, negative
M, 0.485, 0.395, 0.14, 0.6295, 0.2285, 0.127, 0.225, negative
M, 0.61, 0.475, 0.165, 1.116, 0.428, 0.2205, 0.315, negative
F, 0.405, 0.305, 0.095, 0.3485, 0.1455, 0.0895, 0.1, negative
M, 0.55, 0.41, 0.125, 0.7605, 0.2505, 0.1635, 0.195, negative
M, 0.57, 0.435, 0.145, 0.9055, 0.3925, 0.2355, 0.275, negative
M, 0.595, 0.455, 0.195, 1.3305, 0.4595, 0.3235, 0.345, positive
M, 0.63, 0.485, 0.175, 1.3, 0.4335, 0.2945, 0.46, negative
I, 0.3, 0.22, 0.08, 0.121, 0.0475, 0.042, 0.035, negative
F, 0.585, 0.45, 0.17, 0.8685, 0.3325, 0.1635, 0.27, negative
M, 0.57, 0.46, 0.14, 0.9535, 0.4465, 0.2065, 0.245, negative
M, 0.58, 0.455, 0.17, 0.93, 0.408, 0.259, 0.22, negative
M, 0.635, 0.515, 0.17, 1.275, 0.509, 0.286, 0.34, negative
M, 0.745, 0.585, 0.215, 2.499, 0.9265, 0.472, 0.7, negative
F, 0.66, 0.565, 0.195, 1.7605, 0.692, 0.3265, 0.5, negative
F, 0.675, 0.545, 0.195, 1.7345, 0.6845, 0.3695, 0.605, negative
M, 0.63, 0.49, 0.19, 1.1775, 0.4935, 0.3365, 0.285, negative
M, 0.565, 0.465, 0.175, 0.995, 0.3895, 0.183, 0.37, negative
M, 0.605, 0.47, 0.18, 1.1405, 0.3755, 0.2805, 0.385, negative
F, 0.455, 0.37, 0.105, 0.4925, 0.216, 0.1245, 0.135, negative
M, 0.54, 0.42, 0.155, 0.7385, 0.3515, 0.152, 0.215, negative
M, 0.49, 0.42, 0.125, 0.609, 0.239, 0.1435, 0.22, negative
I, 0.465, 0.375, 0.12, 0.471, 0.222, 0.119, 0.14, negative
F, 0.47, 0.375, 0.125, 0.5615, 0.252, 0.137, 0.18, negative
M, 0.59, 0.485, 0.12, 0.911, 0.39, 0.182, 0.29, negative
F, 0.58, 0.46, 0.12, 0.9935, 0.4625, 0.2385, 0.28, negative
F, 0.605, 0.495, 0.17, 1.2385, 0.528, 0.2465, 0.39, negative
F, 0.63, 0.5, 0.17, 1.3135, 0.5595, 0.267, 0.4, negative
F, 0.63, 0.5, 0.155, 1.005, 0.367, 0.199, 0.36, negative
F, 0.61, 0.485, 0.165, 1.0915, 0.3935, 0.2435, 0.33, negative
F, 0.57, 0.45, 0.175, 0.9555, 0.38, 0.1665, 0.295, negative
I, 0.36, 0.275, 0.095, 0.217, 0.084, 0.0435, 0.09, negative
M, 0.39, 0.3, 0.09, 0.3055, 0.143, 0.0645, 0.085, negative
M, 0.5, 0.415, 0.165, 0.6885, 0.249, 0.138, 0.25, negative
F, 0.505, 0.425, 0.14, 0.85, 0.275, 0.1625, 0.285, positive
I, 0.395, 0.295, 0.1, 0.2715, 0.134, 0.0325, 0.085, negative
M, 0.655, 0.53, 0.195, 1.388, 0.567, 0.2735, 0.41, negative
F, 0.68, 0.55, 0.21, 1.7445, 0.5975, 0.305, 0.625, negative
F, 0.53, 0.44, 0.135, 0.7835, 0.313, 0.1715, 0.2185, negative
F, 0.52, 0.405, 0.12, 0.627, 0.2645, 0.1415, 0.181, negative
M, 0.53, 0.415, 0.175, 0.7395, 0.261, 0.1395, 0.2645, negative
M, 0.665, 0.54, 0.175, 1.347, 0.4955, 0.254, 0.415, negative
F, 0.58, 0.44, 0.18, 0.854, 0.3665, 0.1635, 0.245, negative
M, 0.585, 0.455, 0.225, 1.055, 0.3815, 0.221, 0.365, negative
F, 0.455, 0.35, 0.14, 0.5185, 0.221, 0.1265, 0.135, negative
F, 0.49, 0.38, 0.145, 0.6725, 0.249, 0.181, 0.21, negative
M, 0.27, 0.195, 0.08, 0.1, 0.0385, 0.0195, 0.03, negative
M, 0.325, 0.23, 0.09, 0.147, 0.06, 0.034, 0.045, negative
M, 0.2, 0.14, 0.055, 0.035, 0.0145, 0.0080, 0.01, negative
M, 0.175, 0.125, 0.04, 0.024, 0.0095, 0.0060, 0.0050, negative
M, 0.385, 0.3, 0.095, 0.24, 0.0885, 0.059, 0.085, negative
F, 0.435, 0.335, 0.11, 0.38, 0.1695, 0.086, 0.11, negative
I, 0.47, 0.37, 0.14, 0.4985, 0.2095, 0.1225, 0.145, negative
I, 0.52, 0.405, 0.14, 0.5775, 0.2, 0.145, 0.179, negative
M, 0.29, 0.23, 0.075, 0.1165, 0.043, 0.0255, 0.04, negative
F, 0.44, 0.355, 0.115, 0.415, 0.1585, 0.0925, 0.131, negative
F, 0.38, 0.29, 0.105, 0.257, 0.099, 0.051, 0.085, negative
I, 0.65, 0.515, 0.16, 1.1625, 0.495, 0.203, 0.33, negative
I, 0.615, 0.49, 0.155, 0.9885, 0.4145, 0.195, 0.345, negative
I, 0.48, 0.37, 0.12, 0.514, 0.2075, 0.131, 0.155, negative
I, 0.525, 0.405, 0.15, 0.795, 0.3075, 0.205, 0.255, negative
F, 0.66, 0.53, 0.17, 1.326, 0.519, 0.2625, 0.44, negative
I, 0.485, 0.355, 0.13, 0.581, 0.245, 0.132, 0.168, negative
I, 0.45, 0.35, 0.14, 0.474, 0.21, 0.109, 0.1275, negative
I, 0.45, 0.345, 0.135, 0.443, 0.1975, 0.0875, 0.1175, negative
I, 0.56, 0.425, 0.14, 0.9175, 0.4005, 0.1975, 0.26, negative
I, 0.58, 0.445, 0.15, 0.8865, 0.383, 0.209, 0.255, negative
F, 0.55, 0.41, 0.145, 0.8285, 0.3095, 0.1905, 0.25, negative
F, 0.405, 0.31, 0.12, 0.3095, 0.138, 0.058, 0.095, negative
F, 0.56, 0.445, 0.195, 0.981, 0.305, 0.2245, 0.335, negative
I, 0.515, 0.39, 0.14, 0.5555, 0.2, 0.1135, 0.2235, negative
I, 0.425, 0.345, 0.125, 0.425, 0.16, 0.0795, 0.154, negative
I, 0.485, 0.37, 0.13, 0.458, 0.181, 0.113, 0.136, negative
F, 0.44, 0.345, 0.17, 0.4085, 0.15, 0.0825, 0.1515, negative
I, 0.45, 0.35, 0.145, 0.525, 0.2085, 0.1, 0.1655, negative
F, 0.5, 0.385, 0.105, 0.498, 0.1795, 0.1095, 0.17, negative
F, 0.525, 0.405, 0.16, 0.658, 0.2655, 0.1125, 0.225, negative
I, 0.47, 0.36, 0.13, 0.5225, 0.198, 0.1065, 0.165, negative
I, 0.44, 0.345, 0.12, 0.487, 0.1965, 0.108, 0.16, negative
M, 0.33, 0.215, 0.075, 0.1145, 0.045, 0.0265, 0.035, negative
M, 0.31, 0.225, 0.08, 0.1345, 0.054, 0.024, 0.05, negative
F, 0.37, 0.28, 0.11, 0.2305, 0.0945, 0.0465, 0.075, negative
F, 0.415, 0.34, 0.13, 0.3675, 0.146, 0.0885, 0.12, negative
F, 0.5, 0.38, 0.155, 0.655, 0.2405, 0.143, 0.205, negative
F, 0.45, 0.38, 0.165, 0.8165, 0.25, 0.1915, 0.265, negative
I, 0.37, 0.275, 0.1, 0.2295, 0.0885, 0.0465, 0.07, negative
F, 0.435, 0.325, 0.115, 0.3915, 0.154, 0.094, 0.12, negative
F, 0.535, 0.405, 0.125, 0.927, 0.26, 0.1425, 0.345, negative
M, 0.38, 0.29, 0.12, 0.283, 0.1175, 0.0655, 0.085, negative
I, 0.315, 0.23, 0.09, 0.1285, 0.043, 0.04, 0.04, negative
F, 0.445, 0.33, 0.105, 0.4525, 0.18, 0.103, 0.123, negative
M, 0.555, 0.455, 0.16, 1.0575, 0.3925, 0.228, 0.293, negative
M, 0.505, 0.4, 0.125, 0.77, 0.2735, 0.159, 0.255, negative
M, 0.51, 0.39, 0.125, 0.6565, 0.262, 0.1835, 0.175, negative
F, 0.535, 0.42, 0.15, 0.7365, 0.2785, 0.186, 0.215, negative
M, 0.52, 0.385, 0.14, 0.6595, 0.2485, 0.2035, 0.16, negative
M, 0.695, 0.515, 0.175, 1.5165, 0.578, 0.4105, 0.39, negative
F, 0.55, 0.44, 0.155, 0.946, 0.313, 0.1825, 0.335, negative
F, 0.61, 0.47, 0.145, 1.153, 0.403, 0.296, 0.32, negative
I, 0.485, 0.375, 0.14, 0.521, 0.2, 0.123, 0.17, negative
M, 0.53, 0.41, 0.165, 0.732, 0.189, 0.17, 0.31, negative
I, 0.385, 0.28, 0.125, 0.244, 0.102, 0.038, 0.085, negative
I, 0.215, 0.155, 0.06, 0.0525, 0.021, 0.0165, 0.015, negative
M, 0.55, 0.415, 0.175, 1.042, 0.3295, 0.2325, 0.2905, negative
F, 0.515, 0.39, 0.13, 0.5755, 0.1975, 0.13, 0.1845, negative
M, 0.47, 0.37, 0.18, 0.51, 0.1915, 0.1285, 0.1625, negative
M, 0.575, 0.45, 0.165, 0.9215, 0.3275, 0.225, 0.256, negative
I, 0.28, 0.205, 0.07, 0.1015, 0.041, 0.03, 0.03, negative
M, 0.505, 0.405, 0.14, 0.875, 0.2665, 0.174, 0.285, negative
I, 0.235, 0.175, 0.055, 0.067, 0.027, 0.0125, 0.018, negative
I, 0.315, 0.24, 0.085, 0.1715, 0.071, 0.0345, 0.0535, negative
I, 0.36, 0.3, 0.085, 0.27, 0.1185, 0.064, 0.0745, negative
I, 0.365, 0.275, 0.135, 0.24, 0.108, 0.0445, 0.0735, negative
I, 0.37, 0.275, 0.14, 0.2215, 0.097, 0.0455, 0.0615, negative
I, 0.44, 0.365, 0.115, 0.501, 0.2435, 0.084, 0.1465, negative
I, 0.475, 0.365, 0.125, 0.5465, 0.229, 0.1185, 0.172, negative
M, 0.49, 0.385, 0.125, 0.609, 0.3065, 0.096, 0.1775, negative
F, 0.55, 0.45, 0.15, 0.875, 0.362, 0.1755, 0.2765, negative
F, 0.595, 0.48, 0.15, 1.11, 0.498, 0.228, 0.33, negative
F, 0.605, 0.475, 0.175, 1.382, 0.609, 0.2325, 0.3985, negative
F, 0.62, 0.505, 0.16, 1.3725, 0.6285, 0.275, 0.3685, negative
F, 0.685, 0.54, 0.16, 1.6675, 0.833, 0.3775, 0.475, negative
I, 0.24, 0.175, 0.055, 0.0705, 0.025, 0.014, 0.021, negative
I, 0.3, 0.23, 0.095, 0.1385, 0.056, 0.0365, 0.037, negative
I, 0.315, 0.235, 0.075, 0.1485, 0.0585, 0.0375, 0.0425, negative
I, 0.315, 0.23, 0.07, 0.144, 0.053, 0.0305, 0.04, negative
I, 0.325, 0.24, 0.075, 0.187, 0.0825, 0.0445, 0.05, negative
I, 0.335, 0.25, 0.075, 0.186, 0.0945, 0.038, 0.0445, negative
I, 0.41, 0.31, 0.09, 0.339, 0.155, 0.0695, 0.09, negative
I, 0.42, 0.32, 0.115, 0.376, 0.169, 0.092, 0.1, negative
I, 0.43, 0.325, 0.09, 0.425, 0.217, 0.087, 0.095, negative
I, 0.45, 0.36, 0.13, 0.478, 0.191, 0.127, 0.137, negative
I, 0.45, 0.345, 0.11, 0.47, 0.2355, 0.0855, 0.1135, negative
I, 0.46, 0.36, 0.1, 0.4635, 0.2325, 0.093, 0.115, negative
I, 0.465, 0.365, 0.115, 0.467, 0.2315, 0.0925, 0.113, negative
M, 0.48, 0.365, 0.12, 0.6015, 0.312, 0.117, 0.14, negative
M, 0.495, 0.4, 0.135, 0.61, 0.272, 0.1435, 0.144, negative
M, 0.5, 0.39, 0.135, 0.6595, 0.3145, 0.1535, 0.1565, negative
I, 0.5, 0.385, 0.12, 0.56, 0.2835, 0.103, 0.135, negative
I, 0.505, 0.355, 0.125, 0.601, 0.25, 0.1205, 0.185, negative
M, 0.515, 0.39, 0.155, 0.7125, 0.3695, 0.137, 0.155, negative
M, 0.525, 0.4, 0.14, 0.7325, 0.334, 0.1575, 0.17, negative
F, 0.565, 0.4, 0.13, 0.6975, 0.3075, 0.1665, 0.18, negative
M, 0.57, 0.45, 0.155, 1.1935, 0.513, 0.21, 0.343, negative
F, 0.57, 0.455, 0.15, 1.107, 0.54, 0.255, 0.27, negative
M, 0.575, 0.475, 0.16, 1.114, 0.4955, 0.2745, 0.29, negative
F, 0.575, 0.46, 0.16, 1.103, 0.538, 0.221, 0.249, negative
F, 0.595, 0.46, 0.14, 1.0045, 0.4655, 0.2095, 0.2515, negative
M, 0.61, 0.47, 0.15, 1.1625, 0.565, 0.258, 0.3085, negative
M, 0.61, 0.475, 0.155, 1.168, 0.554, 0.239, 0.3295, negative
F, 0.615, 0.48, 0.16, 1.2525, 0.585, 0.2595, 0.33, negative
F, 0.625, 0.5, 0.165, 1.288, 0.573, 0.3035, 0.315, negative
F, 0.645, 0.515, 0.15, 1.212, 0.515, 0.2055, 0.385, negative
F, 0.655, 0.51, 0.175, 1.6525, 0.8515, 0.3365, 0.403, negative
M, 0.69, 0.525, 0.175, 1.7005, 0.8255, 0.362, 0.405, negative
F, 0.695, 0.535, 0.175, 1.8385, 0.8035, 0.396, 0.503, negative
F, 0.715, 0.525, 0.185, 1.56, 0.6655, 0.383, 0.405, negative
I, 0.225, 0.165, 0.055, 0.059, 0.027, 0.0125, 0.015, negative
I, 0.34, 0.265, 0.08, 0.2015, 0.09, 0.0475, 0.055, negative
M, 0.43, 0.335, 0.12, 0.397, 0.1985, 0.0865, 0.1035, negative
I, 0.435, 0.33, 0.11, 0.413, 0.2055, 0.096, 0.096, negative
I, 0.44, 0.33, 0.11, 0.3705, 0.1545, 0.084, 0.12, negative
I, 0.45, 0.365, 0.125, 0.462, 0.2135, 0.0985, 0.1315, negative
I, 0.45, 0.33, 0.1, 0.411, 0.1945, 0.1, 0.098, negative
I, 0.45, 0.33, 0.11, 0.3685, 0.16, 0.0885, 0.102, negative
M, 0.47, 0.36, 0.105, 0.544, 0.27, 0.1395, 0.129, negative
I, 0.5, 0.38, 0.125, 0.519, 0.2485, 0.1135, 0.134, negative
I, 0.515, 0.385, 0.125, 0.6115, 0.3175, 0.1265, 0.15, negative
I, 0.525, 0.4, 0.13, 0.6455, 0.325, 0.1245, 0.17, negative
F, 0.55, 0.415, 0.135, 0.8145, 0.427, 0.1855, 0.175, negative
M, 0.55, 0.425, 0.15, 0.8315, 0.411, 0.1765, 0.2165, negative
M, 0.56, 0.445, 0.16, 0.8965, 0.42, 0.2175, 0.2215, negative
F, 0.56, 0.44, 0.155, 0.6405, 0.336, 0.1765, 0.245, negative
M, 0.565, 0.455, 0.15, 0.9595, 0.4565, 0.2395, 0.23, negative
F, 0.57, 0.445, 0.145, 0.8775, 0.412, 0.217, 0.22, negative
M, 0.575, 0.445, 0.145, 0.847, 0.415, 0.1945, 0.22, negative
M, 0.585, 0.465, 0.16, 0.9555, 0.4595, 0.236, 0.265, negative
F, 0.6, 0.475, 0.16, 1.0265, 0.485, 0.2495, 0.2565, negative
M, 0.61, 0.485, 0.145, 1.3305, 0.783, 0.2255, 0.2865, negative
M, 0.62, 0.45, 0.2, 0.858, 0.4285, 0.1525, 0.2405, negative
F, 0.625, 0.485, 0.175, 1.3745, 0.7335, 0.2715, 0.332, negative
F, 0.645, 0.48, 0.17, 1.1345, 0.528, 0.254, 0.305, negative
F, 0.67, 0.505, 0.205, 1.3645, 0.6075, 0.3025, 0.353, negative
F, 0.705, 0.55, 0.17, 1.219, 0.6395, 0.236, 0.301, negative
F, 0.71, 0.56, 0.18, 1.652, 0.735, 0.381, 0.4525, negative
M, 0.725, 0.505, 0.185, 1.978, 1.026, 0.4255, 0.4505, negative
F, 0.73, 0.575, 0.185, 1.8795, 0.931, 0.38, 0.4825, negative
I, 0.245, 0.205, 0.06, 0.0765, 0.034, 0.014, 0.0215, negative
I, 0.325, 0.225, 0.075, 0.139, 0.0565, 0.032, 0.09, negative
I, 0.345, 0.255, 0.095, 0.1945, 0.0925, 0.037, 0.055, negative
I, 0.37, 0.28, 0.085, 0.217, 0.1095, 0.035, 0.062, negative
I, 0.375, 0.275, 0.095, 0.2465, 0.11, 0.0415, 0.0775, negative
I, 0.385, 0.29, 0.09, 0.2615, 0.111, 0.0595, 0.0745, negative
I, 0.395, 0.295, 0.095, 0.2725, 0.115, 0.0625, 0.085, negative
I, 0.395, 0.27, 0.1, 0.2985, 0.1445, 0.061, 0.082, negative
I, 0.425, 0.32, 0.1, 0.3055, 0.126, 0.06, 0.106, negative
I, 0.48, 0.355, 0.115, 0.4725, 0.2065, 0.112, 0.132, negative
I, 0.495, 0.355, 0.12, 0.4965, 0.214, 0.1045, 0.1495, negative
I, 0.5, 0.38, 0.135, 0.594, 0.2945, 0.104, 0.1565, negative
M, 0.525, 0.42, 0.155, 0.842, 0.428, 0.1415, 0.2045, negative
I, 0.53, 0.415, 0.11, 0.5745, 0.2525, 0.1235, 0.189, negative
F, 0.535, 0.41, 0.13, 0.7145, 0.335, 0.144, 0.2075, negative
M, 0.55, 0.43, 0.15, 0.8745, 0.413, 0.1905, 0.248, negative
I, 0.55, 0.425, 0.135, 0.7305, 0.3325, 0.1545, 0.215, negative
I, 0.56, 0.425, 0.135, 0.8205, 0.3715, 0.185, 0.236, negative
M, 0.565, 0.39, 0.125, 0.744, 0.352, 0.13, 0.1685, negative
M, 0.58, 0.455, 0.135, 0.7955, 0.405, 0.167, 0.204, negative
I, 0.585, 0.475, 0.16, 1.0505, 0.48, 0.234, 0.285, negative
I, 0.605, 0.435, 0.13, 0.9025, 0.432, 0.174, 0.26, negative
M, 0.61, 0.48, 0.165, 1.244, 0.6345, 0.257, 0.305, negative
I, 0.61, 0.465, 0.15, 0.9605, 0.4495, 0.1725, 0.286, negative
M, 0.61, 0.48, 0.17, 1.137, 0.4565, 0.29, 0.347, negative
M, 0.61, 0.46, 0.16, 1.0, 0.494, 0.197, 0.275, negative
F, 0.615, 0.475, 0.155, 1.004, 0.4475, 0.193, 0.2895, negative
M, 0.615, 0.475, 0.17, 1.129, 0.4795, 0.302, 0.3, negative
M, 0.615, 0.48, 0.175, 1.118, 0.446, 0.3195, 0.3, negative
M, 0.62, 0.495, 0.18, 1.2555, 0.5765, 0.254, 0.355, negative
M, 0.63, 0.495, 0.16, 1.093, 0.497, 0.221, 0.315, negative
M, 0.645, 0.5, 0.195, 1.401, 0.6165, 0.3515, 0.3725, negative
F, 0.655, 0.525, 0.19, 1.3595, 0.564, 0.3215, 0.3985, negative
F, 0.665, 0.53, 0.18, 1.491, 0.6345, 0.342, 0.435, negative
I, 0.365, 0.255, 0.08, 0.1985, 0.0785, 0.0345, 0.053, negative
I, 0.405, 0.3, 0.105, 0.304, 0.1455, 0.061, 0.0805, negative
I, 0.425, 0.34, 0.105, 0.389, 0.2015, 0.0905, 0.088, negative
M, 0.44, 0.32, 0.12, 0.4565, 0.2435, 0.092, 0.1025, negative
I, 0.48, 0.36, 0.125, 0.542, 0.2795, 0.1025, 0.147, negative
M, 0.515, 0.425, 0.145, 0.9365, 0.497, 0.181, 0.2185, negative
M, 0.525, 0.4, 0.14, 0.7205, 0.3685, 0.145, 0.1735, negative
F, 0.58, 0.435, 0.14, 0.953, 0.475, 0.2165, 0.2095, negative
F, 0.59, 0.465, 0.15, 1.151, 0.613, 0.239, 0.2515, negative
F, 0.595, 0.455, 0.16, 1.04, 0.452, 0.2655, 0.288, negative
F, 0.605, 0.485, 0.165, 0.9515, 0.4535, 0.193, 0.2765, negative
M, 0.625, 0.47, 0.18, 1.136, 0.451, 0.3245, 0.305, negative
F, 0.63, 0.5, 0.175, 1.1105, 0.467, 0.268, 0.329, negative
F, 0.655, 0.54, 0.215, 1.5555, 0.695, 0.296, 0.444, negative
M, 0.67, 0.545, 0.2, 1.7025, 0.833, 0.374, 0.41, negative
F, 0.68, 0.5, 0.185, 1.741, 0.7665, 0.3255, 0.4685, negative
I, 0.285, 0.21, 0.055, 0.101, 0.0415, 0.017, 0.0335, negative
I, 0.335, 0.255, 0.08, 0.168, 0.079, 0.0355, 0.05, negative
I, 0.355, 0.27, 0.075, 0.1775, 0.079, 0.0315, 0.054, negative
I, 0.38, 0.285, 0.095, 0.243, 0.0895, 0.0665, 0.075, negative
I, 0.385, 0.28, 0.095, 0.257, 0.119, 0.059, 0.07, negative
I, 0.385, 0.3, 0.09, 0.308, 0.1525, 0.056, 0.0835, negative
I, 0.39, 0.3, 0.09, 0.252, 0.1065, 0.053, 0.08, negative
I, 0.39, 0.285, 0.1, 0.281, 0.1275, 0.062, 0.077, negative
I, 0.39, 0.29, 0.1, 0.2225, 0.095, 0.0465, 0.073, negative
I, 0.415, 0.325, 0.1, 0.313, 0.139, 0.0625, 0.0965, negative
I, 0.435, 0.335, 0.1, 0.3295, 0.129, 0.07, 0.11, negative
I, 0.45, 0.335, 0.11, 0.4195, 0.181, 0.085, 0.1345, negative
I, 0.46, 0.355, 0.11, 0.4255, 0.2015, 0.081, 0.13, negative
I, 0.465, 0.345, 0.11, 0.393, 0.1825, 0.0735, 0.12, negative
I, 0.475, 0.36, 0.125, 0.4905, 0.205, 0.1305, 0.125, negative
I, 0.49, 0.375, 0.115, 0.4615, 0.204, 0.0945, 0.143, negative
I, 0.5, 0.375, 0.14, 0.559, 0.2375, 0.135, 0.169, negative
I, 0.515, 0.35, 0.105, 0.4745, 0.213, 0.123, 0.1275, negative
I, 0.515, 0.39, 0.125, 0.5705, 0.238, 0.1265, 0.185, negative
I, 0.525, 0.38, 0.135, 0.615, 0.261, 0.159, 0.175, negative
I, 0.53, 0.4, 0.145, 0.555, 0.1935, 0.1305, 0.195, negative
I, 0.55, 0.415, 0.145, 0.7815, 0.373, 0.16, 0.2215, negative
I, 0.555, 0.395, 0.13, 0.5585, 0.222, 0.1245, 0.17, negative
I, 0.57, 0.445, 0.145, 0.7405, 0.306, 0.172, 0.1825, negative
F, 0.575, 0.47, 0.155, 1.116, 0.509, 0.238, 0.34, negative
I, 0.575, 0.445, 0.17, 0.8015, 0.3475, 0.1465, 0.25, negative
F, 0.575, 0.435, 0.15, 1.0305, 0.4605, 0.218, 0.36, negative
F, 0.585, 0.445, 0.14, 0.913, 0.4305, 0.2205, 0.253, negative
I, 0.59, 0.45, 0.145, 1.022, 0.428, 0.268, 0.265, negative
F, 0.6, 0.46, 0.155, 0.9735, 0.427, 0.2045, 0.3, negative
F, 0.6, 0.475, 0.15, 1.13, 0.575, 0.196, 0.305, negative
M, 0.6, 0.48, 0.165, 0.9165, 0.4135, 0.1965, 0.2725, negative
M, 0.605, 0.475, 0.145, 0.884, 0.3835, 0.1905, 0.27, negative
F, 0.61, 0.475, 0.16, 1.1155, 0.3835, 0.223, 0.379, negative
I, 0.61, 0.465, 0.125, 0.9225, 0.436, 0.19, 0.26, negative
M, 0.61, 0.47, 0.17, 1.1185, 0.5225, 0.2405, 0.31, negative
M, 0.62, 0.515, 0.175, 1.221, 0.535, 0.241, 0.395, negative
I, 0.62, 0.45, 0.135, 0.924, 0.358, 0.2265, 0.2965, negative
M, 0.625, 0.49, 0.165, 1.1165, 0.4895, 0.2615, 0.3325, negative
M, 0.625, 0.475, 0.16, 1.0845, 0.5005, 0.2355, 0.3105, negative
M, 0.625, 0.5, 0.17, 1.0985, 0.4645, 0.22, 0.354, negative
F, 0.635, 0.49, 0.17, 1.2615, 0.5385, 0.2665, 0.38, negative
M, 0.645, 0.51, 0.195, 1.226, 0.5885, 0.2215, 0.3745, negative
F, 0.645, 0.48, 0.19, 1.371, 0.6925, 0.2905, 0.35, negative
F, 0.65, 0.495, 0.155, 1.337, 0.615, 0.3195, 0.335, negative
M, 0.66, 0.51, 0.165, 1.6375, 0.7685, 0.3545, 0.3925, negative
M, 0.665, 0.525, 0.175, 1.443, 0.6635, 0.3845, 0.353, negative
M, 0.665, 0.505, 0.16, 1.289, 0.6145, 0.253, 0.3665, negative
F, 0.665, 0.505, 0.16, 1.2915, 0.631, 0.2925, 0.32, negative
F, 0.675, 0.51, 0.195, 1.382, 0.6045, 0.3175, 0.3965, negative
M, 0.68, 0.52, 0.195, 1.4535, 0.592, 0.391, 0.4125, negative
F, 0.71, 0.57, 0.195, 1.9805, 0.9925, 0.4925, 0.48, negative
M, 0.72, 0.57, 0.2, 1.8275, 0.919, 0.366, 0.485, negative
M, 0.72, 0.55, 0.205, 2.125, 1.1455, 0.4425, 0.511, negative
M, 0.735, 0.59, 0.215, 1.747, 0.7275, 0.403, 0.557, negative
F, 0.74, 0.565, 0.205, 2.119, 0.9655, 0.5185, 0.482, negative
M, 0.75, 0.595, 0.205, 2.2205, 1.083, 0.421, 0.63, negative
I, 0.455, 0.325, 0.135, 0.82, 0.4005, 0.1715, 0.211, negative
I, 0.455, 0.345, 0.11, 0.434, 0.207, 0.0855, 0.1215, negative
I, 0.465, 0.325, 0.14, 0.7615, 0.362, 0.1535, 0.209, negative
I, 0.485, 0.345, 0.16, 0.869, 0.3085, 0.185, 0.319, negative
M, 0.515, 0.395, 0.135, 1.007, 0.472, 0.2495, 0.252, negative
I, 0.545, 0.42, 0.165, 0.8935, 0.4235, 0.2195, 0.228, negative
F, 0.545, 0.415, 0.2, 1.358, 0.567, 0.318, 0.403, negative
F, 0.55, 0.38, 0.165, 1.205, 0.543, 0.294, 0.3345, negative
M, 0.575, 0.44, 0.185, 1.025, 0.5075, 0.2245, 0.2485, negative
M, 0.585, 0.455, 0.145, 0.953, 0.3945, 0.2685, 0.258, negative
M, 0.625, 0.495, 0.175, 1.254, 0.5815, 0.286, 0.3185, negative
F, 0.635, 0.475, 0.15, 1.1845, 0.533, 0.307, 0.291, negative
F, 0.64, 0.475, 0.14, 1.0725, 0.4895, 0.2295, 0.31, negative
M, 0.65, 0.525, 0.19, 1.6125, 0.777, 0.3685, 0.3965, negative
F, 0.675, 0.53, 0.175, 1.4465, 0.6775, 0.33, 0.389, negative
F, 0.685, 0.535, 0.175, 1.5845, 0.7175, 0.3775, 0.4215, negative
M, 0.73, 0.575, 0.21, 2.069, 0.9285, 0.409, 0.643, negative
I, 0.185, 0.135, 0.04, 0.027, 0.0105, 0.0055, 0.0090, negative
I, 0.405, 0.3, 0.09, 0.269, 0.103, 0.067, 0.11, negative
I, 0.415, 0.31, 0.1, 0.2805, 0.114, 0.0565, 0.0975, negative
I, 0.42, 0.325, 0.1, 0.368, 0.1675, 0.0625, 0.1135, negative
I, 0.435, 0.345, 0.12, 0.3215, 0.13, 0.056, 0.1185, negative
I, 0.485, 0.36, 0.12, 0.5155, 0.2465, 0.1025, 0.147, negative
I, 0.52, 0.395, 0.125, 0.5805, 0.2445, 0.146, 0.165, negative
I, 0.53, 0.395, 0.13, 0.575, 0.247, 0.115, 0.183, negative
M, 0.555, 0.435, 0.14, 0.7495, 0.341, 0.1645, 0.214, negative
I, 0.56, 0.445, 0.165, 0.832, 0.3455, 0.179, 0.279, negative
M, 0.565, 0.455, 0.155, 0.9355, 0.421, 0.183, 0.26, negative
I, 0.565, 0.435, 0.145, 0.8445, 0.3975, 0.158, 0.255, negative
M, 0.565, 0.45, 0.16, 0.895, 0.415, 0.195, 0.246, negative
M, 0.57, 0.44, 0.175, 0.9415, 0.3805, 0.2285, 0.283, negative
M, 0.57, 0.415, 0.13, 0.88, 0.4275, 0.1955, 0.238, negative
M, 0.575, 0.45, 0.13, 0.785, 0.318, 0.193, 0.2265, negative
M, 0.575, 0.45, 0.155, 0.9765, 0.495, 0.2145, 0.235, negative
M, 0.575, 0.455, 0.155, 1.013, 0.4685, 0.2085, 0.295, negative
F, 0.575, 0.465, 0.175, 1.099, 0.4735, 0.202, 0.35, negative
M, 0.615, 0.47, 0.15, 1.0875, 0.4975, 0.283, 0.2685, negative
M, 0.625, 0.495, 0.155, 1.0485, 0.487, 0.212, 0.3215, negative
M, 0.625, 0.515, 0.17, 1.331, 0.5725, 0.3005, 0.361, negative
F, 0.625, 0.47, 0.145, 0.984, 0.475, 0.2, 0.265, negative
F, 0.635, 0.505, 0.155, 1.2895, 0.594, 0.314, 0.345, negative
M, 0.635, 0.5, 0.165, 1.273, 0.6535, 0.213, 0.365, negative
M, 0.645, 0.49, 0.175, 1.32, 0.6525, 0.2375, 0.3385, negative
M, 0.76, 0.605, 0.215, 2.173, 0.801, 0.4915, 0.646, negative
I, 0.285, 0.215, 0.06, 0.0935, 0.031, 0.023, 0.03, negative
I, 0.29, 0.21, 0.07, 0.1115, 0.048, 0.0205, 0.03, negative
I, 0.29, 0.21, 0.06, 0.1195, 0.056, 0.0235, 0.03, negative
I, 0.36, 0.27, 0.085, 0.196, 0.0905, 0.034, 0.053, negative
I, 0.375, 0.28, 0.08, 0.226, 0.105, 0.047, 0.065, negative
I, 0.395, 0.29, 0.095, 0.3, 0.158, 0.068, 0.078, negative
I, 0.415, 0.325, 0.11, 0.316, 0.1385, 0.0795, 0.0925, negative
M, 0.505, 0.39, 0.12, 0.653, 0.3315, 0.1385, 0.167, negative
M, 0.515, 0.4, 0.14, 0.6335, 0.288, 0.145, 0.168, negative
M, 0.525, 0.41, 0.13, 0.6875, 0.3435, 0.1495, 0.1765, negative
F, 0.53, 0.43, 0.15, 0.741, 0.325, 0.1855, 0.196, negative
F, 0.53, 0.405, 0.13, 0.6355, 0.2635, 0.1565, 0.185, negative
M, 0.565, 0.445, 0.145, 0.9255, 0.4345, 0.212, 0.2475, negative
F, 0.57, 0.435, 0.15, 0.8295, 0.3875, 0.156, 0.245, negative
I, 0.325, 0.24, 0.07, 0.152, 0.0565, 0.0305, 0.054, negative
I, 0.385, 0.28, 0.1, 0.2755, 0.1305, 0.061, 0.0725, negative
I, 0.415, 0.305, 0.12, 0.336, 0.165, 0.076, 0.0805, negative
I, 0.44, 0.305, 0.115, 0.379, 0.162, 0.091, 0.11, negative
I, 0.465, 0.355, 0.09, 0.4325, 0.2005, 0.074, 0.1275, negative
F, 0.475, 0.38, 0.14, 0.689, 0.3165, 0.1315, 0.1955, negative
I, 0.55, 0.42, 0.115, 0.668, 0.2925, 0.137, 0.209, negative
F, 0.565, 0.44, 0.135, 0.83, 0.393, 0.1735, 0.238, negative
F, 0.58, 0.435, 0.15, 0.839, 0.3485, 0.207, 0.192, negative
M, 0.645, 0.495, 0.15, 1.2095, 0.603, 0.2225, 0.339, negative
F, 0.505, 0.385, 0.115, 0.616, 0.243, 0.1075, 0.21, negative
M, 0.665, 0.535, 0.225, 2.1835, 0.7535, 0.391, 0.885, negative
I, 0.13, 0.095, 0.035, 0.0105, 0.0050, 0.0065, 0.0035, negative
I, 0.31, 0.225, 0.05, 0.1445, 0.0675, 0.0385, 0.045, negative
M, 0.425, 0.325, 0.1, 0.3295, 0.1365, 0.0725, 0.11, negative
I, 0.475, 0.36, 0.11, 0.4555, 0.177, 0.0965, 0.145, negative
F, 0.435, 0.35, 0.12, 0.4585, 0.192, 0.1, 0.13, negative
M, 0.595, 0.47, 0.15, 0.8915, 0.359, 0.2105, 0.245, negative
F, 0.52, 0.41, 0.125, 0.6985, 0.2945, 0.1625, 0.215, negative
M, 0.44, 0.35, 0.11, 0.4585, 0.2, 0.0885, 0.13, negative
M, 0.565, 0.425, 0.1, 0.7145, 0.3055, 0.166, 0.18, negative
I, 0.46, 0.35, 0.11, 0.3945, 0.1685, 0.0865, 0.125, negative
M, 0.455, 0.35, 0.105, 0.401, 0.1575, 0.083, 0.135, negative
M, 0.61, 0.5, 0.165, 1.2715, 0.4915, 0.185, 0.49, negative
M, 0.56, 0.42, 0.195, 0.8085, 0.3025, 0.1795, 0.285, negative
F, 0.61, 0.45, 0.16, 1.136, 0.414, 0.311, 0.3, negative
M, 0.335, 0.235, 0.085, 0.1545, 0.066, 0.0345, 0.045, negative
F, 0.57, 0.45, 0.17, 1.098, 0.414, 0.187, 0.405, negative
M, 0.645, 0.495, 0.185, 1.4935, 0.5265, 0.2785, 0.455, negative
I, 0.27, 0.19, 0.08, 0.081, 0.0265, 0.0195, 0.03, negative
I, 0.275, 0.22, 0.08, 0.1365, 0.0565, 0.0285, 0.042, negative
F, 0.29, 0.225, 0.075, 0.14, 0.0515, 0.0235, 0.04, negative
I, 0.33, 0.26, 0.08, 0.19, 0.0765, 0.0385, 0.065, negative
F, 0.515, 0.415, 0.13, 0.764, 0.276, 0.196, 0.25, negative
I, 0.355, 0.28, 0.11, 0.2235, 0.0815, 0.0525, 0.08, negative
I, 0.275, 0.2, 0.075, 0.086, 0.0305, 0.019, 0.03, negative
F, 0.505, 0.39, 0.175, 0.692, 0.267, 0.15, 0.215, negative
F, 0.505, 0.4, 0.165, 0.729, 0.2675, 0.155, 0.25, negative
F, 0.57, 0.45, 0.165, 0.903, 0.3305, 0.1845, 0.295, negative
F, 0.56, 0.435, 0.185, 1.106, 0.422, 0.2435, 0.33, negative
M, 0.585, 0.465, 0.19, 1.171, 0.3905, 0.2355, 0.4, negative
I, 0.46, 0.335, 0.11, 0.444, 0.225, 0.0745, 0.11, negative
F, 0.46, 0.36, 0.115, 0.4755, 0.2105, 0.105, 0.16, negative
F, 0.435, 0.32, 0.12, 0.3785, 0.152, 0.0915, 0.125, negative
F, 0.57, 0.46, 0.17, 1.1, 0.4125, 0.2205, 0.38, negative
M, 0.65, 0.495, 0.18, 1.793, 0.8005, 0.339, 0.53, negative
M, 0.51, 0.395, 0.145, 0.6185, 0.216, 0.1385, 0.24, negative
M, 0.52, 0.38, 0.135, 0.5825, 0.2505, 0.1565, 0.175, negative
M, 0.585, 0.43, 0.16, 0.955, 0.3625, 0.176, 0.27, negative
F, 0.58, 0.455, 0.16, 0.9215, 0.312, 0.196, 0.3, negative
M, 0.635, 0.51, 0.21, 1.598, 0.6535, 0.2835, 0.58, negative
M, 0.44, 0.375, 0.13, 0.487, 0.226, 0.0965, 0.155, negative
I, 0.435, 0.345, 0.12, 0.4475, 0.221, 0.112, 0.125, negative
I, 0.33, 0.265, 0.09, 0.18, 0.068, 0.036, 0.06, negative
M, 0.475, 0.36, 0.12, 0.578, 0.2825, 0.12, 0.17, negative
I, 0.495, 0.385, 0.125, 0.585, 0.2755, 0.1235, 0.165, negative
F, 0.52, 0.425, 0.15, 0.813, 0.385, 0.2015, 0.23, negative
F, 0.65, 0.5, 0.165, 1.1445, 0.485, 0.218, 0.365, negative
F, 0.435, 0.35, 0.11, 0.384, 0.143, 0.1005, 0.125, negative
F, 0.505, 0.385, 0.135, 0.6185, 0.251, 0.1175, 0.2, negative
F, 0.505, 0.395, 0.145, 0.6515, 0.2695, 0.153, 0.205, negative
F, 0.665, 0.535, 0.19, 1.496, 0.5775, 0.2815, 0.475, negative
M, 0.655, 0.485, 0.195, 1.62, 0.6275, 0.358, 0.485, negative
F, 0.59, 0.47, 0.17, 0.9, 0.355, 0.1905, 0.25, negative
M, 0.67, 0.55, 0.17, 1.247, 0.472, 0.2455, 0.4, negative
M, 0.59, 0.475, 0.16, 0.9455, 0.3815, 0.184, 0.27, positive
F, 0.72, 0.56, 0.175, 1.7265, 0.637, 0.3415, 0.525, negative
M, 0.55, 0.45, 0.155, 0.7895, 0.343, 0.159, 0.25, negative
M, 0.65, 0.545, 0.16, 1.2425, 0.487, 0.296, 0.48, negative
F, 0.5, 0.405, 0.15, 0.5965, 0.253, 0.126, 0.185, negative
F, 0.525, 0.39, 0.135, 0.6005, 0.2265, 0.131, 0.21, negative
M, 0.37, 0.29, 0.09, 0.241, 0.11, 0.045, 0.069, negative
I, 0.3, 0.22, 0.09, 0.1425, 0.057, 0.0335, 0.043, negative
M, 0.31, 0.235, 0.06, 0.12, 0.0415, 0.033, 0.04, negative
I, 0.565, 0.435, 0.155, 0.782, 0.2715, 0.168, 0.285, negative
M, 0.26, 0.19, 0.075, 0.0945, 0.0445, 0.02, 0.03, negative
I, 0.52, 0.38, 0.14, 0.525, 0.1775, 0.115, 0.185, negative
M, 0.5, 0.38, 0.135, 0.5835, 0.2295, 0.1265, 0.18, negative
I, 0.275, 0.205, 0.08, 0.096, 0.036, 0.0185, 0.03, negative
F, 0.42, 0.33, 0.125, 0.463, 0.186, 0.11, 0.145, negative
F, 0.585, 0.47, 0.17, 1.099, 0.3975, 0.2325, 0.358, negative
F, 0.52, 0.405, 0.14, 0.6915, 0.276, 0.137, 0.215, negative
M, 0.565, 0.44, 0.175, 1.122, 0.393, 0.2, 0.375, negative
F, 0.49, 0.4, 0.145, 0.6635, 0.21, 0.1295, 0.2515, negative
M, 0.44, 0.325, 0.115, 0.39, 0.163, 0.087, 0.113, negative
M, 0.505, 0.4, 0.155, 0.8415, 0.2715, 0.1775, 0.285, negative
I, 0.505, 0.39, 0.185, 0.6125, 0.267, 0.142, 0.172, negative
M, 0.54, 0.42, 0.12, 0.8115, 0.392, 0.1455, 0.2235, negative
F, 0.565, 0.44, 0.15, 0.983, 0.4475, 0.2355, 0.2485, negative
F, 0.6, 0.485, 0.165, 1.1405, 0.587, 0.2175, 0.288, negative
F, 0.7, 0.525, 0.19, 1.6015, 0.707, 0.365, 0.43, negative
I, 0.275, 0.195, 0.07, 0.0875, 0.0345, 0.022, 0.0255, negative
I, 0.46, 0.345, 0.115, 0.4215, 0.1895, 0.102, 0.111, negative
I, 0.465, 0.355, 0.11, 0.474, 0.23, 0.1005, 0.12, negative
I, 0.505, 0.385, 0.12, 0.6005, 0.239, 0.142, 0.185, negative
M, 0.525, 0.425, 0.125, 0.812, 0.4035, 0.1705, 0.195, negative
M, 0.54, 0.435, 0.14, 0.7345, 0.33, 0.1595, 0.213, negative
F, 0.595, 0.465, 0.15, 1.0255, 0.412, 0.2745, 0.289, negative
F, 0.6, 0.46, 0.15, 1.235, 0.6025, 0.274, 0.29, negative
F, 0.615, 0.485, 0.16, 1.1575, 0.5005, 0.2495, 0.315, negative
M, 0.63, 0.48, 0.165, 1.286, 0.604, 0.271, 0.35, negative
M, 0.645, 0.49, 0.16, 1.251, 0.5355, 0.3345, 0.3165, negative
M, 0.69, 0.54, 0.185, 1.71, 0.7725, 0.3855, 0.4325, negative
I, 0.475, 0.365, 0.1, 0.1315, 0.2025, 0.0875, 0.123, negative
I, 0.495, 0.38, 0.12, 0.512, 0.233, 0.1205, 0.136, negative
I, 0.515, 0.4, 0.125, 0.5925, 0.265, 0.1175, 0.168, negative
M, 0.545, 0.42, 0.12, 0.7865, 0.403, 0.185, 0.17, negative
F, 0.57, 0.45, 0.18, 0.908, 0.4015, 0.217, 0.255, negative
F, 0.585, 0.435, 0.14, 0.6955, 0.3085, 0.129, 0.2245, negative
M, 0.59, 0.47, 0.15, 0.861, 0.413, 0.164, 0.249, negative
F, 0.595, 0.465, 0.15, 1.1005, 0.5415, 0.166, 0.265, negative
M, 0.595, 0.46, 0.14, 0.852, 0.4215, 0.2255, 0.227, negative
F, 0.615, 0.475, 0.17, 1.055, 0.543, 0.246, 0.2345, negative
M, 0.63, 0.505, 0.15, 1.3165, 0.6325, 0.2465, 0.37, negative
M, 0.63, 0.51, 0.175, 1.3415, 0.6575, 0.262, 0.375, negative
M, 0.65, 0.515, 0.125, 1.1805, 0.5235, 0.283, 0.3275, negative
M, 0.65, 0.51, 0.155, 1.407, 0.7215, 0.298, 0.335, negative
M, 0.66, 0.515, 0.165, 1.4465, 0.694, 0.298, 0.3755, negative
F, 0.665, 0.505, 0.165, 1.349, 0.5985, 0.3175, 0.36, negative
M, 0.7, 0.525, 0.175, 1.7585, 0.8745, 0.3615, 0.47, negative
I, 0.29, 0.215, 0.065, 0.0985, 0.0425, 0.021, 0.031, negative
I, 0.335, 0.25, 0.08, 0.167, 0.0675, 0.0325, 0.0575, negative
I, 0.375, 0.275, 0.095, 0.2295, 0.095, 0.0545, 0.066, negative
I, 0.385, 0.285, 0.085, 0.244, 0.1215, 0.0445, 0.068, negative
I, 0.405, 0.305, 0.1, 0.268, 0.1145, 0.053, 0.085, negative
I, 0.415, 0.335, 0.1, 0.358, 0.169, 0.067, 0.105, negative
I, 0.46, 0.345, 0.105, 0.415, 0.187, 0.087, 0.11, negative
I, 0.505, 0.38, 0.135, 0.5385, 0.2645, 0.095, 0.165, negative
I, 0.51, 0.385, 0.145, 0.7665, 0.3985, 0.14, 0.1805, negative
I, 0.525, 0.385, 0.13, 0.607, 0.2355, 0.125, 0.195, negative
F, 0.525, 0.415, 0.15, 0.7055, 0.329, 0.147, 0.199, negative
I, 0.525, 0.375, 0.12, 0.6315, 0.3045, 0.114, 0.19, negative
I, 0.55, 0.43, 0.145, 0.712, 0.3025, 0.152, 0.225, negative
I, 0.55, 0.42, 0.155, 0.912, 0.495, 0.1805, 0.205, negative
F, 0.58, 0.425, 0.15, 0.844, 0.3645, 0.185, 0.2705, negative
I, 0.585, 0.42, 0.145, 0.6735, 0.2895, 0.1345, 0.22, negative
M, 0.6, 0.48, 0.09, 1.05, 0.457, 0.2685, 0.28, negative
M, 0.63, 0.505, 0.175, 1.221, 0.555, 0.252, 0.34, negative
M, 0.63, 0.525, 0.195, 1.3135, 0.4935, 0.2565, 0.465, negative
M, 0.64, 0.515, 0.08, 1.042, 0.515, 0.1755, 0.175, negative
M, 0.7, 0.54, 0.205, 1.74, 0.7885, 0.373, 0.4865, negative
I, 0.52, 0.395, 0.145, 0.77, 0.424, 0.142, 0.1895, negative
F, 0.54, 0.42, 0.14, 0.8035, 0.38, 0.1805, 0.21, negative
M, 0.57, 0.42, 0.14, 0.8745, 0.416, 0.165, 0.25, negative
F, 0.58, 0.445, 0.135, 0.95, 0.484, 0.182, 0.2325, negative
M, 0.59, 0.47, 0.155, 1.1735, 0.6245, 0.233, 0.2595, negative
F, 0.62, 0.48, 0.17, 1.1045, 0.535, 0.25, 0.287, negative
F, 0.625, 0.485, 0.16, 1.254, 0.591, 0.259, 0.3485, negative
M, 0.63, 0.485, 0.16, 1.243, 0.623, 0.275, 0.3, negative
F, 0.645, 0.49, 0.16, 1.1665, 0.4935, 0.3155, 0.299, negative
M, 0.665, 0.515, 0.19, 1.6385, 0.831, 0.3575, 0.371, negative
F, 0.72, 0.55, 0.18, 1.52, 0.637, 0.325, 0.435, negative
M, 0.74, 0.595, 0.19, 2.3235, 1.1495, 0.5115, 0.505, negative
I, 0.31, 0.23, 0.07, 0.1245, 0.0505, 0.0265, 0.038, negative
I, 0.335, 0.26, 0.09, 0.1965, 0.0875, 0.041, 0.056, negative
I, 0.4, 0.315, 0.09, 0.3245, 0.151, 0.073, 0.088, negative
I, 0.51, 0.4, 0.145, 0.5775, 0.231, 0.143, 0.177, negative
F, 0.535, 0.445, 0.125, 0.8725, 0.417, 0.199, 0.24, negative
I, 0.545, 0.43, 0.15, 0.742, 0.3525, 0.158, 0.208, negative
I, 0.55, 0.425, 0.13, 0.664, 0.2695, 0.163, 0.21, negative
I, 0.575, 0.455, 0.16, 0.9895, 0.495, 0.195, 0.246, negative
F, 0.58, 0.45, 0.17, 0.9705, 0.4615, 0.232, 0.248, negative
I, 0.6, 0.445, 0.135, 0.9205, 0.445, 0.2035, 0.253, negative
I, 0.61, 0.425, 0.155, 1.0485, 0.507, 0.1955, 0.274, negative
M, 0.61, 0.48, 0.14, 1.0625, 0.516, 0.225, 0.2915, negative
F, 0.615, 0.475, 0.175, 1.194, 0.559, 0.259, 0.3165, negative
F, 0.625, 0.49, 0.145, 0.92, 0.437, 0.1735, 0.28, negative
M, 0.635, 0.515, 0.16, 1.2075, 0.5385, 0.282, 0.345, negative
M, 0.645, 0.495, 0.19, 1.539, 0.6115, 0.408, 0.445, negative
M, 0.65, 0.52, 0.195, 1.676, 0.693, 0.44, 0.47, negative
F, 0.655, 0.5, 0.205, 1.528, 0.6215, 0.3725, 0.4535, negative
F, 0.665, 0.51, 0.175, 1.3805, 0.675, 0.2985, 0.325, negative
M, 0.715, 0.55, 0.175, 1.825, 0.938, 0.3805, 0.44, negative
M, 0.72, 0.58, 0.19, 2.0885, 0.9955, 0.478, 0.5305, negative
M, 0.735, 0.59, 0.205, 2.087, 0.909, 0.474, 0.625, negative
I, 0.43, 0.345, 0.115, 0.4295, 0.212, 0.108, 0.109, negative
I, 0.5, 0.37, 0.115, 0.5745, 0.306, 0.112, 0.141, negative
F, 0.51, 0.37, 0.21, 1.183, 0.508, 0.292, 0.343, negative
F, 0.525, 0.41, 0.135, 0.7905, 0.4065, 0.198, 0.177, negative
M, 0.555, 0.425, 0.15, 0.873, 0.4625, 0.1845, 0.1965, negative
F, 0.625, 0.49, 0.11, 1.136, 0.5265, 0.1915, 0.2925, negative
M, 0.7, 0.545, 0.185, 1.6135, 0.75, 0.4035, 0.3685, negative
I, 0.435, 0.325, 0.105, 0.335, 0.136, 0.065, 0.115, negative
I, 0.45, 0.34, 0.125, 0.4045, 0.171, 0.07, 0.1345, negative
I, 0.455, 0.355, 0.105, 0.372, 0.138, 0.0765, 0.135, negative
I, 0.46, 0.37, 0.11, 0.3965, 0.1485, 0.0855, 0.1455, negative
I, 0.475, 0.375, 0.11, 0.456, 0.182, 0.099, 0.16, negative
I, 0.495, 0.33, 0.1, 0.44, 0.177, 0.095, 0.15, negative
I, 0.52, 0.395, 0.115, 0.6445, 0.3155, 0.1245, 0.186, negative
F, 0.57, 0.47, 0.14, 0.871, 0.385, 0.211, 0.2315, negative
I, 0.575, 0.43, 0.13, 0.7425, 0.2895, 0.2005, 0.22, negative
M, 0.585, 0.45, 0.175, 1.1275, 0.4925, 0.262, 0.335, negative
F, 0.61, 0.495, 0.16, 1.089, 0.469, 0.198, 0.384, negative
M, 0.615, 0.485, 0.215, 0.9615, 0.422, 0.176, 0.29, negative
M, 0.63, 0.515, 0.175, 1.1955, 0.492, 0.247, 0.37, negative
M, 0.63, 0.495, 0.18, 1.31, 0.495, 0.295, 0.4695, negative
F, 0.635, 0.49, 0.155, 1.145, 0.4775, 0.3035, 0.3155, negative
M, 0.655, 0.54, 0.165, 1.403, 0.6955, 0.2385, 0.42, negative
F, 0.655, 0.455, 0.17, 1.2895, 0.587, 0.3165, 0.3415, negative
F, 0.68, 0.52, 0.185, 1.494, 0.615, 0.3935, 0.406, negative
I, 0.255, 0.185, 0.06, 0.0925, 0.039, 0.021, 0.025, negative
I, 0.355, 0.27, 0.075, 0.204, 0.3045, 0.046, 0.0595, negative
M, 0.525, 0.4, 0.13, 0.622, 0.2655, 0.147, 0.184, negative
M, 0.575, 0.48, 0.15, 0.9465, 0.4355, 0.2605, 0.2505, negative
M, 0.58, 0.43, 0.125, 0.9115, 0.446, 0.2075, 0.121, negative
M, 0.6, 0.465, 0.18, 1.193, 0.5145, 0.315, 0.3055, negative
I, 0.29, 0.215, 0.06, 0.1115, 0.053, 0.0185, 0.032, negative
I, 0.37, 0.275, 0.1, 0.2815, 0.1505, 0.0505, 0.068, negative
I, 0.395, 0.3, 0.12, 0.2995, 0.1265, 0.068, 0.0895, negative
I, 0.44, 0.34, 0.1, 0.379, 0.1725, 0.0815, 0.101, negative
F, 0.43, 0.35, 0.09, 0.397, 0.1575, 0.089, 0.12, negative
F, 0.64, 0.54, 0.175, 1.571, 0.627, 0.271, 0.475, negative
I, 0.51, 0.405, 0.12, 0.61, 0.229, 0.131, 0.235, negative
F, 0.67, 0.545, 0.175, 1.707, 0.6995, 0.387, 0.575, negative
F, 0.59, 0.415, 0.15, 0.8805, 0.3645, 0.234, 0.235, negative
F, 0.47, 0.36, 0.11, 0.4965, 0.237, 0.127, 0.13, negative
F, 0.51, 0.385, 0.135, 0.632, 0.282, 0.145, 0.17, negative
M, 0.72, 0.575, 0.23, 2.2695, 0.8835, 0.3985, 0.665, negative
M, 0.55, 0.405, 0.15, 0.9235, 0.412, 0.2135, 0.24, negative
M, 0.65, 0.515, 0.18, 1.3315, 0.5665, 0.347, 0.405, negative
F, 0.49, 0.38, 0.155, 0.578, 0.2395, 0.1255, 0.18, negative
F, 0.385, 0.3, 0.1, 0.2725, 0.1115, 0.057, 0.08, negative
M, 0.335, 0.265, 0.095, 0.1975, 0.0795, 0.0375, 0.07, negative
I, 0.48, 0.38, 0.125, 0.523, 0.2105, 0.1045, 0.175, negative
M, 0.63, 0.51, 0.19, 1.4985, 0.4125, 0.3075, 0.545, negative
M, 0.385, 0.305, 0.09, 0.2775, 0.109, 0.0515, 0.1, negative
M, 0.52, 0.415, 0.175, 0.753, 0.258, 0.171, 0.255, negative
F, 0.42, 0.32, 0.13, 0.4135, 0.1645, 0.106, 0.119, negative
I, 0.42, 0.325, 0.125, 0.3915, 0.1575, 0.1025, 0.115, negative
M, 0.555, 0.435, 0.135, 0.858, 0.377, 0.1585, 0.29, negative
I, 0.455, 0.375, 0.125, 0.533, 0.233, 0.106, 0.185, negative
M, 0.48, 0.38, 0.13, 0.6175, 0.3, 0.142, 0.175, negative
M, 0.64, 0.505, 0.165, 1.4435, 0.6145, 0.3035, 0.39, negative
M, 0.48, 0.38, 0.135, 0.528, 0.2, 0.1395, 0.16, negative
F, 0.655, 0.53, 0.19, 1.428, 0.493, 0.318, 0.565, negative
M, 0.69, 0.54, 0.185, 1.6195, 0.533, 0.353, 0.555, negative
M, 0.645, 0.5, 0.19, 1.229, 0.524, 0.278, 0.395, negative
F, 0.71, 0.575, 0.175, 1.555, 0.6465, 0.3705, 0.52, negative
F, 0.565, 0.45, 0.185, 0.9285, 0.302, 0.1805, 0.265, negative
I, 0.45, 0.355, 0.115, 0.4385, 0.184, 0.108, 0.1125, negative
M, 0.35, 0.26, 0.09, 0.195, 0.0745, 0.041, 0.0655, negative
M, 0.44, 0.35, 0.14, 0.451, 0.171, 0.0705, 0.184, negative
I, 0.49, 0.385, 0.14, 0.5425, 0.198, 0.127, 0.175, negative
I, 0.375, 0.28, 0.1, 0.2565, 0.1165, 0.0585, 0.0725, negative
F, 0.545, 0.435, 0.15, 0.6855, 0.2905, 0.145, 0.225, negative
F, 0.45, 0.35, 0.125, 0.4435, 0.185, 0.09, 0.145, negative
F, 0.49, 0.39, 0.135, 0.59, 0.215, 0.125, 0.1845, negative
M, 0.43, 0.33, 0.095, 0.34, 0.1315, 0.085, 0.112, negative
F, 0.455, 0.36, 0.11, 0.4385, 0.206, 0.098, 0.125, negative
I, 0.435, 0.34, 0.11, 0.407, 0.1685, 0.073, 0.13, negative
I, 0.39, 0.3, 0.1, 0.3085, 0.1385, 0.0735, 0.085, negative
M, 0.33, 0.245, 0.085, 0.171, 0.0655, 0.0365, 0.055, negative
M, 0.54, 0.405, 0.155, 0.9715, 0.3225, 0.194, 0.29, positive
F, 0.475, 0.375, 0.125, 0.588, 0.237, 0.1715, 0.155, negative
M, 0.335, 0.255, 0.075, 0.1635, 0.0615, 0.0345, 0.057, negative
M, 0.545, 0.42, 0.125, 0.9745, 0.353, 0.174, 0.305, negative
M, 0.645, 0.515, 0.185, 1.4605, 0.5835, 0.3155, 0.41, positive
M, 0.575, 0.435, 0.13, 1.0105, 0.368, 0.222, 0.32, negative
M, 0.455, 0.345, 0.15, 0.5795, 0.1685, 0.125, 0.215, negative
I, 0.48, 0.355, 0.115, 0.5785, 0.25, 0.106, 0.184, negative
M, 0.49, 0.395, 0.12, 0.674, 0.3325, 0.1235, 0.185, negative
M, 0.58, 0.46, 0.15, 1.0165, 0.491, 0.221, 0.265, negative
F, 0.595, 0.475, 0.165, 1.148, 0.444, 0.214, 0.37, negative
F, 0.65, 0.545, 0.185, 1.5055, 0.6565, 0.341, 0.43, negative
I, 0.28, 0.21, 0.065, 0.111, 0.0425, 0.0285, 0.03, negative
I, 0.37, 0.28, 0.09, 0.2565, 0.1255, 0.0645, 0.0645, negative
I, 0.375, 0.285, 0.09, 0.257, 0.1045, 0.062, 0.075, negative
I, 0.38, 0.275, 0.095, 0.2505, 0.0945, 0.0655, 0.075, negative
I, 0.395, 0.3, 0.09, 0.279, 0.134, 0.049, 0.075, negative
I, 0.43, 0.335, 0.105, 0.378, 0.188, 0.0785, 0.09, negative
F, 0.505, 0.39, 0.12, 0.5725, 0.2555, 0.1325, 0.146, negative
F, 0.555, 0.44, 0.145, 0.8815, 0.43, 0.1975, 0.2155, negative
M, 0.615, 0.505, 0.19, 1.403, 0.6715, 0.2925, 0.365, negative
M, 0.635, 0.495, 0.155, 1.3635, 0.583, 0.2985, 0.295, negative
I, 0.47, 0.355, 0.145, 0.4485, 0.156, 0.102, 0.123, negative
F, 0.53, 0.42, 0.14, 0.627, 0.2905, 0.1165, 0.183, negative
M, 0.55, 0.44, 0.16, 0.985, 0.4645, 0.201, 0.27, negative
M, 0.555, 0.44, 0.145, 0.85, 0.4165, 0.1685, 0.23, negative
M, 0.555, 0.44, 0.15, 0.838, 0.4155, 0.146, 0.23, negative
F, 0.555, 0.43, 0.135, 0.812, 0.4055, 0.163, 0.2215, negative
M, 0.575, 0.44, 0.145, 0.87, 0.3945, 0.2195, 0.225, negative
F, 0.62, 0.51, 0.18, 1.233, 0.592, 0.274, 0.322, negative
M, 0.65, 0.505, 0.18, 1.469, 0.7115, 0.3335, 0.38, negative
F, 0.655, 0.54, 0.175, 1.5585, 0.7285, 0.402, 0.385, negative
M, 0.71, 0.57, 0.195, 1.348, 0.8985, 0.4435, 0.4535, negative
I, 0.24, 0.185, 0.06, 0.0655, 0.0295, 5.0E-4, 0.02, negative
I, 0.33, 0.23, 0.085, 0.1695, 0.079, 0.026, 0.0505, negative
I, 0.53, 0.42, 0.13, 0.658, 0.296, 0.1245, 0.198, negative
I, 0.535, 0.41, 0.13, 0.6075, 0.268, 0.1225, 0.1975, negative
I, 0.54, 0.41, 0.135, 0.7025, 0.31, 0.177, 0.2, negative
I, 0.57, 0.42, 0.13, 0.7745, 0.3535, 0.1505, 0.2365, negative
F, 0.57, 0.42, 0.16, 0.8875, 0.4315, 0.1915, 0.223, negative
I, 0.575, 0.455, 0.155, 0.8725, 0.349, 0.2095, 0.285, negative
M, 0.58, 0.47, 0.165, 1.041, 0.54, 0.166, 0.279, negative
F, 0.585, 0.465, 0.165, 0.9355, 0.4035, 0.2275, 0.259, negative
F, 0.585, 0.46, 0.165, 1.058, 0.486, 0.25, 0.294, negative
F, 0.6, 0.475, 0.155, 1.059, 0.441, 0.19, 0.39, negative
M, 0.6, 0.475, 0.23, 1.157, 0.522, 0.2235, 0.36, negative
F, 0.655, 0.53, 0.165, 1.2835, 0.583, 0.1255, 0.4, negative
M, 0.675, 0.515, 0.145, 1.265, 0.6025, 0.299, 0.325, negative
I, 0.495, 0.375, 0.115, 0.5755, 0.31, 0.1145, 0.1395, negative
M, 0.515, 0.39, 0.14, 0.678, 0.341, 0.1325, 0.119, negative
M, 0.545, 0.43, 0.155, 0.8035, 0.409, 0.144, 0.228, negative
I, 0.285, 0.225, 0.07, 0.1005, 0.0425, 0.0185, 0.035, negative
I, 0.3, 0.22, 0.065, 0.1195, 0.052, 0.0155, 0.035, negative
I, 0.465, 0.355, 0.12, 0.4975, 0.2375, 0.099, 0.14, negative
I, 0.475, 0.365, 0.105, 0.4175, 0.1645, 0.099, 0.127, negative
I, 0.475, 0.335, 0.1, 0.4425, 0.1895, 0.086, 0.135, negative
I, 0.475, 0.35, 0.125, 0.4225, 0.1905, 0.079, 0.1355, negative
F, 0.525, 0.425, 0.14, 0.8735, 0.4205, 0.182, 0.2225, negative
I, 0.53, 0.42, 0.14, 0.6765, 0.256, 0.1855, 0.208, negative
I, 0.55, 0.4, 0.135, 0.717, 0.3315, 0.1495, 0.221, negative
I, 0.62, 0.47, 0.155, 0.966, 0.447, 0.171, 0.284, negative
I, 0.625, 0.485, 0.16, 1.15, 0.5255, 0.257, 0.3315, negative
M, 0.675, 0.51, 0.17, 1.527, 0.809, 0.318, 0.341, negative
F, 0.705, 0.53, 0.17, 1.564, 0.612, 0.394, 0.44, negative
M, 0.71, 0.555, 0.175, 2.14, 1.2455, 0.3725, 0.434, negative
I, 0.5, 0.395, 0.145, 0.7865, 0.332, 0.1815, 0.2455, negative
M, 0.605, 0.455, 0.16, 1.1215, 0.533, 0.273, 0.271, negative
M, 0.615, 0.505, 0.165, 1.167, 0.4895, 0.2955, 0.345, negative
M, 0.625, 0.47, 0.15, 1.124, 0.556, 0.2315, 0.287, negative
F, 0.635, 0.505, 0.17, 1.2635, 0.512, 0.322, 0.355, negative
I, 0.275, 0.205, 0.065, 0.101, 0.041, 0.021, 0.034, negative
I, 0.385, 0.29, 0.1, 0.2575, 0.1, 0.061, 0.086, negative
I, 0.43, 0.33, 0.095, 0.32, 0.118, 0.065, 0.123, negative
M, 0.53, 0.425, 0.155, 0.7905, 0.307, 0.171, 0.2595, negative
I, 0.53, 0.395, 0.115, 0.475, 0.2025, 0.101, 0.148, negative
I, 0.53, 0.41, 0.15, 0.612, 0.2435, 0.1525, 0.1895, negative
I, 0.535, 0.45, 0.135, 0.728, 0.2845, 0.1845, 0.265, negative
M, 0.56, 0.465, 0.145, 0.8875, 0.3345, 0.22, 0.2695, negative
I, 0.565, 0.43, 0.125, 0.6545, 0.2815, 0.139, 0.21, negative
M, 0.575, 0.465, 0.12, 1.0535, 0.516, 0.2185, 0.235, negative
M, 0.595, 0.48, 0.185, 1.1785, 0.526, 0.2975, 0.314, negative
F, 0.665, 0.525, 0.18, 1.5785, 0.678, 0.229, 0.456, negative
M, 0.695, 0.58, 0.2, 1.8995, 0.675, 0.478, 0.5295, negative
F, 0.705, 0.56, 0.17, 1.4575, 0.607, 0.318, 0.44, negative
I, 0.205, 0.155, 0.045, 0.0495, 0.0235, 0.011, 0.014, negative
I, 0.355, 0.27, 0.1, 0.2255, 0.11, 0.042, 0.064, negative
F, 0.45, 0.365, 0.115, 0.5885, 0.318, 0.121, 0.1325, negative
I, 0.525, 0.4, 0.125, 0.5655, 0.2435, 0.119, 0.175, negative
M, 0.555, 0.445, 0.13, 0.8625, 0.4225, 0.155, 0.24, negative
I, 0.46, 0.34, 0.1, 0.386, 0.1805, 0.0875, 0.0965, negative
M, 0.465, 0.355, 0.12, 0.5315, 0.2725, 0.097, 0.1395, negative
M, 0.57, 0.44, 0.145, 0.8815, 0.3605, 0.1955, 0.2735, negative
F, 0.605, 0.48, 0.175, 1.1685, 0.4815, 0.2305, 0.356, negative
M, 0.5, 0.385, 0.12, 0.6335, 0.2305, 0.125, 0.235, negative
F, 0.425, 0.35, 0.1, 0.4425, 0.175, 0.0755, 0.175, negative
M, 0.5, 0.42, 0.125, 0.62, 0.255, 0.15, 0.205, negative
M, 0.57, 0.45, 0.155, 0.91, 0.326, 0.1895, 0.355, negative
I, 0.37, 0.275, 0.085, 0.2045, 0.096, 0.056, 0.08, negative
M, 0.445, 0.37, 0.125, 0.515, 0.2495, 0.087, 0.159, negative
F, 0.675, 0.535, 0.22, 1.604, 0.6175, 0.4255, 0.453, negative
F, 0.375, 0.295, 0.11, 0.3005, 0.1255, 0.0575, 0.1035, negative
M, 0.55, 0.41, 0.15, 0.785, 0.282, 0.186, 0.275, negative
I, 0.335, 0.255, 0.085, 0.1785, 0.071, 0.0405, 0.055, negative
M, 0.475, 0.37, 0.125, 0.655, 0.266, 0.1725, 0.185, negative
F, 0.5, 0.39, 0.13, 0.6355, 0.2505, 0.1635, 0.195, negative
F, 0.45, 0.36, 0.11, 0.447, 0.203, 0.082, 0.13, negative
F, 0.515, 0.4, 0.115, 0.578, 0.191, 0.1445, 0.17, negative
I, 0.33, 0.25, 0.075, 0.1405, 0.056, 0.035, 0.05, negative
M, 0.545, 0.45, 0.16, 0.8615, 0.2925, 0.1545, 0.365, negative
F, 0.565, 0.455, 0.13, 1.058, 0.439, 0.2645, 0.3, negative
F, 0.575, 0.45, 0.1, 0.9315, 0.431, 0.222, 0.235, negative
M, 0.515, 0.4, 0.14, 0.7365, 0.2955, 0.184, 0.185, negative
M, 0.495, 0.38, 0.135, 0.6295, 0.263, 0.1425, 0.215, negative
I, 0.16, 0.12, 0.02, 0.018, 0.0075, 0.0045, 0.0050, negative
M, 0.455, 0.355, 0.135, 0.4745, 0.1865, 0.0935, 0.168, negative
I, 0.56, 0.445, 0.165, 1.0285, 0.4535, 0.253, 0.275, negative
I, 0.615, 0.46, 0.19, 1.066, 0.4335, 0.226, 0.33, negative
F, 0.645, 0.49, 0.19, 1.3065, 0.479, 0.3565, 0.345, negative
I, 0.525, 0.4, 0.14, 0.6955, 0.2405, 0.16, 0.253, negative
F, 0.5, 0.4, 0.165, 0.7105, 0.27, 0.1455, 0.225, negative
I, 0.58, 0.42, 0.16, 0.728, 0.2725, 0.19, 0.19, negative
I, 0.55, 0.44, 0.165, 0.8605, 0.312, 0.169, 0.3, negative
F, 0.49, 0.37, 0.115, 0.541, 0.171, 0.1175, 0.185, negative
M, 0.475, 0.365, 0.14, 0.6175, 0.202, 0.1445, 0.19, negative
F, 0.525, 0.415, 0.15, 0.7155, 0.2355, 0.171, 0.27, negative
F, 0.53, 0.425, 0.13, 0.717, 0.2115, 0.166, 0.255, negative
F, 0.465, 0.39, 0.11, 0.6355, 0.1815, 0.157, 0.225, negative
F, 0.555, 0.44, 0.155, 1.016, 0.4935, 0.1855, 0.263, negative
M, 0.695, 0.55, 0.205, 2.173, 1.133, 0.4665, 0.496, negative
I, 0.375, 0.29, 0.095, 0.2875, 0.123, 0.0605, 0.08, negative
I, 0.415, 0.33, 0.1, 0.3905, 0.1925, 0.0755, 0.1025, negative
M, 0.495, 0.375, 0.115, 0.6245, 0.282, 0.143, 0.155, negative
F, 0.525, 0.41, 0.115, 0.7745, 0.416, 0.163, 0.18, negative
M, 0.665, 0.515, 0.165, 1.3855, 0.621, 0.302, 0.3445, negative
M, 0.7, 0.6, 0.23, 2.003, 0.8105, 0.4045, 0.5755, negative
M, 0.72, 0.6, 0.235, 2.2385, 0.984, 0.411, 0.621, negative
I, 0.245, 0.175, 0.055, 0.0785, 0.04, 0.018, 0.02, negative
I, 0.51, 0.39, 0.125, 0.597, 0.293, 0.1265, 0.1555, negative
M, 0.52, 0.395, 0.125, 0.5815, 0.2565, 0.1265, 0.17, negative
F, 0.555, 0.43, 0.14, 0.7545, 0.3525, 0.1835, 0.2015, negative
M, 0.585, 0.465, 0.15, 0.98, 0.4315, 0.2545, 0.247, negative
M, 0.585, 0.455, 0.155, 1.133, 0.5515, 0.223, 0.305, negative
I, 0.365, 0.28, 0.09, 0.196, 0.0865, 0.036, 0.0605, negative
I, 0.365, 0.27, 0.09, 0.2155, 0.1005, 0.049, 0.0655, negative
M, 0.6, 0.46, 0.155, 0.6655, 0.285, 0.149, 0.269, negative
M, 0.625, 0.5, 0.175, 1.0565, 0.4615, 0.258, 0.305, negative
F, 0.635, 0.5, 0.18, 1.2565, 0.539, 0.292, 0.35, negative
F, 0.645, 0.5, 0.15, 1.159, 0.4675, 0.3355, 0.31, negative
I, 0.545, 0.405, 0.13, 0.658, 0.327, 0.1445, 0.174, negative
F, 0.63, 0.515, 0.16, 1.336, 0.553, 0.3205, 0.35, negative
I, 0.37, 0.275, 0.08, 0.2325, 0.093, 0.056, 0.072, negative
I, 0.395, 0.31, 0.085, 0.317, 0.153, 0.0505, 0.0935, negative
I, 0.515, 0.395, 0.125, 0.5805, 0.2365, 0.1075, 0.19, negative
I, 0.52, 0.4, 0.14, 0.622, 0.278, 0.1455, 0.169, negative
M, 0.56, 0.45, 0.145, 0.9355, 0.425, 0.1645, 0.2725, negative
M, 0.615, 0.475, 0.205, 1.337, 0.5995, 0.2815, 0.37, negative
M, 0.68, 0.545, 0.185, 1.672, 0.7075, 0.364, 0.48, negative
F, 0.715, 0.565, 0.18, 1.79, 0.844, 0.3535, 0.5385, negative
F, 0.605, 0.465, 0.155, 1.1, 0.547, 0.2665, 0.2585, negative
M, 0.35, 0.265, 0.09, 0.197, 0.073, 0.0365, 0.077, negative
M, 0.55, 0.42, 0.145, 0.7385, 0.321, 0.1485, 0.252, negative
I, 0.55, 0.445, 0.11, 0.7935, 0.378, 0.142, 0.26, negative
I, 0.58, 0.425, 0.145, 0.83, 0.379, 0.1605, 0.2575, negative
I, 0.585, 0.47, 0.17, 0.985, 0.3695, 0.2395, 0.315, negative
M, 0.63, 0.505, 0.155, 1.105, 0.492, 0.226, 0.325, negative
M, 0.655, 0.525, 0.18, 1.402, 0.624, 0.2935, 0.365, negative
I, 0.44, 0.35, 0.11, 0.3805, 0.1575, 0.0895, 0.115, negative
I, 0.48, 0.355, 0.11, 0.4495, 0.201, 0.089, 0.14, negative
F, 0.585, 0.455, 0.17, 0.9945, 0.4255, 0.263, 0.2845, negative
M, 0.59, 0.44, 0.135, 0.966, 0.439, 0.2145, 0.2605, negative
F, 0.625, 0.485, 0.15, 1.0945, 0.531, 0.261, 0.296, negative
