@relation abalone19
@attribute Sex {M, F, I}
@attribute Length real [0.075, 0.815]
@attribute Diameter real [0.055, 0.65]
@attribute Height real [0.0, 1.13]
@attribute Whole_weight real [0.0020, 2.8255]
@attribute Shucked_weight real [0.0010, 1.488]
@attribute Viscera_weight real [5.0E-4, 0.76]
@attribute Shell_weight real [0.0015, 1.005]
@attribute Class {positive, negative}
@inputs Sex, Length, Diameter, Height, Whole_weight, Shucked_weight, Viscera_weight, Shell_weight
@outputs Class
@data
M, 0.455, 0.365, 0.095, 0.514, 0.2245, 0.101, 0.15, negative
F, 0.53, 0.42, 0.135, 0.677, 0.2565, 0.1415, 0.21, negative
M, 0.44, 0.365, 0.125, 0.516, 0.2155, 0.114, 0.155, negative
I, 0.425, 0.3, 0.095, 0.3515, 0.141, 0.0775, 0.12, negative
F, 0.53, 0.415, 0.15, 0.7775, 0.237, 0.1415, 0.33, negative
M, 0.355, 0.28, 0.095, 0.2455, 0.0955, 0.062, 0.075, negative
I, 0.38, 0.275, 0.1, 0.2255, 0.08, 0.049, 0.085, negative
F, 0.68, 0.55, 0.175, 1.798, 0.815, 0.3925, 0.455, positive
F, 0.54, 0.475, 0.155, 1.217, 0.5305, 0.3075, 0.34, negative
M, 0.355, 0.29, 0.09, 0.3275, 0.134, 0.086, 0.09, negative
I, 0.205, 0.15, 0.055, 0.042, 0.0255, 0.015, 0.012, negative
F, 0.46, 0.375, 0.12, 0.4605, 0.1775, 0.11, 0.15, negative
I, 0.52, 0.41, 0.12, 0.595, 0.2385, 0.111, 0.19, negative
M, 0.555, 0.425, 0.13, 0.7665, 0.264, 0.168, 0.275, negative
M, 0.595, 0.475, 0.14, 0.944, 0.3625, 0.189, 0.315, negative
F, 0.575, 0.45, 0.16, 0.9775, 0.3135, 0.231, 0.33, negative
M, 0.565, 0.425, 0.135, 0.8115, 0.341, 0.1675, 0.255, negative
M, 0.695, 0.56, 0.19, 1.494, 0.588, 0.3425, 0.485, negative
F, 0.545, 0.43, 0.165, 0.802, 0.2935, 0.183, 0.28, negative
M, 0.405, 0.305, 0.085, 0.2605, 0.1145, 0.0595, 0.085, negative
F, 0.515, 0.425, 0.14, 0.766, 0.304, 0.1725, 0.255, negative
I, 0.36, 0.28, 0.08, 0.1755, 0.081, 0.0505, 0.07, negative
M, 0.595, 0.48, 0.165, 1.262, 0.4835, 0.283, 0.41, negative
F, 0.44, 0.35, 0.125, 0.4035, 0.175, 0.063, 0.129, negative
F, 0.325, 0.26, 0.09, 0.1915, 0.085, 0.036, 0.062, negative
F, 0.425, 0.33, 0.115, 0.406, 0.1635, 0.081, 0.1355, negative
F, 0.305, 0.23, 0.08, 0.156, 0.0675, 0.0345, 0.048, negative
F, 0.605, 0.5, 0.185, 1.1185, 0.469, 0.2585, 0.335, negative
F, 0.635, 0.515, 0.19, 1.3715, 0.5065, 0.305, 0.45, negative
M, 0.515, 0.405, 0.13, 0.722, 0.32, 0.131, 0.21, negative
M, 0.705, 0.56, 0.22, 1.981, 0.8175, 0.3085, 0.76, negative
F, 0.53, 0.395, 0.145, 0.775, 0.308, 0.169, 0.255, negative
I, 0.235, 0.16, 0.04, 0.048, 0.0185, 0.018, 0.015, negative
M, 0.57, 0.48, 0.18, 0.9395, 0.399, 0.2, 0.295, negative
M, 0.62, 0.49, 0.19, 1.218, 0.5455, 0.2965, 0.355, negative
F, 0.63, 0.48, 0.15, 1.0525, 0.392, 0.336, 0.285, negative
F, 0.505, 0.41, 0.15, 0.644, 0.285, 0.145, 0.21, negative
M, 0.64, 0.5, 0.185, 1.3035, 0.4445, 0.2635, 0.465, negative
M, 0.56, 0.45, 0.16, 0.922, 0.432, 0.178, 0.26, negative
M, 0.5, 0.4, 0.165, 0.825, 0.254, 0.205, 0.285, negative
F, 0.44, 0.34, 0.14, 0.482, 0.186, 0.1085, 0.16, negative
I, 0.4, 0.3, 0.11, 0.315, 0.109, 0.067, 0.12, negative
I, 0.435, 0.34, 0.11, 0.3795, 0.1495, 0.085, 0.12, negative
F, 0.415, 0.325, 0.105, 0.38, 0.1595, 0.0785, 0.12, negative
F, 0.485, 0.395, 0.16, 0.66, 0.2475, 0.128, 0.235, negative
M, 0.45, 0.35, 0.13, 0.46, 0.174, 0.111, 0.135, negative
F, 0.39, 0.29, 0.125, 0.3055, 0.121, 0.082, 0.09, negative
F, 0.53, 0.415, 0.16, 0.783, 0.2935, 0.158, 0.245, negative
M, 0.565, 0.44, 0.175, 0.9025, 0.31, 0.193, 0.325, negative
I, 0.13, 0.1, 0.03, 0.013, 0.0045, 0.0030, 0.0040, negative
I, 0.32, 0.245, 0.08, 0.1585, 0.0635, 0.0325, 0.05, negative
I, 0.345, 0.27, 0.11, 0.2135, 0.082, 0.0545, 0.07, negative
I, 0.33, 0.25, 0.105, 0.1715, 0.0655, 0.035, 0.06, negative
M, 0.52, 0.45, 0.15, 0.895, 0.3615, 0.186, 0.235, negative
F, 0.45, 0.36, 0.125, 0.4995, 0.2035, 0.1, 0.17, negative
M, 0.59, 0.5, 0.2, 1.187, 0.412, 0.2705, 0.37, negative
M, 0.63, 0.505, 0.225, 1.525, 0.56, 0.3335, 0.45, negative
M, 0.61, 0.5, 0.24, 1.642, 0.532, 0.3345, 0.69, negative
M, 0.635, 0.525, 0.205, 1.484, 0.55, 0.3115, 0.43, negative
F, 0.495, 0.4, 0.155, 0.6445, 0.242, 0.1325, 0.205, negative
F, 0.535, 0.435, 0.16, 0.8105, 0.3155, 0.1795, 0.24, negative
F, 0.565, 0.505, 0.21, 1.2765, 0.501, 0.279, 0.355, negative
I, 0.275, 0.205, 0.075, 0.1105, 0.045, 0.0285, 0.035, negative
I, 0.28, 0.21, 0.085, 0.1065, 0.039, 0.0295, 0.03, negative
F, 0.54, 0.435, 0.175, 0.892, 0.322, 0.174, 0.335, negative
I, 0.2, 0.145, 0.06, 0.037, 0.0125, 0.0095, 0.011, negative
M, 0.45, 0.35, 0.1, 0.3675, 0.1465, 0.1015, 0.12, negative
I, 0.265, 0.21, 0.06, 0.0965, 0.0425, 0.022, 0.03, negative
I, 0.265, 0.205, 0.07, 0.1055, 0.039, 0.041, 0.035, negative
M, 0.5, 0.38, 0.155, 0.5955, 0.2135, 0.161, 0.2, negative
M, 0.62, 0.465, 0.185, 1.274, 0.579, 0.3065, 0.32, negative
M, 0.49, 0.39, 0.14, 0.707, 0.2795, 0.2185, 0.18, negative
F, 0.61, 0.495, 0.185, 1.153, 0.536, 0.2905, 0.245, negative
M, 0.58, 0.465, 0.145, 0.887, 0.4405, 0.1655, 0.265, negative
F, 0.69, 0.56, 0.215, 1.719, 0.68, 0.299, 0.47, negative
F, 0.68, 0.58, 0.2, 1.787, 0.585, 0.453, 0.6, positive
M, 0.685, 0.52, 0.15, 1.343, 0.4635, 0.292, 0.4, negative
F, 0.61, 0.495, 0.185, 1.1085, 0.3705, 0.3135, 0.33, negative
M, 0.485, 0.4, 0.135, 0.663, 0.313, 0.137, 0.2, negative
M, 0.545, 0.425, 0.135, 0.8445, 0.373, 0.21, 0.235, negative
I, 0.345, 0.275, 0.095, 0.1995, 0.0755, 0.0535, 0.07, negative
F, 0.515, 0.415, 0.14, 0.6935, 0.3115, 0.152, 0.2, negative
M, 0.59, 0.5, 0.165, 1.1045, 0.4565, 0.2425, 0.34, negative
F, 0.62, 0.47, 0.14, 1.0325, 0.3605, 0.224, 0.36, negative
I, 0.49, 0.38, 0.12, 0.529, 0.2165, 0.139, 0.155, negative
F, 0.49, 0.39, 0.135, 0.5785, 0.2465, 0.123, 0.2, negative
I, 0.36, 0.275, 0.11, 0.2335, 0.095, 0.0525, 0.085, negative
M, 0.725, 0.565, 0.215, 1.891, 0.6975, 0.4725, 0.58, negative
F, 0.645, 0.55, 0.175, 1.2915, 0.57, 0.3045, 0.33, negative
F, 0.525, 0.41, 0.135, 0.7085, 0.293, 0.1525, 0.235, negative
F, 0.585, 0.465, 0.17, 0.9915, 0.3865, 0.224, 0.265, negative
I, 0.255, 0.195, 0.07, 0.0735, 0.0255, 0.02, 0.025, negative
I, 0.175, 0.125, 0.05, 0.0235, 0.0080, 0.0035, 0.0080, negative
M, 0.675, 0.555, 0.2, 1.4385, 0.545, 0.2665, 0.465, negative
F, 0.515, 0.405, 0.12, 0.646, 0.2895, 0.1405, 0.177, negative
I, 0.43, 0.34, 0.12, 0.3575, 0.151, 0.0645, 0.1045, negative
F, 0.545, 0.415, 0.16, 0.7715, 0.272, 0.1455, 0.2765, negative
M, 0.57, 0.465, 0.125, 0.849, 0.3785, 0.1765, 0.24, negative
F, 0.58, 0.46, 0.15, 0.9955, 0.429, 0.212, 0.26, positive
F, 0.57, 0.455, 0.165, 1.0595, 0.44, 0.2195, 0.285, negative
F, 0.64, 0.52, 0.175, 1.248, 0.4245, 0.2595, 0.48, negative
M, 0.31, 0.22, 0.085, 0.146, 0.061, 0.0365, 0.045, negative
M, 0.4, 0.29, 0.115, 0.2795, 0.1115, 0.0575, 0.075, negative
F, 0.345, 0.25, 0.09, 0.203, 0.078, 0.059, 0.055, negative
I, 0.53, 0.42, 0.185, 0.752, 0.299, 0.156, 0.205, negative
F, 0.46, 0.355, 0.13, 0.458, 0.192, 0.1055, 0.13, negative
I, 0.465, 0.38, 0.13, 0.454, 0.1895, 0.08, 0.155, negative
M, 0.255, 0.195, 0.065, 0.08, 0.0315, 0.018, 0.027, negative
F, 0.565, 0.45, 0.16, 0.795, 0.3605, 0.1555, 0.23, negative
I, 0.56, 0.44, 0.165, 0.8, 0.335, 0.1735, 0.25, negative
I, 0.52, 0.4, 0.145, 0.66, 0.267, 0.1055, 0.22, negative
F, 0.475, 0.35, 0.115, 0.452, 0.1715, 0.092, 0.155, negative
F, 0.545, 0.415, 0.15, 0.7335, 0.2795, 0.163, 0.2185, negative
F, 0.47, 0.355, 0.13, 0.5465, 0.2005, 0.126, 0.185, negative
F, 0.625, 0.49, 0.175, 1.233, 0.5565, 0.247, 0.365, negative
F, 0.41, 0.305, 0.1, 0.363, 0.1735, 0.065, 0.11, negative
I, 0.51, 0.4, 0.15, 0.745, 0.2865, 0.1675, 0.235, negative
I, 0.525, 0.41, 0.175, 0.874, 0.3585, 0.207, 0.205, negative
I, 0.575, 0.455, 0.18, 0.8525, 0.3015, 0.1825, 0.3, negative
I, 0.535, 0.42, 0.145, 0.926, 0.398, 0.1965, 0.25, negative
I, 0.47, 0.345, 0.115, 0.4885, 0.2005, 0.108, 0.166, negative
M, 0.37, 0.285, 0.1, 0.228, 0.0675, 0.0675, 0.081, negative
M, 0.35, 0.265, 0.09, 0.1775, 0.0575, 0.042, 0.068, negative
M, 0.415, 0.345, 0.135, 0.3865, 0.128, 0.07, 0.148, negative
F, 0.47, 0.355, 0.14, 0.433, 0.1525, 0.095, 0.152, negative
M, 0.32, 0.24, 0.085, 0.17, 0.0655, 0.047, 0.049, negative
M, 0.31, 0.225, 0.075, 0.1295, 0.0455, 0.0335, 0.044, negative
M, 0.345, 0.255, 0.08, 0.169, 0.06, 0.0425, 0.054, negative
I, 0.485, 0.38, 0.14, 0.673, 0.2175, 0.13, 0.195, negative
F, 0.5, 0.385, 0.115, 0.6785, 0.2945, 0.138, 0.195, negative
I, 0.53, 0.415, 0.145, 0.944, 0.3845, 0.185, 0.265, negative
M, 0.34, 0.265, 0.085, 0.1835, 0.077, 0.046, 0.065, negative
F, 0.43, 0.34, 0.12, 0.391, 0.1555, 0.095, 0.1405, negative
M, 0.36, 0.295, 0.1, 0.2105, 0.066, 0.0525, 0.075, negative
M, 0.355, 0.265, 0.09, 0.168, 0.05, 0.041, 0.063, negative
I, 0.62, 0.485, 0.18, 1.1785, 0.4675, 0.2655, 0.39, negative
M, 0.45, 0.34, 0.13, 0.3715, 0.1605, 0.0795, 0.105, negative
I, 0.46, 0.35, 0.12, 0.4885, 0.193, 0.105, 0.155, negative
M, 0.295, 0.215, 0.075, 0.129, 0.05, 0.0295, 0.04, negative
F, 0.555, 0.435, 0.165, 0.97, 0.336, 0.2315, 0.295, negative
F, 0.45, 0.35, 0.145, 0.5425, 0.1765, 0.123, 0.175, negative
M, 0.535, 0.405, 0.185, 0.8345, 0.3175, 0.1725, 0.29, negative
M, 0.51, 0.4, 0.14, 0.6515, 0.2455, 0.1665, 0.185, negative
M, 0.565, 0.44, 0.185, 0.909, 0.344, 0.2325, 0.255, negative
I, 0.165, 0.11, 0.02, 0.019, 0.0065, 0.0025, 0.0050, negative
F, 0.395, 0.315, 0.105, 0.3515, 0.1185, 0.091, 0.1195, negative
M, 0.385, 0.285, 0.105, 0.2905, 0.1215, 0.0685, 0.0875, negative
M, 0.415, 0.325, 0.14, 0.417, 0.1535, 0.1015, 0.144, negative
F, 0.345, 0.26, 0.09, 0.207, 0.0775, 0.0435, 0.0765, negative
M, 0.375, 0.3, 0.1, 0.2465, 0.104, 0.0475, 0.083, negative
I, 0.15, 0.1, 0.025, 0.015, 0.0045, 0.0040, 0.0050, negative
M, 0.555, 0.44, 0.15, 1.092, 0.416, 0.212, 0.4405, negative
M, 0.465, 0.36, 0.08, 0.488, 0.191, 0.125, 0.155, negative
F, 0.48, 0.375, 0.105, 0.525, 0.2185, 0.1195, 0.155, negative
M, 0.525, 0.4, 0.13, 0.8295, 0.2405, 0.1825, 0.275, negative
M, 0.52, 0.385, 0.115, 0.669, 0.2385, 0.172, 0.205, negative
F, 0.66, 0.52, 0.2, 1.676, 0.673, 0.4805, 0.45, negative
M, 0.485, 0.355, 0.12, 0.547, 0.215, 0.1615, 0.14, negative
F, 0.605, 0.46, 0.17, 1.122, 0.347, 0.3045, 0.315, negative
M, 0.65, 0.515, 0.175, 1.4805, 0.5295, 0.272, 0.525, negative
M, 0.615, 0.525, 0.155, 1.1375, 0.367, 0.236, 0.37, negative
F, 0.59, 0.445, 0.13, 1.1325, 0.3825, 0.234, 0.32, negative
F, 0.53, 0.455, 0.165, 0.9805, 0.3155, 0.2815, 0.2965, negative
M, 0.385, 0.275, 0.115, 0.2685, 0.0975, 0.0825, 0.085, negative
M, 0.49, 0.38, 0.14, 0.7605, 0.245, 0.167, 0.185, negative
M, 0.49, 0.38, 0.14, 0.6385, 0.2305, 0.142, 0.195, negative
M, 0.465, 0.35, 0.14, 0.5755, 0.2015, 0.1505, 0.19, negative
M, 0.56, 0.41, 0.165, 0.93, 0.3505, 0.237, 0.3, negative
M, 0.505, 0.385, 0.15, 0.6415, 0.246, 0.152, 0.215, negative
F, 0.6, 0.465, 0.165, 0.8875, 0.309, 0.246, 0.262, negative
F, 0.485, 0.375, 0.135, 0.556, 0.1925, 0.1315, 0.1685, negative
M, 0.58, 0.465, 0.16, 1.0345, 0.315, 0.26, 0.3635, negative
M, 0.53, 0.41, 0.155, 0.7155, 0.2805, 0.1685, 0.214, negative
M, 0.52, 0.42, 0.16, 0.745, 0.255, 0.157, 0.2885, negative
I, 0.335, 0.25, 0.08, 0.183, 0.0735, 0.04, 0.0575, negative
I, 0.35, 0.27, 0.09, 0.2055, 0.075, 0.0575, 0.062, negative
M, 0.415, 0.305, 0.1, 0.325, 0.156, 0.0505, 0.091, negative
I, 0.425, 0.325, 0.1, 0.398, 0.1185, 0.0645, 0.0945, negative
M, 0.47, 0.375, 0.12, 0.5805, 0.266, 0.0935, 0.169, negative
I, 0.485, 0.355, 0.105, 0.498, 0.2175, 0.096, 0.1525, negative
M, 0.505, 0.44, 0.14, 0.8275, 0.3415, 0.1855, 0.239, negative
M, 0.55, 0.45, 0.15, 1.0145, 0.407, 0.2015, 0.2875, negative
M, 0.57, 0.455, 0.15, 0.952, 0.3895, 0.2155, 0.2745, negative
F, 0.595, 0.465, 0.14, 1.113, 0.5175, 0.244, 0.305, negative
M, 0.6, 0.495, 0.175, 1.29, 0.606, 0.276, 0.3445, negative
M, 0.605, 0.455, 0.16, 1.1035, 0.421, 0.3015, 0.325, negative
F, 0.615, 0.5, 0.175, 1.377, 0.5585, 0.33, 0.292, negative
F, 0.625, 0.49, 0.155, 1.2085, 0.465, 0.162, 0.411, negative
M, 0.655, 0.58, 0.205, 2.0805, 0.959, 0.3415, 0.601, negative
M, 0.66, 0.53, 0.17, 1.3905, 0.5905, 0.212, 0.453, negative
M, 0.66, 0.52, 0.19, 1.558, 0.755, 0.298, 0.4, negative
I, 0.3, 0.235, 0.08, 0.131, 0.05, 0.0265, 0.043, negative
I, 0.33, 0.265, 0.085, 0.196, 0.0775, 0.0305, 0.0445, negative
I, 0.34, 0.25, 0.075, 0.1785, 0.0665, 0.0455, 0.045, negative
I, 0.37, 0.29, 0.095, 0.249, 0.1045, 0.058, 0.067, negative
I, 0.41, 0.305, 0.09, 0.3535, 0.157, 0.0745, 0.1, negative
I, 0.425, 0.315, 0.1, 0.377, 0.1645, 0.072, 0.105, negative
I, 0.445, 0.35, 0.13, 0.4195, 0.1695, 0.0945, 0.1195, negative
I, 0.455, 0.355, 0.125, 0.5325, 0.225, 0.126, 0.1465, negative
I, 0.465, 0.345, 0.11, 0.4415, 0.1755, 0.0905, 0.12, negative
F, 0.465, 0.35, 0.125, 0.482, 0.23, 0.106, 0.1095, negative
M, 0.47, 0.365, 0.12, 0.612, 0.327, 0.15, 0.14, negative
F, 0.47, 0.365, 0.12, 0.582, 0.29, 0.092, 0.146, negative
M, 0.48, 0.385, 0.145, 0.64, 0.2925, 0.1405, 0.1575, negative
M, 0.48, 0.36, 0.1, 0.439, 0.194, 0.099, 0.115, negative
M, 0.51, 0.39, 0.135, 0.769, 0.3935, 0.1455, 0.19, negative
M, 0.51, 0.41, 0.145, 0.796, 0.3865, 0.1815, 0.1955, negative
M, 0.57, 0.445, 0.14, 1.0635, 0.5265, 0.2195, 0.24, negative
F, 0.58, 0.45, 0.145, 1.137, 0.5585, 0.22, 0.29, negative
F, 0.595, 0.47, 0.155, 1.121, 0.4515, 0.178, 0.155, negative
M, 0.605, 0.475, 0.155, 1.161, 0.572, 0.2455, 0.275, negative
M, 0.63, 0.48, 0.15, 1.1785, 0.5185, 0.248, 0.3235, negative
M, 0.64, 0.505, 0.155, 1.4025, 0.705, 0.2655, 0.335, negative
F, 0.645, 0.505, 0.165, 1.4325, 0.684, 0.308, 0.336, negative
F, 0.655, 0.46, 0.16, 1.494, 0.6895, 0.331, 0.1825, negative
M, 0.66, 0.495, 0.195, 1.6275, 0.594, 0.3595, 0.485, negative
F, 0.675, 0.57, 0.225, 1.587, 0.739, 0.2995, 0.435, negative
I, 0.195, 0.15, 0.045, 0.0375, 0.018, 0.0060, 0.011, negative
I, 0.405, 0.3, 0.11, 0.32, 0.172, 0.044, 0.093, negative
I, 0.445, 0.335, 0.11, 0.411, 0.1985, 0.0935, 0.109, negative
I, 0.45, 0.34, 0.12, 0.4925, 0.241, 0.1075, 0.12, negative
I, 0.45, 0.33, 0.105, 0.3715, 0.1865, 0.0785, 0.0975, negative
I, 0.48, 0.38, 0.125, 0.6245, 0.3395, 0.1085, 0.1665, negative
M, 0.49, 0.465, 0.125, 0.5225, 0.235, 0.13, 0.141, negative
I, 0.525, 0.4, 0.14, 0.601, 0.2625, 0.1285, 0.1835, negative
I, 0.54, 0.42, 0.14, 0.6665, 0.3125, 0.138, 0.1895, negative
M, 0.545, 0.41, 0.12, 0.793, 0.434, 0.1405, 0.19, negative
M, 0.545, 0.415, 0.14, 0.82, 0.4615, 0.127, 0.218, negative
F, 0.55, 0.43, 0.15, 0.84, 0.395, 0.195, 0.223, negative
M, 0.58, 0.455, 0.15, 1.114, 0.4765, 0.2155, 0.265, negative
M, 0.58, 0.45, 0.14, 0.9615, 0.486, 0.1815, 0.253, negative
F, 0.58, 0.45, 0.155, 0.93, 0.385, 0.246, 0.265, negative
M, 0.6, 0.455, 0.17, 1.1915, 0.696, 0.2395, 0.24, negative
F, 0.6, 0.465, 0.15, 1.1025, 0.5455, 0.262, 0.25, negative
M, 0.61, 0.485, 0.16, 1.0145, 0.5315, 0.212, 0.2415, negative
M, 0.62, 0.47, 0.135, 1.0195, 0.5315, 0.2005, 0.2475, negative
M, 0.655, 0.515, 0.16, 1.31, 0.553, 0.369, 0.345, negative
F, 0.685, 0.54, 0.215, 1.7025, 0.664, 0.3655, 0.4735, negative
F, 0.72, 0.58, 0.195, 2.103, 1.0265, 0.48, 0.5375, negative
M, 0.735, 0.585, 0.185, 2.124, 0.952, 0.55, 0.5, negative
M, 0.755, 0.58, 0.205, 2.0065, 0.8295, 0.4015, 0.595, negative
I, 0.25, 0.19, 0.065, 0.0835, 0.039, 0.015, 0.025, negative
I, 0.33, 0.205, 0.095, 0.1595, 0.077, 0.032, 0.0435, negative
I, 0.35, 0.27, 0.075, 0.215, 0.1, 0.036, 0.065, negative
I, 0.36, 0.27, 0.085, 0.196, 0.0875, 0.035, 0.064, negative
I, 0.365, 0.27, 0.085, 0.1875, 0.081, 0.042, 0.058, negative
I, 0.375, 0.29, 0.095, 0.213, 0.096, 0.041, 0.061, negative
I, 0.375, 0.29, 0.085, 0.2385, 0.118, 0.045, 0.0695, negative
I, 0.375, 0.28, 0.08, 0.2025, 0.0825, 0.048, 0.065, negative
I, 0.375, 0.27, 0.085, 0.218, 0.0945, 0.039, 0.07, negative
I, 0.385, 0.3, 0.095, 0.302, 0.152, 0.0615, 0.0735, negative
I, 0.45, 0.33, 0.105, 0.448, 0.208, 0.089, 0.12, negative
I, 0.47, 0.365, 0.1, 0.411, 0.175, 0.0855, 0.135, negative
I, 0.495, 0.38, 0.13, 0.5125, 0.2185, 0.116, 0.16, negative
I, 0.5, 0.375, 0.145, 0.5795, 0.239, 0.1375, 0.185, negative
I, 0.5, 0.41, 0.14, 0.6615, 0.2585, 0.1625, 0.196, negative
I, 0.505, 0.405, 0.13, 0.6015, 0.3015, 0.11, 0.18, negative
I, 0.505, 0.395, 0.105, 0.551, 0.248, 0.103, 0.171, negative
I, 0.515, 0.42, 0.135, 0.711, 0.337, 0.144, 0.205, negative
I, 0.525, 0.4, 0.125, 0.6965, 0.369, 0.1385, 0.164, negative
I, 0.545, 0.435, 0.135, 0.7715, 0.372, 0.148, 0.227, negative
I, 0.545, 0.405, 0.135, 0.5945, 0.27, 0.1185, 0.185, negative
F, 0.55, 0.405, 0.125, 0.651, 0.2965, 0.137, 0.2, negative
I, 0.555, 0.43, 0.14, 0.7665, 0.341, 0.165, 0.23, negative
I, 0.57, 0.44, 0.13, 0.7665, 0.347, 0.1785, 0.202, negative
M, 0.585, 0.49, 0.185, 1.171, 0.522, 0.2535, 0.335, negative
M, 0.585, 0.475, 0.15, 1.065, 0.5315, 0.199, 0.2885, negative
F, 0.595, 0.465, 0.15, 0.98, 0.4115, 0.196, 0.2255, negative
M, 0.6, 0.48, 0.155, 1.014, 0.451, 0.1885, 0.325, negative
I, 0.6, 0.475, 0.15, 1.12, 0.565, 0.2465, 0.27, negative
M, 0.6, 0.46, 0.155, 0.9595, 0.4455, 0.189, 0.295, negative
F, 0.605, 0.475, 0.175, 1.076, 0.463, 0.2195, 0.335, negative
F, 0.605, 0.47, 0.16, 1.0835, 0.5405, 0.2215, 0.275, negative
M, 0.61, 0.45, 0.15, 0.871, 0.407, 0.1835, 0.25, negative
M, 0.61, 0.475, 0.17, 1.0265, 0.435, 0.2335, 0.3035, negative
M, 0.615, 0.47, 0.165, 1.128, 0.4465, 0.2195, 0.34, negative
M, 0.625, 0.455, 0.17, 1.082, 0.4955, 0.2345, 0.315, negative
I, 0.63, 0.505, 0.18, 1.272, 0.6025, 0.295, 0.315, negative
M, 0.64, 0.565, 0.23, 1.521, 0.644, 0.372, 0.406, negative
M, 0.655, 0.535, 0.205, 1.6445, 0.7305, 0.3595, 0.46, negative
F, 0.66, 0.495, 0.21, 1.548, 0.724, 0.3525, 0.3925, negative
F, 0.66, 0.515, 0.17, 1.337, 0.615, 0.3125, 0.3575, negative
F, 0.67, 0.53, 0.225, 1.5615, 0.63, 0.487, 0.3725, negative
M, 0.705, 0.565, 0.515, 2.21, 1.1075, 0.4865, 0.512, negative
F, 0.73, 0.58, 0.19, 1.7375, 0.6785, 0.4345, 0.52, negative
I, 0.365, 0.265, 0.135, 0.2215, 0.105, 0.047, 0.0605, negative
I, 0.37, 0.27, 0.095, 0.232, 0.1325, 0.041, 0.0615, negative
I, 0.375, 0.28, 0.085, 0.3155, 0.187, 0.046, 0.067, negative
I, 0.405, 0.31, 0.095, 0.3425, 0.1785, 0.064, 0.0855, negative
I, 0.44, 0.34, 0.105, 0.369, 0.164, 0.08, 0.1015, negative
I, 0.46, 0.355, 0.11, 0.436, 0.1975, 0.096, 0.125, negative
I, 0.47, 0.345, 0.14, 0.4615, 0.229, 0.1105, 0.116, negative
I, 0.47, 0.35, 0.125, 0.4315, 0.19, 0.1165, 0.1175, negative
I, 0.53, 0.43, 0.13, 0.7045, 0.346, 0.1415, 0.189, negative
M, 0.575, 0.465, 0.15, 1.08, 0.595, 0.2065, 0.238, negative
F, 0.58, 0.46, 0.175, 1.165, 0.65, 0.2205, 0.3055, negative
M, 0.59, 0.44, 0.15, 0.8725, 0.387, 0.215, 0.245, negative
M, 0.6, 0.455, 0.155, 0.945, 0.4365, 0.2085, 0.25, negative
F, 0.605, 0.515, 0.17, 1.289, 0.6, 0.2945, 0.3315, negative
I, 0.615, 0.475, 0.13, 0.8425, 0.353, 0.1915, 0.251, negative
M, 0.63, 0.47, 0.145, 1.1005, 0.52, 0.26, 0.276, negative
M, 0.63, 0.455, 0.15, 1.1315, 0.481, 0.2745, 0.305, negative
F, 0.645, 0.505, 0.165, 1.318, 0.55, 0.3015, 0.335, negative
F, 0.65, 0.5, 0.16, 1.3825, 0.702, 0.304, 0.3195, negative
M, 0.65, 0.485, 0.14, 1.175, 0.475, 0.2435, 0.215, negative
M, 0.66, 0.505, 0.165, 1.374, 0.589, 0.351, 0.345, negative
M, 0.67, 0.51, 0.175, 1.5265, 0.651, 0.4475, 0.345, negative
M, 0.67, 0.5, 0.19, 1.519, 0.616, 0.388, 0.415, negative
M, 0.68, 0.515, 0.17, 1.6115, 0.8415, 0.306, 0.395, negative
M, 0.72, 0.565, 0.2, 2.1055, 1.017, 0.363, 0.494, negative
M, 0.74, 0.57, 0.18, 1.8725, 0.9115, 0.427, 0.446, negative
M, 0.75, 0.55, 0.18, 1.893, 0.942, 0.397, 0.445, negative
I, 0.365, 0.27, 0.085, 0.2225, 0.0935, 0.0525, 0.066, negative
I, 0.38, 0.29, 0.1, 0.237, 0.108, 0.0395, 0.082, negative
I, 0.425, 0.315, 0.08, 0.303, 0.131, 0.0585, 0.095, negative
I, 0.455, 0.36, 0.115, 0.457, 0.2085, 0.0855, 0.147, negative
I, 0.46, 0.35, 0.11, 0.4, 0.176, 0.083, 0.1205, negative
I, 0.465, 0.37, 0.12, 0.4365, 0.188, 0.0815, 0.147, negative
I, 0.47, 0.355, 0.125, 0.499, 0.21, 0.0985, 0.155, negative
M, 0.475, 0.36, 0.1, 0.4285, 0.1965, 0.099, 0.112, negative
M, 0.48, 0.355, 0.16, 0.464, 0.221, 0.106, 0.239, negative
I, 0.495, 0.37, 0.125, 0.4715, 0.2075, 0.091, 0.15, negative
I, 0.54, 0.425, 0.13, 0.7205, 0.2955, 0.169, 0.225, negative
I, 0.545, 0.4, 0.13, 0.686, 0.3285, 0.1455, 0.18, negative
I, 0.55, 0.425, 0.15, 0.639, 0.269, 0.1345, 0.217, negative
I, 0.56, 0.44, 0.13, 0.7235, 0.349, 0.149, 0.2, negative
I, 0.57, 0.43, 0.145, 0.833, 0.354, 0.144, 0.2815, negative
I, 0.57, 0.445, 0.155, 0.867, 0.3705, 0.1705, 0.28, negative
M, 0.575, 0.455, 0.165, 0.867, 0.3765, 0.1805, 0.268, negative
M, 0.575, 0.47, 0.185, 0.985, 0.3745, 0.2175, 0.355, negative
F, 0.575, 0.465, 0.195, 0.9965, 0.417, 0.247, 0.47, negative
F, 0.58, 0.435, 0.15, 0.834, 0.428, 0.1515, 0.23, negative
M, 0.58, 0.46, 0.155, 1.0335, 0.469, 0.2225, 0.295, negative
F, 0.6, 0.48, 0.18, 1.0645, 0.4495, 0.2455, 0.325, negative
F, 0.605, 0.48, 0.14, 0.991, 0.4735, 0.2345, 0.24, negative
F, 0.61, 0.485, 0.18, 1.2795, 0.5735, 0.2855, 0.355, negative
F, 0.62, 0.515, 0.155, 1.3255, 0.6685, 0.2605, 0.335, negative
M, 0.62, 0.48, 0.15, 1.266, 0.6285, 0.2575, 0.309, negative
M, 0.63, 0.495, 0.175, 1.2695, 0.605, 0.271, 0.328, negative
M, 0.64, 0.515, 0.18, 1.247, 0.5475, 0.2925, 0.3685, negative
M, 0.645, 0.5, 0.175, 1.3375, 0.554, 0.308, 0.415, negative
M, 0.65, 0.505, 0.19, 1.274, 0.59, 0.23, 0.391, negative
F, 0.655, 0.505, 0.19, 1.3485, 0.5935, 0.2745, 0.425, negative
F, 0.67, 0.52, 0.19, 1.32, 0.5235, 0.3095, 0.4275, negative
F, 0.68, 0.51, 0.2, 1.6075, 0.714, 0.339, 0.4705, negative
M, 0.7, 0.565, 0.175, 1.8565, 0.8445, 0.3935, 0.54, negative
F, 0.7, 0.535, 0.175, 1.773, 0.6805, 0.48, 0.512, negative
F, 0.725, 0.565, 0.21, 2.1425, 1.03, 0.487, 0.503, negative
F, 0.75, 0.565, 0.215, 1.938, 0.7735, 0.4825, 0.575, negative
M, 0.775, 0.63, 0.25, 2.7795, 1.3485, 0.76, 0.578, negative
I, 0.375, 0.245, 0.1, 0.394, 0.166, 0.091, 0.1125, negative
I, 0.455, 0.335, 0.105, 0.422, 0.229, 0.0865, 0.1, negative
M, 0.465, 0.36, 0.115, 0.5795, 0.295, 0.1395, 0.12, negative
I, 0.485, 0.365, 0.105, 0.5205, 0.195, 0.123, 0.182, negative
M, 0.485, 0.37, 0.155, 0.968, 0.419, 0.2455, 0.2365, negative
M, 0.515, 0.35, 0.155, 0.9225, 0.4185, 0.198, 0.273, negative
I, 0.535, 0.385, 0.18, 1.0835, 0.4955, 0.2295, 0.304, negative
F, 0.655, 0.52, 0.2, 1.5475, 0.713, 0.314, 0.466, negative
F, 0.665, 0.515, 0.185, 1.3405, 0.5595, 0.293, 0.4375, negative
F, 0.705, 0.545, 0.18, 1.5395, 0.6075, 0.3675, 0.4645, negative
I, 0.24, 0.18, 0.055, 0.0555, 0.0235, 0.013, 0.018, negative
I, 0.34, 0.26, 0.085, 0.1885, 0.0815, 0.0335, 0.06, negative
I, 0.365, 0.27, 0.085, 0.197, 0.0815, 0.0325, 0.065, negative
I, 0.39, 0.31, 0.105, 0.2665, 0.1185, 0.0525, 0.081, negative
I, 0.415, 0.31, 0.095, 0.311, 0.1125, 0.0625, 0.115, negative
I, 0.43, 0.34, 0.1, 0.3405, 0.1395, 0.0665, 0.12, negative
I, 0.485, 0.37, 0.115, 0.457, 0.1885, 0.0965, 0.15, negative
I, 0.495, 0.375, 0.14, 0.494, 0.181, 0.0975, 0.191, negative
I, 0.5, 0.38, 0.11, 0.5605, 0.28, 0.106, 0.15, negative
F, 0.51, 0.4, 0.12, 0.7005, 0.347, 0.1105, 0.195, negative
I, 0.515, 0.42, 0.15, 0.6725, 0.2555, 0.1335, 0.235, negative
I, 0.52, 0.415, 0.14, 0.6375, 0.308, 0.1335, 0.168, negative
I, 0.53, 0.43, 0.14, 0.677, 0.298, 0.0965, 0.23, negative
M, 0.555, 0.41, 0.125, 0.599, 0.2345, 0.1465, 0.194, negative
I, 0.555, 0.45, 0.175, 0.738, 0.304, 0.1755, 0.22, negative
M, 0.575, 0.445, 0.145, 0.876, 0.3795, 0.1615, 0.27, negative
I, 0.575, 0.45, 0.135, 0.8715, 0.45, 0.162, 0.225, negative
I, 0.575, 0.45, 0.135, 0.8245, 0.3375, 0.2115, 0.239, negative
F, 0.575, 0.43, 0.155, 0.7955, 0.3485, 0.1925, 0.22, negative
F, 0.58, 0.45, 0.195, 0.8265, 0.4035, 0.173, 0.225, negative
I, 0.58, 0.44, 0.145, 0.7905, 0.3525, 0.1645, 0.242, negative
M, 0.58, 0.44, 0.16, 0.8295, 0.3365, 0.2005, 0.2485, negative
F, 0.625, 0.52, 0.18, 1.354, 0.4845, 0.351, 0.375, negative
M, 0.635, 0.525, 0.16, 1.195, 0.5435, 0.246, 0.335, negative
M, 0.635, 0.515, 0.165, 1.229, 0.5055, 0.2975, 0.3535, negative
F, 0.64, 0.515, 0.165, 1.3115, 0.4945, 0.2555, 0.41, negative
I, 0.64, 0.49, 0.135, 1.1, 0.488, 0.2505, 0.2925, negative
F, 0.655, 0.515, 0.18, 1.412, 0.6195, 0.2485, 0.497, negative
M, 0.66, 0.51, 0.175, 1.218, 0.5055, 0.303, 0.37, negative
M, 0.685, 0.535, 0.155, 1.3845, 0.6615, 0.2145, 0.4075, negative
M, 0.7, 0.55, 0.195, 1.6245, 0.675, 0.347, 0.535, negative
F, 0.725, 0.57, 0.205, 1.6195, 0.744, 0.315, 0.488, negative
I, 0.36, 0.27, 0.085, 0.2185, 0.1065, 0.038, 0.062, negative
I, 0.405, 0.25, 0.09, 0.2875, 0.128, 0.063, 0.0805, negative
M, 0.45, 0.33, 0.105, 0.4955, 0.2575, 0.082, 0.129, negative
I, 0.46, 0.35, 0.11, 0.4675, 0.2125, 0.099, 0.1375, negative
M, 0.545, 0.44, 0.14, 0.8395, 0.356, 0.1905, 0.2385, negative
F, 0.6, 0.45, 0.14, 0.837, 0.37, 0.177, 0.2425, negative
F, 0.625, 0.515, 0.18, 1.3485, 0.5255, 0.252, 0.3925, negative
I, 0.285, 0.215, 0.07, 0.1075, 0.051, 0.0225, 0.027, negative
I, 0.32, 0.255, 0.085, 0.1745, 0.072, 0.033, 0.057, negative
I, 0.42, 0.315, 0.115, 0.355, 0.1895, 0.065, 0.087, negative
M, 0.46, 0.345, 0.12, 0.4935, 0.2435, 0.1175, 0.132, negative
M, 0.465, 0.36, 0.11, 0.4955, 0.2665, 0.085, 0.121, negative
M, 0.5, 0.39, 0.135, 0.7815, 0.361, 0.1575, 0.2385, negative
F, 0.5, 0.38, 0.14, 0.6355, 0.277, 0.143, 0.1785, negative
M, 0.55, 0.41, 0.13, 0.8705, 0.4455, 0.2115, 0.213, negative
M, 0.58, 0.45, 0.12, 0.8685, 0.418, 0.1475, 0.2605, negative
F, 0.585, 0.485, 0.15, 1.079, 0.4145, 0.2115, 0.356, negative
M, 0.65, 0.5, 0.14, 1.238, 0.6165, 0.2355, 0.32, negative
F, 0.705, 0.57, 0.185, 1.761, 0.747, 0.3725, 0.488, negative
M, 0.72, 0.585, 0.22, 1.914, 0.9155, 0.448, 0.479, negative
M, 0.53, 0.425, 0.13, 0.7455, 0.2995, 0.1355, 0.245, negative
F, 0.4, 0.31, 0.115, 0.3465, 0.1475, 0.0695, 0.115, negative
F, 0.675, 0.55, 0.18, 1.6885, 0.562, 0.3705, 0.6, negative
I, 0.455, 0.355, 0.08, 0.452, 0.2165, 0.0995, 0.125, negative
M, 0.525, 0.405, 0.13, 0.7185, 0.3265, 0.1975, 0.175, negative
I, 0.455, 0.37, 0.125, 0.433, 0.201, 0.1265, 0.145, negative
F, 0.5, 0.4, 0.125, 0.5765, 0.2395, 0.126, 0.185, negative
M, 0.585, 0.455, 0.14, 0.97, 0.462, 0.185, 0.295, negative
F, 0.44, 0.33, 0.115, 0.4005, 0.143, 0.113, 0.12, negative
F, 0.59, 0.455, 0.175, 0.966, 0.391, 0.2455, 0.31, negative
M, 0.68, 0.53, 0.205, 1.496, 0.5825, 0.337, 0.465, negative
F, 0.45, 0.36, 0.125, 0.5065, 0.222, 0.105, 0.16, negative
M, 0.465, 0.35, 0.12, 0.5205, 0.2015, 0.1625, 0.185, negative
F, 0.745, 0.585, 0.19, 1.966, 0.8435, 0.437, 0.5855, negative
F, 0.4, 0.3, 0.115, 0.3025, 0.1335, 0.0465, 0.0935, negative
I, 0.28, 0.2, 0.075, 0.1225, 0.0545, 0.0115, 0.035, negative
F, 0.64, 0.51, 0.2, 1.3905, 0.61, 0.3315, 0.41, negative
M, 0.69, 0.55, 0.2, 1.8465, 0.732, 0.472, 0.57, positive
I, 0.38, 0.28, 0.085, 0.2735, 0.115, 0.061, 0.085, negative
I, 0.215, 0.15, 0.03, 0.0385, 0.0115, 0.0050, 0.01, negative
M, 0.535, 0.42, 0.165, 0.9195, 0.3355, 0.1985, 0.26, negative
M, 0.495, 0.4, 0.155, 0.8085, 0.2345, 0.1155, 0.35, negative
F, 0.52, 0.4, 0.125, 0.6865, 0.295, 0.1715, 0.185, negative
M, 0.58, 0.47, 0.165, 0.927, 0.3215, 0.1985, 0.315, negative
I, 0.37, 0.28, 0.09, 0.233, 0.0905, 0.0545, 0.07, negative
M, 0.57, 0.405, 0.16, 0.9245, 0.3445, 0.2185, 0.295, positive
M, 0.615, 0.48, 0.19, 1.36, 0.5305, 0.2375, 0.47, negative
F, 0.43, 0.325, 0.12, 0.445, 0.165, 0.0995, 0.155, negative
F, 0.55, 0.425, 0.145, 0.797, 0.297, 0.15, 0.265, negative
M, 0.59, 0.475, 0.155, 0.857, 0.356, 0.174, 0.28, negative
F, 0.47, 0.365, 0.12, 0.543, 0.2295, 0.1495, 0.15, negative
F, 0.645, 0.5, 0.2, 1.4285, 0.639, 0.305, 0.36, negative
F, 0.72, 0.575, 0.215, 2.226, 0.8955, 0.405, 0.62, negative
F, 0.6, 0.475, 0.18, 1.1805, 0.4345, 0.2475, 0.425, positive
I, 0.485, 0.415, 0.14, 0.5705, 0.25, 0.134, 0.185, negative
F, 0.495, 0.385, 0.13, 0.6905, 0.3125, 0.179, 0.175, negative
I, 0.325, 0.27, 0.1, 0.185, 0.08, 0.0435, 0.065, negative
F, 0.38, 0.3, 0.09, 0.3215, 0.1545, 0.075, 0.095, negative
F, 0.58, 0.455, 0.12, 0.94, 0.399, 0.257, 0.265, negative
F, 0.55, 0.415, 0.135, 0.775, 0.302, 0.179, 0.26, negative
I, 0.315, 0.24, 0.07, 0.137, 0.0545, 0.0315, 0.04, negative
M, 0.595, 0.47, 0.145, 0.991, 0.4035, 0.1505, 0.34, negative
M, 0.515, 0.42, 0.14, 0.769, 0.2505, 0.154, 0.29, negative
I, 0.48, 0.39, 0.145, 0.5825, 0.2315, 0.121, 0.255, negative
F, 0.8, 0.63, 0.195, 2.526, 0.933, 0.59, 0.62, negative
F, 0.45, 0.36, 0.105, 0.4715, 0.2035, 0.0935, 0.149, negative
F, 0.515, 0.435, 0.17, 0.631, 0.2765, 0.111, 0.216, negative
I, 0.56, 0.44, 0.17, 0.9445, 0.3545, 0.2175, 0.3, negative
I, 0.435, 0.335, 0.11, 0.383, 0.1555, 0.0675, 0.135, negative
M, 0.34, 0.275, 0.09, 0.2065, 0.0725, 0.043, 0.07, negative
M, 0.175, 0.135, 0.04, 0.0305, 0.011, 0.0075, 0.01, negative
M, 0.155, 0.115, 0.025, 0.024, 0.0090, 0.0050, 0.0075, negative
F, 0.485, 0.365, 0.14, 0.6195, 0.2595, 0.1445, 0.177, negative
F, 0.455, 0.35, 0.125, 0.4485, 0.1585, 0.102, 0.1335, negative
M, 0.33, 0.25, 0.09, 0.197, 0.085, 0.041, 0.0605, negative
I, 0.61, 0.475, 0.17, 1.0385, 0.4435, 0.241, 0.32, negative
I, 0.445, 0.33, 0.1, 0.437, 0.163, 0.0755, 0.17, negative
I, 0.555, 0.455, 0.17, 0.8435, 0.309, 0.1905, 0.3, negative
I, 0.62, 0.485, 0.17, 1.208, 0.4805, 0.3045, 0.33, negative
F, 0.505, 0.375, 0.115, 0.5895, 0.2635, 0.12, 0.167, negative
I, 0.5, 0.395, 0.12, 0.537, 0.2165, 0.1085, 0.1785, negative
F, 0.505, 0.38, 0.145, 0.651, 0.2935, 0.19, 0.17, negative
I, 0.42, 0.305, 0.11, 0.28, 0.094, 0.0785, 0.0955, negative
M, 0.425, 0.315, 0.125, 0.3525, 0.1135, 0.0565, 0.13, negative
M, 0.26, 0.2, 0.065, 0.096, 0.044, 0.027, 0.03, negative
M, 0.34, 0.255, 0.095, 0.213, 0.081, 0.034, 0.07, negative
F, 0.66, 0.515, 0.18, 1.523, 0.54, 0.3365, 0.555, negative
M, 0.515, 0.4, 0.16, 0.8175, 0.2515, 0.156, 0.3, negative
I, 0.335, 0.24, 0.095, 0.17, 0.062, 0.039, 0.055, negative
F, 0.345, 0.255, 0.1, 0.197, 0.071, 0.051, 0.06, negative
M, 0.54, 0.415, 0.17, 0.879, 0.339, 0.208, 0.255, negative
M, 0.5, 0.355, 0.14, 0.528, 0.2125, 0.149, 0.14, negative
F, 0.35, 0.265, 0.09, 0.1855, 0.0745, 0.0415, 0.06, negative
M, 0.395, 0.305, 0.105, 0.282, 0.0975, 0.065, 0.096, negative
I, 0.235, 0.17, 0.065, 0.0625, 0.023, 0.014, 0.022, negative
I, 0.25, 0.185, 0.065, 0.071, 0.027, 0.0185, 0.0225, negative
M, 0.54, 0.415, 0.13, 0.8245, 0.272, 0.226, 0.24, negative
F, 0.63, 0.51, 0.185, 1.235, 0.5115, 0.349, 0.3065, negative
M, 0.5, 0.385, 0.145, 0.7615, 0.246, 0.195, 0.204, negative
F, 0.48, 0.39, 0.125, 0.6905, 0.219, 0.155, 0.2, negative
I, 0.42, 0.32, 0.1, 0.34, 0.1745, 0.05, 0.0945, negative
M, 0.465, 0.375, 0.11, 0.5, 0.21, 0.113, 0.1505, negative
I, 0.47, 0.37, 0.11, 0.5555, 0.25, 0.115, 0.163, negative
I, 0.475, 0.365, 0.12, 0.53, 0.2505, 0.0975, 0.1625, negative
M, 0.59, 0.455, 0.16, 1.09, 0.5, 0.2215, 0.292, negative
F, 0.6, 0.475, 0.135, 1.4405, 0.5885, 0.191, 0.3175, negative
F, 0.625, 0.49, 0.155, 1.33, 0.6675, 0.259, 0.33, negative
F, 0.73, 0.57, 0.165, 2.0165, 1.0685, 0.418, 0.435, negative
I, 0.205, 0.15, 0.065, 0.04, 0.02, 0.011, 0.013, negative
I, 0.225, 0.17, 0.07, 0.0565, 0.024, 0.013, 0.016, negative
I, 0.34, 0.265, 0.07, 0.185, 0.0625, 0.0395, 0.07, negative
I, 0.39, 0.295, 0.1, 0.279, 0.1155, 0.059, 0.08, negative
I, 0.405, 0.31, 0.065, 0.3205, 0.1575, 0.066, 0.088, negative
I, 0.44, 0.345, 0.115, 0.545, 0.269, 0.111, 0.1305, negative
I, 0.45, 0.35, 0.12, 0.468, 0.2005, 0.1065, 0.1325, negative
M, 0.525, 0.415, 0.135, 0.7945, 0.394, 0.189, 0.202, negative
F, 0.58, 0.445, 0.145, 0.888, 0.41, 0.1815, 0.2425, negative
M, 0.61, 0.48, 0.15, 1.1495, 0.564, 0.274, 0.264, negative
M, 0.615, 0.47, 0.155, 1.2, 0.5085, 0.32, 0.292, negative
F, 0.62, 0.51, 0.175, 1.2705, 0.5415, 0.323, 0.3225, negative
F, 0.62, 0.485, 0.175, 1.2155, 0.545, 0.253, 0.345, negative
F, 0.62, 0.475, 0.16, 1.3245, 0.6865, 0.233, 0.3275, negative
F, 0.625, 0.49, 0.165, 1.127, 0.477, 0.2365, 0.3185, negative
F, 0.63, 0.495, 0.145, 1.147, 0.5455, 0.266, 0.2885, negative
F, 0.635, 0.495, 0.18, 1.596, 0.617, 0.317, 0.37, negative
F, 0.695, 0.55, 0.155, 1.8495, 0.767, 0.442, 0.4175, negative
M, 0.695, 0.525, 0.175, 1.742, 0.696, 0.389, 0.505, negative
I, 0.33, 0.24, 0.075, 0.163, 0.0745, 0.033, 0.048, negative
I, 0.355, 0.285, 0.095, 0.2275, 0.0955, 0.0475, 0.0715, negative
I, 0.375, 0.29, 0.1, 0.219, 0.0925, 0.038, 0.075, negative
I, 0.43, 0.32, 0.1, 0.3465, 0.1635, 0.08, 0.09, negative
I, 0.44, 0.335, 0.115, 0.4215, 0.173, 0.0765, 0.113, negative
I, 0.46, 0.37, 0.12, 0.5335, 0.2645, 0.108, 0.1345, negative
I, 0.475, 0.375, 0.115, 0.5205, 0.233, 0.119, 0.1455, negative
F, 0.55, 0.44, 0.135, 0.8435, 0.434, 0.1995, 0.185, negative
I, 0.555, 0.425, 0.13, 0.648, 0.2835, 0.133, 0.2105, negative
F, 0.57, 0.43, 0.16, 0.811, 0.3875, 0.159, 0.2285, negative
M, 0.58, 0.455, 0.13, 0.852, 0.41, 0.1725, 0.225, negative
F, 0.605, 0.48, 0.15, 1.079, 0.4505, 0.2835, 0.293, negative
M, 0.62, 0.48, 0.15, 1.1015, 0.4965, 0.243, 0.305, negative
M, 0.625, 0.495, 0.185, 1.3835, 0.7105, 0.3005, 0.345, negative
F, 0.625, 0.49, 0.155, 1.115, 0.484, 0.277, 0.3095, negative
M, 0.63, 0.465, 0.15, 1.027, 0.537, 0.188, 0.176, negative
M, 0.645, 0.48, 0.15, 1.192, 0.6055, 0.2595, 0.285, negative
F, 0.65, 0.49, 0.155, 1.122, 0.545, 0.228, 0.3055, negative
M, 0.67, 0.5, 0.2, 1.269, 0.576, 0.2985, 0.351, negative
F, 0.675, 0.55, 0.19, 1.551, 0.7105, 0.3685, 0.412, negative
F, 0.74, 0.575, 0.22, 2.012, 0.8915, 0.5265, 0.471, negative
I, 0.34, 0.245, 0.085, 0.2015, 0.1005, 0.038, 0.053, negative
I, 0.385, 0.3, 0.125, 0.343, 0.1705, 0.0735, 0.081, negative
I, 0.455, 0.34, 0.115, 0.486, 0.261, 0.0655, 0.1315, negative
I, 0.475, 0.355, 0.115, 0.5195, 0.279, 0.088, 0.1325, negative
I, 0.485, 0.38, 0.125, 0.5215, 0.2215, 0.118, 0.16, negative
I, 0.515, 0.39, 0.11, 0.531, 0.2415, 0.098, 0.1615, negative
F, 0.555, 0.445, 0.175, 1.1465, 0.551, 0.244, 0.2785, negative
I, 0.56, 0.435, 0.135, 0.72, 0.329, 0.103, 0.251, negative
F, 0.57, 0.445, 0.155, 1.017, 0.5265, 0.2025, 0.265, negative
I, 0.585, 0.46, 0.145, 0.8465, 0.339, 0.167, 0.295, negative
M, 0.585, 0.465, 0.165, 0.885, 0.4025, 0.1625, 0.274, negative
M, 0.59, 0.475, 0.14, 0.977, 0.4625, 0.2025, 0.275, negative
M, 0.61, 0.48, 0.185, 1.3065, 0.6895, 0.2915, 0.29, negative
F, 0.62, 0.465, 0.14, 1.1605, 0.6005, 0.2195, 0.307, negative
M, 0.625, 0.49, 0.165, 1.205, 0.5175, 0.3105, 0.3465, negative
M, 0.63, 0.47, 0.15, 1.1355, 0.539, 0.2325, 0.3115, negative
M, 0.65, 0.52, 0.155, 1.368, 0.6185, 0.288, 0.365, negative
M, 0.65, 0.51, 0.175, 1.446, 0.6485, 0.2705, 0.45, negative
F, 0.675, 0.525, 0.17, 1.711, 0.8365, 0.352, 0.475, negative
F, 0.705, 0.54, 0.205, 1.757, 0.8265, 0.417, 0.461, negative
I, 0.32, 0.235, 0.09, 0.183, 0.098, 0.0335, 0.042, negative
I, 0.325, 0.24, 0.075, 0.1525, 0.072, 0.0645, 0.043, negative
I, 0.375, 0.265, 0.095, 0.196, 0.085, 0.042, 0.0585, negative
I, 0.375, 0.285, 0.09, 0.2545, 0.119, 0.0595, 0.0675, negative
I, 0.5, 0.375, 0.12, 0.529, 0.2235, 0.123, 0.16, negative
M, 0.595, 0.435, 0.16, 1.057, 0.4255, 0.224, 0.31, negative
M, 0.605, 0.475, 0.19, 1.1255, 0.59, 0.247, 0.26, negative
F, 0.465, 0.35, 0.11, 0.4085, 0.165, 0.102, 0.131, negative
I, 0.47, 0.385, 0.13, 0.587, 0.264, 0.117, 0.174, negative
I, 0.475, 0.375, 0.11, 0.494, 0.211, 0.109, 0.1545, negative
I, 0.505, 0.425, 0.125, 0.6115, 0.245, 0.1375, 0.2, negative
I, 0.545, 0.43, 0.13, 0.7595, 0.358, 0.153, 0.2055, negative
I, 0.56, 0.435, 0.13, 0.777, 0.354, 0.173, 0.222, negative
F, 0.575, 0.425, 0.15, 0.8765, 0.455, 0.18, 0.228, negative
M, 0.575, 0.45, 0.165, 0.9655, 0.498, 0.19, 0.23, negative
M, 0.58, 0.465, 0.15, 0.9065, 0.371, 0.1965, 0.29, negative
F, 0.58, 0.44, 0.125, 0.7855, 0.363, 0.1955, 0.195, negative
M, 0.595, 0.46, 0.17, 1.1295, 0.57, 0.2555, 0.265, negative
M, 0.605, 0.49, 0.18, 1.167, 0.457, 0.29, 0.3745, negative
F, 0.62, 0.475, 0.15, 0.9545, 0.455, 0.1865, 0.277, negative
M, 0.625, 0.495, 0.175, 1.2075, 0.531, 0.281, 0.3525, negative
F, 0.63, 0.485, 0.185, 1.167, 0.548, 0.2485, 0.34, negative
M, 0.635, 0.485, 0.18, 1.1795, 0.4785, 0.2775, 0.355, negative
F, 0.635, 0.5, 0.19, 1.29, 0.593, 0.3045, 0.352, negative
M, 0.64, 0.505, 0.18, 1.297, 0.59, 0.3125, 0.363, negative
F, 0.645, 0.52, 0.17, 1.197, 0.526, 0.2925, 0.317, negative
M, 0.67, 0.525, 0.195, 1.4405, 0.6595, 0.2675, 0.425, negative
M, 0.685, 0.505, 0.19, 1.533, 0.667, 0.4055, 0.41, negative
M, 0.745, 0.575, 0.2, 1.884, 0.954, 0.336, 0.495, negative
M, 0.485, 0.365, 0.155, 1.029, 0.4235, 0.2285, 0.313, negative
F, 0.535, 0.4, 0.15, 1.224, 0.618, 0.275, 0.2875, negative
I, 0.595, 0.43, 0.165, 0.9845, 0.4525, 0.207, 0.2725, negative
F, 0.635, 0.525, 0.18, 1.3695, 0.634, 0.318, 0.363, negative
M, 0.645, 0.505, 0.185, 1.463, 0.592, 0.3905, 0.416, negative
F, 0.655, 0.505, 0.175, 1.2905, 0.6205, 0.2965, 0.326, negative
M, 0.68, 0.54, 0.21, 1.7885, 0.8345, 0.408, 0.437, negative
I, 0.255, 0.185, 0.065, 0.074, 0.0305, 0.0165, 0.02, negative
I, 0.39, 0.28, 0.09, 0.215, 0.0845, 0.034, 0.079, negative
I, 0.42, 0.32, 0.11, 0.309, 0.115, 0.0645, 0.0945, negative
I, 0.44, 0.32, 0.105, 0.3875, 0.1755, 0.074, 0.12, negative
I, 0.45, 0.33, 0.115, 0.365, 0.14, 0.0825, 0.1245, negative
I, 0.47, 0.375, 0.125, 0.5225, 0.2265, 0.104, 0.162, negative
M, 0.535, 0.41, 0.12, 0.6835, 0.3125, 0.1655, 0.159, negative
I, 0.55, 0.445, 0.145, 0.783, 0.3045, 0.157, 0.265, negative
M, 0.575, 0.445, 0.14, 0.737, 0.325, 0.1405, 0.237, negative
F, 0.58, 0.435, 0.155, 0.8785, 0.425, 0.1685, 0.2425, negative
I, 0.59, 0.47, 0.145, 0.974, 0.453, 0.236, 0.289, negative
M, 0.595, 0.47, 0.175, 0.991, 0.382, 0.2395, 0.5, negative
F, 0.6, 0.45, 0.14, 0.869, 0.3425, 0.195, 0.291, negative
F, 0.635, 0.505, 0.165, 1.251, 0.577, 0.227, 0.3825, negative
M, 0.65, 0.51, 0.175, 1.3165, 0.6345, 0.2605, 0.364, negative
F, 0.655, 0.49, 0.16, 1.204, 0.5455, 0.2615, 0.3225, negative
M, 0.665, 0.525, 0.155, 1.3575, 0.5325, 0.3045, 0.4485, negative
F, 0.73, 0.55, 0.205, 1.908, 0.5415, 0.3565, 0.5965, negative
I, 0.425, 0.32, 0.085, 0.262, 0.1235, 0.067, 0.0725, negative
M, 0.455, 0.35, 0.11, 0.458, 0.2, 0.111, 0.1305, negative
M, 0.46, 0.355, 0.14, 0.491, 0.207, 0.115, 0.174, negative
F, 0.55, 0.43, 0.15, 0.655, 0.2635, 0.122, 0.221, negative
M, 0.595, 0.455, 0.145, 0.942, 0.43, 0.182, 0.277, negative
M, 0.645, 0.5, 0.18, 1.461, 0.5985, 0.2425, 0.439, negative
I, 0.375, 0.285, 0.08, 0.226, 0.0975, 0.04, 0.0725, negative
I, 0.41, 0.325, 0.105, 0.361, 0.1605, 0.0665, 0.103, negative
M, 0.465, 0.405, 0.135, 0.7775, 0.436, 0.1715, 0.1455, negative
F, 0.47, 0.36, 0.1, 0.4705, 0.1635, 0.089, 0.1385, negative
F, 0.525, 0.4, 0.135, 0.714, 0.318, 0.138, 0.208, negative
F, 0.62, 0.485, 0.155, 1.1945, 0.5105, 0.271, 0.352, negative
F, 0.625, 0.48, 0.2, 1.3235, 0.6075, 0.3055, 0.355, negative
M, 0.55, 0.42, 0.17, 0.8465, 0.336, 0.2405, 0.245, negative
F, 0.645, 0.5, 0.18, 1.2785, 0.5345, 0.2995, 0.345, negative
F, 0.47, 0.375, 0.105, 0.513, 0.232, 0.142, 0.13, negative
M, 0.425, 0.335, 0.1, 0.4085, 0.1755, 0.092, 0.135, negative
F, 0.34, 0.255, 0.085, 0.204, 0.097, 0.021, 0.05, negative
I, 0.275, 0.2, 0.065, 0.1165, 0.0565, 0.013, 0.035, negative
F, 0.55, 0.44, 0.125, 0.765, 0.33, 0.2125, 0.245, negative
F, 0.57, 0.465, 0.155, 0.872, 0.3245, 0.239, 0.285, negative
M, 0.525, 0.405, 0.16, 0.792, 0.316, 0.1455, 0.28, negative
F, 0.505, 0.405, 0.18, 0.606, 0.239, 0.1235, 0.18, negative
F, 0.505, 0.41, 0.135, 0.657, 0.291, 0.133, 0.195, negative
I, 0.2, 0.145, 0.025, 0.0345, 0.011, 0.0075, 0.01, negative
M, 0.565, 0.435, 0.185, 1.032, 0.354, 0.2045, 0.31, negative
F, 0.505, 0.405, 0.16, 0.6835, 0.271, 0.145, 0.215, negative
I, 0.32, 0.25, 0.08, 0.1565, 0.057, 0.034, 0.06, negative
M, 0.565, 0.45, 0.14, 1.0055, 0.3785, 0.244, 0.265, negative
F, 0.555, 0.42, 0.14, 0.868, 0.33, 0.243, 0.21, negative
F, 0.64, 0.505, 0.19, 1.2355, 0.4435, 0.3105, 0.365, negative
M, 0.64, 0.525, 0.2, 1.3765, 0.44, 0.3075, 0.47, negative
M, 0.57, 0.455, 0.15, 0.96, 0.387, 0.2385, 0.275, negative
M, 0.41, 0.325, 0.12, 0.3745, 0.158, 0.081, 0.125, negative
M, 0.485, 0.41, 0.15, 0.696, 0.2405, 0.1625, 0.265, negative
M, 0.635, 0.51, 0.155, 1.156, 0.428, 0.289, 0.315, negative
F, 0.69, 0.54, 0.185, 1.5715, 0.6935, 0.318, 0.47, negative
F, 0.655, 0.51, 0.16, 1.092, 0.396, 0.2825, 0.37, negative
M, 0.55, 0.435, 0.16, 0.906, 0.342, 0.219, 0.295, negative
I, 0.43, 0.35, 0.105, 0.366, 0.1705, 0.0855, 0.11, negative
F, 0.435, 0.35, 0.105, 0.4195, 0.194, 0.1005, 0.13, negative
F, 0.575, 0.48, 0.15, 0.8745, 0.375, 0.193, 0.29, negative
M, 0.505, 0.385, 0.11, 0.655, 0.3185, 0.15, 0.185, negative
F, 0.56, 0.435, 0.125, 0.8775, 0.3345, 0.2145, 0.29, negative
F, 0.4, 0.335, 0.115, 0.4335, 0.2105, 0.1205, 0.12, negative
M, 0.46, 0.355, 0.11, 0.415, 0.215, 0.082, 0.13, negative
F, 0.465, 0.39, 0.14, 0.5555, 0.213, 0.1075, 0.215, negative
F, 0.58, 0.475, 0.165, 1.0385, 0.414, 0.26, 0.305, negative
M, 0.575, 0.455, 0.185, 1.156, 0.5525, 0.243, 0.295, negative
F, 0.605, 0.485, 0.165, 1.0735, 0.437, 0.205, 0.33, negative
M, 0.605, 0.485, 0.175, 1.145, 0.4325, 0.27, 0.405, negative
F, 0.66, 0.525, 0.19, 1.67, 0.6525, 0.4875, 0.49, negative
I, 0.6, 0.445, 0.175, 1.057, 0.383, 0.216, 0.355, negative
I, 0.41, 0.3, 0.115, 0.2595, 0.097, 0.0515, 0.08, negative
I, 0.485, 0.355, 0.12, 0.5085, 0.21, 0.122, 0.135, negative
F, 0.62, 0.485, 0.165, 1.166, 0.483, 0.238, 0.355, negative
F, 0.505, 0.41, 0.15, 0.6345, 0.243, 0.1335, 0.215, negative
M, 0.165, 0.125, 0.04, 0.0245, 0.0095, 0.0045, 0.0080, negative
F, 0.395, 0.3, 0.105, 0.3375, 0.1435, 0.0755, 0.098, negative
I, 0.575, 0.475, 0.17, 0.967, 0.3775, 0.284, 0.275, negative
F, 0.385, 0.305, 0.125, 0.314, 0.146, 0.0555, 0.08, negative
F, 0.51, 0.34, 0.18, 0.7005, 0.312, 0.165, 0.2, negative
F, 0.685, 0.525, 0.175, 1.71, 0.5415, 0.309, 0.58, negative
F, 0.455, 0.365, 0.11, 0.385, 0.166, 0.046, 0.1345, negative
I, 0.495, 0.38, 0.145, 0.515, 0.175, 0.098, 0.212, negative
F, 0.48, 0.38, 0.145, 0.59, 0.232, 0.141, 0.23, negative
M, 0.415, 0.32, 0.1, 0.3005, 0.1215, 0.0575, 0.104, negative
I, 0.49, 0.385, 0.115, 0.683, 0.3265, 0.1615, 0.165, negative
M, 0.285, 0.215, 0.075, 0.106, 0.0415, 0.023, 0.035, negative
M, 0.41, 0.3, 0.1, 0.301, 0.124, 0.069, 0.09, negative
M, 0.455, 0.345, 0.125, 0.44, 0.169, 0.1065, 0.135, negative
I, 0.295, 0.21, 0.08, 0.1, 0.038, 0.026, 0.031, negative
M, 0.545, 0.435, 0.165, 0.9955, 0.3245, 0.2665, 0.325, positive
M, 0.5, 0.375, 0.13, 0.721, 0.3055, 0.1725, 0.22, negative
M, 0.545, 0.41, 0.145, 0.873, 0.3035, 0.196, 0.31, negative
M, 0.74, 0.535, 0.185, 1.65, 0.734, 0.4505, 0.335, negative
M, 0.565, 0.465, 0.15, 1.1285, 0.377, 0.3525, 0.33, negative
F, 0.46, 0.35, 0.115, 0.44, 0.19, 0.1025, 0.13, negative
M, 0.53, 0.43, 0.135, 0.879, 0.28, 0.2165, 0.25, negative
I, 0.34, 0.25, 0.075, 0.1765, 0.0785, 0.0405, 0.05, negative
I, 0.35, 0.28, 0.075, 0.196, 0.082, 0.04, 0.064, negative
I, 0.35, 0.265, 0.08, 0.192, 0.081, 0.0465, 0.053, negative
F, 0.49, 0.37, 0.105, 0.5265, 0.249, 0.1005, 0.148, negative
M, 0.56, 0.45, 0.14, 0.9, 0.472, 0.182, 0.218, negative
F, 0.63, 0.475, 0.15, 1.172, 0.536, 0.254, 0.316, negative
M, 0.64, 0.51, 0.17, 1.3715, 0.567, 0.307, 0.409, negative
M, 0.71, 0.55, 0.2, 1.9045, 0.882, 0.44, 0.5, negative
I, 0.365, 0.27, 0.105, 0.2155, 0.0915, 0.0475, 0.063, negative
M, 0.52, 0.39, 0.12, 0.6435, 0.2885, 0.157, 0.161, negative
F, 0.555, 0.42, 0.11, 0.931, 0.4445, 0.171, 0.225, negative
F, 0.575, 0.46, 0.165, 1.065, 0.4985, 0.2145, 0.2815, negative
M, 0.6, 0.475, 0.155, 1.1385, 0.502, 0.2295, 0.31, negative
F, 0.61, 0.47, 0.16, 1.0745, 0.4925, 0.236, 0.29, negative
M, 0.62, 0.485, 0.165, 1.1325, 0.5235, 0.2505, 0.2825, negative
F, 0.625, 0.47, 0.17, 1.255, 0.525, 0.2415, 0.405, negative
M, 0.64, 0.5, 0.17, 1.4545, 0.642, 0.3575, 0.354, negative
F, 0.665, 0.52, 0.165, 1.6885, 0.7295, 0.407, 0.4265, negative
I, 0.47, 0.355, 0.115, 0.4155, 0.167, 0.084, 0.139, negative
I, 0.52, 0.38, 0.13, 0.5345, 0.2375, 0.122, 0.1535, negative
M, 0.59, 0.46, 0.145, 0.929, 0.38, 0.24, 0.255, negative
F, 0.595, 0.47, 0.165, 1.0155, 0.491, 0.1905, 0.289, negative
M, 0.6, 0.41, 0.145, 0.939, 0.4475, 0.196, 0.268, negative
M, 0.61, 0.47, 0.175, 1.214, 0.5315, 0.2835, 0.325, negative
M, 0.655, 0.52, 0.18, 1.492, 0.7185, 0.36, 0.355, negative
F, 0.72, 0.545, 0.185, 1.7185, 0.7925, 0.401, 0.468, negative
I, 0.335, 0.26, 0.085, 0.192, 0.097, 0.03, 0.054, negative
I, 0.36, 0.265, 0.075, 0.1785, 0.0785, 0.035, 0.054, negative
I, 0.425, 0.325, 0.11, 0.405, 0.1695, 0.092, 0.1065, negative
I, 0.45, 0.35, 0.11, 0.514, 0.253, 0.1045, 0.14, negative
I, 0.475, 0.35, 0.115, 0.498, 0.2375, 0.099, 0.14, negative
I, 0.515, 0.4, 0.135, 0.636, 0.3055, 0.1215, 0.1855, negative
I, 0.525, 0.39, 0.105, 0.567, 0.2875, 0.1075, 0.16, negative
F, 0.6, 0.475, 0.17, 1.088, 0.4905, 0.2475, 0.31, negative
F, 0.6, 0.485, 0.145, 0.776, 0.3545, 0.1585, 0.239, negative
I, 0.455, 0.37, 0.11, 0.514, 0.2385, 0.1235, 0.126, negative
F, 0.51, 0.375, 0.11, 0.5805, 0.2865, 0.118, 0.148, negative
M, 0.58, 0.45, 0.16, 0.8675, 0.3935, 0.221, 0.215, negative
M, 0.6, 0.46, 0.18, 1.14, 0.423, 0.2575, 0.365, negative
M, 0.62, 0.46, 0.16, 0.9505, 0.4915, 0.2, 0.228, negative
M, 0.66, 0.53, 0.175, 1.583, 0.7395, 0.3505, 0.405, negative
F, 0.67, 0.525, 0.195, 1.42, 0.573, 0.368, 0.3905, negative
I, 0.295, 0.22, 0.085, 0.1285, 0.0585, 0.027, 0.0365, negative
I, 0.36, 0.265, 0.085, 0.1895, 0.0725, 0.0515, 0.055, negative
I, 0.52, 0.415, 0.14, 0.6385, 0.2945, 0.1405, 0.171, negative
I, 0.53, 0.395, 0.125, 0.6235, 0.2975, 0.108, 0.195, negative
M, 0.535, 0.405, 0.14, 0.7315, 0.336, 0.156, 0.19, negative
M, 0.545, 0.41, 0.14, 0.737, 0.349, 0.15, 0.212, negative
F, 0.595, 0.46, 0.155, 1.0455, 0.4565, 0.24, 0.3085, negative
F, 0.6, 0.5, 0.16, 1.122, 0.5095, 0.256, 0.309, negative
M, 0.62, 0.48, 0.165, 1.0855, 0.481, 0.2575, 0.305, negative
F, 0.625, 0.485, 0.135, 1.3025, 0.61, 0.2675, 0.3605, negative
M, 0.64, 0.5, 0.175, 1.273, 0.5065, 0.2925, 0.405, negative
M, 0.66, 0.51, 0.18, 1.261, 0.5, 0.2335, 0.339, negative
F, 0.725, 0.56, 0.185, 1.792, 0.873, 0.367, 0.435, negative
I, 0.235, 0.13, 0.075, 0.1585, 0.0685, 0.037, 0.0465, negative
F, 0.485, 0.365, 0.15, 0.9145, 0.4145, 0.199, 0.273, negative
F, 0.55, 0.415, 0.18, 1.1655, 0.502, 0.301, 0.311, negative
F, 0.575, 0.42, 0.19, 1.764, 0.914, 0.377, 0.4095, negative
F, 0.65, 0.5, 0.17, 1.4045, 0.694, 0.318, 0.3235, negative
F, 0.67, 0.525, 0.195, 1.37, 0.6065, 0.2955, 0.407, negative
I, 0.36, 0.265, 0.085, 0.1865, 0.0675, 0.037, 0.0615, negative
I, 0.435, 0.375, 0.11, 0.4155, 0.17, 0.076, 0.145, negative
I, 0.45, 0.335, 0.115, 0.3935, 0.195, 0.071, 0.11, negative
I, 0.51, 0.395, 0.105, 0.5525, 0.234, 0.127, 0.165, negative
I, 0.535, 0.4, 0.145, 0.705, 0.3065, 0.1365, 0.22, negative
M, 0.555, 0.46, 0.16, 0.86, 0.3345, 0.1935, 0.275, negative
M, 0.615, 0.48, 0.185, 1.2205, 0.4985, 0.315, 0.33, negative
F, 0.65, 0.495, 0.175, 1.227, 0.528, 0.258, 0.37, negative
F, 0.655, 0.52, 0.175, 1.472, 0.6275, 0.27, 0.45, negative
M, 0.67, 0.52, 0.175, 1.4755, 0.6275, 0.379, 0.374, negative
M, 0.675, 0.54, 0.175, 1.5545, 0.6645, 0.278, 0.512, negative
F, 0.695, 0.535, 0.175, 1.361, 0.5465, 0.2815, 0.465, negative
M, 0.425, 0.305, 0.11, 0.359, 0.173, 0.0875, 0.0975, negative
F, 0.52, 0.375, 0.135, 0.5375, 0.221, 0.117, 0.17, negative
F, 0.61, 0.49, 0.17, 1.137, 0.4605, 0.2825, 0.344, negative
M, 0.62, 0.46, 0.17, 1.127, 0.535, 0.2635, 0.296, negative
M, 0.625, 0.47, 0.17, 1.1665, 0.4605, 0.2565, 0.3945, negative
F, 0.68, 0.52, 0.185, 1.541, 0.5985, 0.395, 0.4575, negative
M, 0.535, 0.41, 0.15, 0.8105, 0.345, 0.187, 0.24, negative
I, 0.17, 0.105, 0.035, 0.034, 0.012, 0.0085, 0.0050, negative
F, 0.53, 0.41, 0.145, 0.8255, 0.375, 0.204, 0.245, negative
M, 0.56, 0.44, 0.13, 0.8255, 0.2425, 0.202, 0.285, negative
F, 0.63, 0.475, 0.175, 1.423, 0.4155, 0.3385, 0.49, negative
M, 0.45, 0.355, 0.115, 0.478, 0.18, 0.1185, 0.155, negative
I, 0.29, 0.225, 0.075, 0.152, 0.071, 0.059, 0.045, negative
M, 0.445, 0.345, 0.14, 0.476, 0.2055, 0.1015, 0.1085, negative
I, 0.355, 0.27, 0.1, 0.216, 0.083, 0.037, 0.075, negative
M, 0.295, 0.23, 0.085, 0.125, 0.042, 0.0285, 0.043, negative
I, 0.725, 0.55, 0.22, 2.0495, 0.7735, 0.4405, 0.655, negative
I, 0.235, 0.175, 0.08, 0.0645, 0.0215, 0.0175, 0.0215, negative
M, 0.53, 0.425, 0.11, 0.739, 0.237, 0.161, 0.295, negative
F, 0.35, 0.275, 0.065, 0.205, 0.0745, 0.0465, 0.07, negative
M, 0.555, 0.42, 0.145, 0.8695, 0.3075, 0.2575, 0.25, negative
M, 0.55, 0.45, 0.175, 1.0985, 0.3765, 0.215, 0.4, negative
M, 0.55, 0.44, 0.16, 0.991, 0.348, 0.168, 0.375, negative
I, 0.465, 0.355, 0.12, 0.5805, 0.255, 0.0915, 0.184, negative
M, 0.485, 0.385, 0.105, 0.556, 0.296, 0.104, 0.133, negative
I, 0.295, 0.22, 0.07, 0.1365, 0.0575, 0.0295, 0.035, negative
I, 0.295, 0.22, 0.065, 0.1295, 0.052, 0.028, 0.035, negative
I, 0.38, 0.3, 0.09, 0.277, 0.1655, 0.0625, 0.082, negative
I, 0.385, 0.285, 0.09, 0.248, 0.0935, 0.066, 0.07, negative
I, 0.4, 0.295, 0.095, 0.252, 0.1105, 0.0575, 0.066, negative
I, 0.42, 0.32, 0.115, 0.409, 0.2055, 0.0935, 0.105, negative
I, 0.44, 0.33, 0.135, 0.4095, 0.163, 0.1005, 0.119, negative
I, 0.45, 0.35, 0.135, 0.494, 0.2205, 0.0945, 0.1405, negative
M, 0.485, 0.39, 0.12, 0.599, 0.251, 0.1345, 0.169, negative
M, 0.6, 0.465, 0.155, 1.262, 0.6245, 0.2455, 0.33, negative
M, 0.63, 0.48, 0.185, 1.21, 0.53, 0.2555, 0.322, negative
I, 0.185, 0.135, 0.045, 0.032, 0.011, 0.0065, 0.01, negative
I, 0.315, 0.23, 0.0, 0.134, 0.0575, 0.0285, 0.3505, negative
I, 0.375, 0.28, 0.08, 0.2235, 0.115, 0.043, 0.055, negative
M, 0.61, 0.475, 0.15, 1.142, 0.62, 0.237, 0.245, negative
M, 0.635, 0.48, 0.145, 1.181, 0.665, 0.229, 0.225, negative
M, 0.66, 0.515, 0.155, 1.4415, 0.7055, 0.3555, 0.335, negative
I, 0.42, 0.31, 0.1, 0.2805, 0.1125, 0.0615, 0.0925, negative
I, 0.435, 0.335, 0.11, 0.334, 0.1355, 0.0775, 0.0965, negative
I, 0.495, 0.385, 0.125, 0.5125, 0.2075, 0.1155, 0.172, negative
I, 0.54, 0.42, 0.14, 0.74, 0.3595, 0.159, 0.1985, negative
I, 0.54, 0.415, 0.155, 0.702, 0.322, 0.167, 0.19, negative
I, 0.55, 0.445, 0.125, 0.672, 0.288, 0.1365, 0.21, negative
I, 0.575, 0.45, 0.15, 0.858, 0.449, 0.166, 0.215, negative
M, 0.62, 0.485, 0.145, 1.003, 0.4655, 0.2195, 0.28, negative
F, 0.625, 0.485, 0.165, 1.2255, 0.5075, 0.296, 0.36, negative
M, 0.62, 0.465, 0.145, 0.911, 0.375, 0.2145, 0.278, negative
M, 0.63, 0.49, 0.15, 1.1955, 0.5845, 0.257, 0.3, negative
M, 0.55, 0.43, 0.18, 0.8265, 0.4405, 0.159, 0.225, negative
M, 0.63, 0.485, 0.18, 1.2435, 0.5175, 0.308, 0.37, negative
F, 0.64, 0.505, 0.175, 1.3185, 0.6185, 0.302, 0.3315, negative
M, 0.65, 0.525, 0.185, 1.3455, 0.586, 0.278, 0.3865, negative
I, 0.455, 0.35, 0.13, 0.4725, 0.215, 0.0745, 0.15, negative
M, 0.585, 0.45, 0.15, 0.997, 0.4055, 0.283, 0.251, negative
F, 0.615, 0.495, 0.155, 1.0805, 0.52, 0.19, 0.32, negative
M, 0.63, 0.49, 0.155, 1.229, 0.535, 0.29, 0.335, negative
F, 0.655, 0.5, 0.22, 1.359, 0.642, 0.3255, 0.405, negative
M, 0.67, 0.535, 0.19, 1.669, 0.7465, 0.2935, 0.508, negative
M, 0.67, 0.525, 0.2, 1.7405, 0.6205, 0.297, 0.657, negative
I, 0.33, 0.23, 0.08, 0.14, 0.0565, 0.0365, 0.046, negative
I, 0.37, 0.28, 0.09, 0.218, 0.0995, 0.0545, 0.0615, negative
I, 0.435, 0.33, 0.095, 0.393, 0.219, 0.075, 0.0885, negative
F, 0.56, 0.44, 0.135, 0.8025, 0.35, 0.1615, 0.259, negative
M, 0.6, 0.475, 0.205, 1.176, 0.5255, 0.2875, 0.308, negative
