@relation abalone19
@attribute Sex {M, F, I}
@attribute Length real [0.075, 0.815]
@attribute Diameter real [0.055, 0.65]
@attribute Height real [0.0, 1.13]
@attribute Whole_weight real [0.0020, 2.8255]
@attribute Shucked_weight real [0.0010, 1.488]
@attribute Viscera_weight real [5.0E-4, 0.76]
@attribute Shell_weight real [0.0015, 1.005]
@attribute Class {positive, negative}
@inputs Sex, Length, Diameter, Height, Whole_weight, Shucked_weight, Viscera_weight, Shell_weight
@outputs Class
@data
F, 0.545, 0.425, 0.125, 0.768, 0.294, 0.1495, 0.26, negative
F, 0.55, 0.44, 0.15, 0.8945, 0.3145, 0.151, 0.32, positive
F, 0.525, 0.38, 0.14, 0.6065, 0.194, 0.1475, 0.21, negative
M, 0.49, 0.38, 0.135, 0.5415, 0.2175, 0.095, 0.19, negative
M, 0.5, 0.4, 0.13, 0.6645, 0.258, 0.133, 0.24, negative
F, 0.44, 0.34, 0.1, 0.451, 0.188, 0.087, 0.13, negative
M, 0.365, 0.295, 0.08, 0.2555, 0.097, 0.043, 0.1, negative
M, 0.45, 0.32, 0.1, 0.381, 0.1705, 0.075, 0.115, negative
F, 0.565, 0.44, 0.155, 0.9395, 0.4275, 0.214, 0.27, negative
F, 0.55, 0.415, 0.135, 0.7635, 0.318, 0.21, 0.2, negative
F, 0.68, 0.56, 0.165, 1.639, 0.6055, 0.2805, 0.46, negative
F, 0.705, 0.55, 0.2, 1.7095, 0.633, 0.4115, 0.49, negative
F, 0.45, 0.355, 0.105, 0.5225, 0.237, 0.1165, 0.145, negative
I, 0.24, 0.175, 0.045, 0.07, 0.0315, 0.0235, 0.02, negative
M, 0.4, 0.32, 0.095, 0.303, 0.1335, 0.06, 0.1, negative
M, 0.485, 0.36, 0.13, 0.5415, 0.2595, 0.096, 0.16, negative
M, 0.425, 0.325, 0.095, 0.3785, 0.1705, 0.08, 0.1, negative
F, 0.565, 0.44, 0.16, 0.915, 0.354, 0.1935, 0.32, negative
F, 0.595, 0.495, 0.185, 1.285, 0.416, 0.224, 0.485, negative
I, 0.31, 0.235, 0.07, 0.151, 0.063, 0.0405, 0.045, negative
F, 0.6, 0.475, 0.15, 1.0075, 0.4425, 0.221, 0.28, negative
F, 0.575, 0.445, 0.14, 0.941, 0.3845, 0.252, 0.285, negative
M, 0.595, 0.475, 0.16, 1.3175, 0.408, 0.234, 0.58, negative
M, 0.625, 0.465, 0.14, 1.195, 0.4825, 0.205, 0.4, negative
M, 0.56, 0.44, 0.16, 0.8645, 0.3305, 0.2075, 0.26, negative
M, 0.555, 0.44, 0.15, 0.755, 0.307, 0.1525, 0.26, negative
I, 0.36, 0.265, 0.095, 0.2315, 0.105, 0.046, 0.075, negative
M, 0.53, 0.435, 0.16, 0.883, 0.316, 0.164, 0.335, negative
F, 0.5, 0.4, 0.125, 0.6675, 0.261, 0.1315, 0.22, negative
F, 0.435, 0.395, 0.105, 0.3635, 0.136, 0.098, 0.13, negative
M, 0.37, 0.265, 0.075, 0.214, 0.09, 0.051, 0.07, negative
M, 0.375, 0.285, 0.095, 0.253, 0.096, 0.0575, 0.0925, negative
F, 0.565, 0.445, 0.155, 0.826, 0.341, 0.2055, 0.2475, negative
M, 0.65, 0.52, 0.19, 1.3445, 0.519, 0.306, 0.4465, negative
I, 0.28, 0.205, 0.08, 0.127, 0.052, 0.039, 0.042, negative
F, 0.605, 0.485, 0.16, 1.0565, 0.37, 0.2355, 0.355, negative
F, 0.58, 0.455, 0.17, 0.9075, 0.374, 0.2135, 0.285, negative
M, 0.61, 0.485, 0.175, 1.2445, 0.544, 0.297, 0.345, negative
M, 0.525, 0.435, 0.155, 1.065, 0.486, 0.233, 0.285, negative
M, 0.58, 0.475, 0.15, 0.97, 0.385, 0.2165, 0.35, negative
M, 0.64, 0.51, 0.175, 1.368, 0.515, 0.266, 0.57, negative
F, 0.62, 0.475, 0.175, 1.0165, 0.4355, 0.214, 0.325, negative
M, 0.58, 0.45, 0.15, 0.927, 0.276, 0.1815, 0.36, negative
F, 0.45, 0.345, 0.12, 0.4165, 0.1655, 0.095, 0.135, negative
F, 0.53, 0.435, 0.17, 0.8155, 0.2985, 0.155, 0.275, negative
I, 0.405, 0.3, 0.12, 0.324, 0.1265, 0.07, 0.11, negative
F, 0.415, 0.305, 0.13, 0.32, 0.1305, 0.0755, 0.105, negative
M, 0.555, 0.445, 0.135, 0.836, 0.336, 0.1625, 0.275, negative
I, 0.44, 0.35, 0.135, 0.435, 0.1815, 0.083, 0.125, negative
I, 0.295, 0.225, 0.08, 0.124, 0.0485, 0.032, 0.04, negative
I, 0.11, 0.09, 0.03, 0.0080, 0.0025, 0.0020, 0.0030, negative
I, 0.35, 0.26, 0.085, 0.174, 0.0705, 0.0345, 0.06, negative
F, 0.54, 0.475, 0.155, 0.928, 0.394, 0.194, 0.26, negative
F, 0.64, 0.525, 0.215, 1.779, 0.4535, 0.2855, 0.55, negative
M, 0.515, 0.38, 0.175, 0.9565, 0.325, 0.158, 0.31, negative
F, 0.565, 0.455, 0.175, 1.013, 0.342, 0.207, 0.35, positive
F, 0.47, 0.36, 0.13, 0.472, 0.182, 0.114, 0.15, negative
I, 0.165, 0.12, 0.03, 0.0215, 0.0070, 0.0050, 0.0050, negative
F, 0.635, 0.535, 0.19, 1.242, 0.576, 0.2475, 0.39, negative
I, 0.33, 0.255, 0.095, 0.172, 0.066, 0.0255, 0.06, negative
I, 0.355, 0.275, 0.09, 0.251, 0.097, 0.053, 0.08, negative
F, 0.4, 0.325, 0.12, 0.3185, 0.134, 0.0565, 0.095, negative
I, 0.235, 0.175, 0.04, 0.0705, 0.0335, 0.015, 0.02, negative
F, 0.74, 0.6, 0.195, 1.974, 0.598, 0.4085, 0.71, negative
M, 0.6, 0.475, 0.19, 1.0875, 0.403, 0.2655, 0.325, negative
F, 0.62, 0.51, 0.205, 1.3475, 0.4775, 0.2565, 0.48, negative
I, 0.375, 0.305, 0.115, 0.2715, 0.092, 0.074, 0.09, negative
M, 0.605, 0.49, 0.18, 1.227, 0.48, 0.287, 0.35, negative
F, 0.65, 0.525, 0.175, 1.4225, 0.61, 0.2995, 0.445, negative
M, 0.63, 0.515, 0.16, 1.016, 0.4215, 0.244, 0.355, positive
M, 0.63, 0.49, 0.18, 1.13, 0.458, 0.2765, 0.315, negative
F, 0.585, 0.45, 0.16, 1.077, 0.4995, 0.2875, 0.25, negative
M, 0.47, 0.375, 0.12, 0.5565, 0.226, 0.122, 0.195, negative
M, 0.46, 0.38, 0.135, 0.482, 0.207, 0.1225, 0.145, negative
I, 0.365, 0.295, 0.095, 0.25, 0.1075, 0.0545, 0.08, negative
F, 0.5, 0.395, 0.14, 0.7155, 0.3165, 0.176, 0.24, negative
M, 0.47, 0.38, 0.145, 0.5865, 0.2385, 0.144, 0.185, negative
M, 0.535, 0.44, 0.15, 0.6765, 0.256, 0.139, 0.26, negative
M, 0.585, 0.455, 0.15, 0.987, 0.4355, 0.2075, 0.31, negative
F, 0.485, 0.365, 0.12, 0.5885, 0.27, 0.131, 0.175, negative
F, 0.435, 0.325, 0.11, 0.4335, 0.178, 0.0985, 0.155, negative
M, 0.63, 0.515, 0.165, 1.352, 0.488, 0.349, 0.45, negative
I, 0.29, 0.225, 0.07, 0.101, 0.036, 0.0235, 0.035, negative
I, 0.26, 0.2, 0.07, 0.092, 0.037, 0.02, 0.03, negative
M, 0.6, 0.5, 0.16, 1.015, 0.3995, 0.1735, 0.33, positive
F, 0.56, 0.455, 0.125, 0.943, 0.344, 0.129, 0.375, negative
F, 0.575, 0.45, 0.17, 1.0475, 0.3775, 0.1705, 0.385, negative
I, 0.44, 0.345, 0.1, 0.366, 0.122, 0.0905, 0.12, negative
M, 0.5, 0.41, 0.15, 0.662, 0.2815, 0.137, 0.22, negative
F, 0.41, 0.325, 0.105, 0.3635, 0.159, 0.077, 0.12, negative
F, 0.565, 0.455, 0.15, 0.8205, 0.365, 0.159, 0.26, negative
F, 0.675, 0.535, 0.16, 1.41, 0.592, 0.3175, 0.42, negative
F, 0.665, 0.555, 0.195, 1.4385, 0.581, 0.354, 0.36, negative
F, 0.565, 0.49, 0.155, 0.9245, 0.405, 0.2195, 0.255, negative
M, 0.575, 0.47, 0.14, 0.8375, 0.3485, 0.1735, 0.24, negative
I, 0.415, 0.31, 0.11, 0.2965, 0.123, 0.057, 0.0995, negative
I, 0.24, 0.185, 0.07, 0.0715, 0.026, 0.018, 0.025, negative
M, 0.66, 0.545, 0.185, 1.32, 0.5305, 0.2635, 0.455, negative
F, 0.7, 0.585, 0.185, 1.8075, 0.7055, 0.3215, 0.475, negative
M, 0.59, 0.455, 0.145, 1.073, 0.475, 0.19, 0.285, negative
M, 0.58, 0.46, 0.13, 0.921, 0.357, 0.181, 0.29, negative
M, 0.655, 0.53, 0.175, 1.2635, 0.486, 0.2635, 0.415, negative
F, 0.605, 0.485, 0.165, 1.0105, 0.435, 0.209, 0.3, positive
F, 0.62, 0.47, 0.225, 1.115, 0.378, 0.2145, 0.36, negative
M, 0.56, 0.46, 0.235, 0.8395, 0.3325, 0.157, 0.305, negative
M, 0.56, 0.435, 0.18, 0.889, 0.36, 0.204, 0.25, negative
I, 0.56, 0.445, 0.155, 0.8735, 0.3005, 0.209, 0.275, negative
F, 0.275, 0.195, 0.07, 0.08, 0.031, 0.0215, 0.025, negative
I, 0.365, 0.26, 0.115, 0.218, 0.0935, 0.0445, 0.07, negative
M, 0.235, 0.16, 0.06, 0.0545, 0.0265, 0.0095, 0.015, negative
F, 0.375, 0.29, 0.115, 0.2705, 0.093, 0.066, 0.0885, negative
M, 0.42, 0.325, 0.115, 0.2885, 0.1, 0.057, 0.1135, negative
M, 0.32, 0.245, 0.075, 0.1555, 0.0585, 0.038, 0.049, negative
M, 0.205, 0.155, 0.045, 0.0425, 0.017, 0.0055, 0.0155, negative
F, 0.44, 0.34, 0.105, 0.364, 0.148, 0.0805, 0.1175, negative
I, 0.435, 0.33, 0.125, 0.406, 0.1685, 0.1055, 0.096, negative
F, 0.585, 0.435, 0.175, 0.982, 0.4055, 0.2495, 0.27, negative
F, 0.63, 0.48, 0.175, 1.3675, 0.5015, 0.3035, 0.515, negative
I, 0.495, 0.39, 0.125, 0.6655, 0.284, 0.162, 0.2, negative
M, 0.45, 0.335, 0.14, 0.4625, 0.164, 0.076, 0.15, negative
I, 0.605, 0.495, 0.145, 1.054, 0.369, 0.2255, 0.36, negative
F, 0.385, 0.315, 0.11, 0.286, 0.1225, 0.0635, 0.0835, negative
M, 0.345, 0.27, 0.09, 0.195, 0.078, 0.0455, 0.059, negative
I, 0.465, 0.36, 0.105, 0.498, 0.214, 0.116, 0.14, negative
F, 0.59, 0.45, 0.16, 0.9, 0.358, 0.156, 0.315, positive
I, 0.335, 0.245, 0.09, 0.1665, 0.0595, 0.04, 0.06, negative
I, 0.47, 0.35, 0.13, 0.466, 0.1845, 0.099, 0.145, negative
F, 0.615, 0.515, 0.17, 1.14, 0.4305, 0.2245, 0.42, negative
I, 0.58, 0.49, 0.195, 1.3165, 0.5305, 0.254, 0.41, negative
I, 0.65, 0.525, 0.18, 1.626, 0.597, 0.3445, 0.53, negative
M, 0.475, 0.385, 0.145, 0.6175, 0.235, 0.108, 0.215, negative
F, 0.37, 0.275, 0.1, 0.2225, 0.093, 0.026, 0.08, negative
M, 0.485, 0.37, 0.14, 0.5725, 0.204, 0.1415, 0.175, negative
M, 0.525, 0.4, 0.17, 0.7305, 0.279, 0.2055, 0.195, negative
M, 0.59, 0.44, 0.15, 0.9555, 0.366, 0.2425, 0.295, negative
I, 0.155, 0.105, 0.05, 0.0175, 0.0050, 0.0035, 0.0050, negative
M, 0.4, 0.3, 0.125, 0.417, 0.191, 0.09, 0.1175, negative
I, 0.295, 0.225, 0.09, 0.1105, 0.0405, 0.0245, 0.032, negative
I, 0.28, 0.205, 0.055, 0.1135, 0.045, 0.0275, 0.0335, negative
F, 0.49, 0.36, 0.11, 0.5005, 0.161, 0.107, 0.195, negative
M, 0.52, 0.4, 0.12, 0.823, 0.298, 0.1805, 0.265, negative
F, 0.52, 0.405, 0.125, 0.6435, 0.2415, 0.1735, 0.21, negative
M, 0.53, 0.44, 0.205, 0.835, 0.32, 0.2175, 0.245, negative
F, 0.605, 0.495, 0.19, 1.437, 0.469, 0.2655, 0.41, negative
M, 0.345, 0.27, 0.095, 0.197, 0.0665, 0.05, 0.07, negative
F, 0.55, 0.43, 0.155, 0.785, 0.289, 0.227, 0.233, negative
M, 0.455, 0.34, 0.135, 0.462, 0.1675, 0.158, 0.12, negative
M, 0.515, 0.405, 0.145, 0.695, 0.215, 0.1635, 0.234, negative
M, 0.46, 0.34, 0.135, 0.495, 0.1655, 0.117, 0.185, negative
M, 0.515, 0.38, 0.135, 0.6615, 0.2875, 0.2095, 0.155, negative
I, 0.35, 0.25, 0.07, 0.18, 0.0655, 0.048, 0.054, negative
I, 0.38, 0.275, 0.095, 0.1375, 0.086, 0.0585, 0.0605, negative
M, 0.54, 0.405, 0.125, 0.891, 0.4815, 0.1915, 0.202, negative
F, 0.54, 0.42, 0.14, 0.805, 0.369, 0.1725, 0.21, negative
F, 0.545, 0.44, 0.135, 0.9185, 0.429, 0.2015, 0.2375, negative
F, 0.55, 0.43, 0.125, 0.923, 0.4035, 0.175, 0.283, negative
M, 0.565, 0.45, 0.155, 1.0595, 0.4735, 0.24, 0.265, negative
M, 0.57, 0.435, 0.13, 0.7535, 0.349, 0.1755, 0.194, negative
F, 0.575, 0.465, 0.14, 0.958, 0.442, 0.1815, 0.2705, negative
M, 0.59, 0.475, 0.165, 1.077, 0.4545, 0.244, 0.3095, negative
F, 0.595, 0.48, 0.16, 1.2095, 0.5225, 0.296, 0.32, negative
F, 0.615, 0.52, 0.15, 1.3435, 0.629, 0.2605, 0.345, negative
M, 0.615, 0.505, 0.165, 1.34, 0.5315, 0.2815, 0.41, negative
M, 0.62, 0.5, 0.165, 1.307, 0.6355, 0.2545, 0.315, negative
M, 0.635, 0.51, 0.17, 1.3555, 0.619, 0.305, 0.39, negative
F, 0.635, 0.5, 0.15, 1.376, 0.6495, 0.361, 0.31, negative
F, 0.635, 0.485, 0.165, 1.2945, 0.668, 0.2605, 0.2715, negative
M, 0.65, 0.525, 0.175, 1.4715, 0.675, 0.315, 0.399, negative
M, 0.655, 0.52, 0.165, 1.4095, 0.586, 0.291, 0.405, negative
F, 0.675, 0.525, 0.155, 1.4785, 0.628, 0.3405, 0.42, negative
I, 0.255, 0.19, 0.05, 0.083, 0.0295, 0.0215, 0.027, negative
I, 0.34, 0.25, 0.07, 0.2225, 0.104, 0.0425, 0.055, negative
I, 0.345, 0.265, 0.1, 0.2455, 0.111, 0.0535, 0.065, negative
I, 0.43, 0.325, 0.1, 0.3645, 0.1575, 0.0825, 0.105, negative
I, 0.44, 0.325, 0.09, 0.35, 0.148, 0.067, 0.105, negative
I, 0.45, 0.355, 0.105, 0.4445, 0.197, 0.093, 0.1335, negative
I, 0.465, 0.37, 0.115, 0.534, 0.261, 0.098, 0.143, negative
M, 0.475, 0.37, 0.125, 0.537, 0.222, 0.1215, 0.15, negative
M, 0.49, 0.385, 0.125, 0.649, 0.32, 0.124, 0.1695, negative
M, 0.5, 0.385, 0.135, 0.6425, 0.3195, 0.129, 0.1535, negative
M, 0.505, 0.41, 0.125, 0.642, 0.289, 0.133, 0.155, negative
I, 0.51, 0.375, 0.1, 0.5785, 0.238, 0.1225, 0.175, negative
M, 0.51, 0.405, 0.15, 0.7035, 0.347, 0.134, 0.1885, negative
F, 0.515, 0.43, 0.14, 0.834, 0.367, 0.2, 0.23, negative
F, 0.525, 0.415, 0.14, 0.724, 0.3475, 0.173, 0.175, negative
F, 0.53, 0.425, 0.13, 0.7585, 0.325, 0.197, 0.205, negative
F, 0.55, 0.445, 0.155, 0.9905, 0.544, 0.178, 0.218, negative
M, 0.57, 0.45, 0.155, 1.195, 0.5625, 0.2565, 0.295, negative
M, 0.57, 0.46, 0.17, 0.9035, 0.4075, 0.1935, 0.214, negative
F, 0.58, 0.46, 0.18, 1.0515, 0.4095, 0.2595, 0.276, negative
M, 0.59, 0.465, 0.155, 1.136, 0.5245, 0.2615, 0.275, negative
M, 0.595, 0.455, 0.15, 1.044, 0.518, 0.2205, 0.27, negative
M, 0.605, 0.47, 0.165, 1.2315, 0.6025, 0.262, 0.2925, negative
M, 0.63, 0.485, 0.155, 1.278, 0.637, 0.275, 0.31, negative
M, 0.635, 0.525, 0.185, 1.4065, 0.684, 0.3, 0.3745, negative
F, 0.64, 0.5, 0.17, 1.5175, 0.693, 0.326, 0.409, negative
F, 0.645, 0.5, 0.155, 1.2205, 0.6145, 0.236, 0.3185, negative
M, 0.65, 0.495, 0.16, 1.304, 0.57, 0.312, 0.3725, negative
M, 0.66, 0.535, 0.19, 1.5905, 0.6425, 0.297, 0.5175, negative
M, 0.71, 0.565, 0.205, 2.198, 1.012, 0.5225, 0.5475, negative
M, 0.715, 0.565, 0.175, 1.9525, 0.7645, 0.4185, 0.4135, negative
F, 0.735, 0.6, 0.22, 2.555, 1.1335, 0.44, 0.6, negative
M, 0.765, 0.6, 0.22, 2.302, 1.007, 0.509, 0.6205, negative
I, 0.185, 0.13, 0.045, 0.029, 0.012, 0.0075, 0.0095, negative
I, 0.195, 0.135, 0.04, 0.0325, 0.0135, 0.0050, 0.0095, negative
I, 0.2, 0.155, 0.04, 0.0435, 0.0155, 0.0090, 0.0070, negative
I, 0.245, 0.18, 0.065, 0.071, 0.03, 0.013, 0.0215, negative
I, 0.28, 0.21, 0.085, 0.1075, 0.0415, 0.024, 0.034, negative
I, 0.3, 0.22, 0.08, 0.1255, 0.055, 0.0265, 0.039, negative
I, 0.32, 0.225, 0.085, 0.1415, 0.0675, 0.0295, 0.0405, negative
I, 0.375, 0.28, 0.08, 0.2345, 0.1125, 0.0455, 0.067, negative
I, 0.4, 0.32, 0.095, 0.348, 0.194, 0.053, 0.087, negative
I, 0.41, 0.325, 0.1, 0.3245, 0.132, 0.072, 0.106, negative
I, 0.445, 0.34, 0.145, 0.434, 0.1945, 0.0905, 0.13, negative
I, 0.46, 0.35, 0.115, 0.4155, 0.18, 0.098, 0.1175, negative
I, 0.47, 0.38, 0.125, 0.4845, 0.211, 0.1075, 0.142, negative
M, 0.5, 0.39, 0.125, 0.5215, 0.2485, 0.117, 0.131, negative
F, 0.51, 0.4, 0.125, 0.545, 0.261, 0.115, 0.1385, negative
I, 0.51, 0.4, 0.125, 0.5575, 0.2615, 0.1195, 0.1525, negative
M, 0.52, 0.4, 0.145, 0.7765, 0.3525, 0.1845, 0.185, negative
I, 0.52, 0.38, 0.135, 0.5395, 0.2295, 0.133, 0.157, negative
F, 0.52, 0.46, 0.15, 1.019, 0.523, 0.1985, 0.254, negative
I, 0.525, 0.395, 0.12, 0.608, 0.297, 0.1395, 0.1405, negative
M, 0.56, 0.43, 0.145, 0.8995, 0.464, 0.1775, 0.234, negative
F, 0.575, 0.46, 0.145, 0.9945, 0.466, 0.229, 0.265, negative
F, 0.575, 0.47, 0.165, 0.869, 0.435, 0.197, 0.238, negative
M, 0.575, 0.445, 0.17, 1.0225, 0.549, 0.2175, 0.228, negative
M, 0.58, 0.455, 0.195, 1.859, 0.945, 0.426, 0.441, negative
M, 0.58, 0.445, 0.135, 0.814, 0.3775, 0.1915, 0.22, negative
M, 0.58, 0.45, 0.145, 1.0025, 0.547, 0.1975, 0.2295, negative
M, 0.59, 0.47, 0.15, 0.9955, 0.481, 0.232, 0.24, negative
M, 0.6, 0.465, 0.155, 1.0165, 0.512, 0.2465, 0.225, negative
M, 0.605, 0.475, 0.14, 1.1175, 0.555, 0.257, 0.274, negative
M, 0.61, 0.47, 0.165, 1.052, 0.498, 0.242, 0.267, negative
M, 0.615, 0.46, 0.17, 1.0565, 0.4815, 0.272, 0.27, negative
F, 0.615, 0.475, 0.155, 1.027, 0.447, 0.25, 0.285, negative
F, 0.62, 0.48, 0.16, 1.1125, 0.5635, 0.2445, 0.281, negative
M, 0.63, 0.47, 0.155, 1.1325, 0.589, 0.211, 0.287, negative
M, 0.65, 0.5, 0.155, 1.202, 0.565, 0.3135, 0.294, negative
M, 0.69, 0.53, 0.21, 1.583, 0.7355, 0.405, 0.3865, negative
M, 0.7, 0.565, 0.18, 1.751, 0.895, 0.3355, 0.446, negative
M, 0.7, 0.575, 0.19, 2.273, 1.095, 0.418, 0.638, negative
M, 0.715, 0.55, 0.19, 2.0045, 1.0465, 0.407, 0.5075, negative
M, 0.745, 0.565, 0.215, 1.931, 0.896, 0.4585, 0.5, negative
I, 0.185, 0.375, 0.12, 0.4645, 0.196, 0.1045, 0.15, negative
I, 0.25, 0.185, 0.065, 0.0685, 0.0295, 0.014, 0.0225, negative
I, 0.305, 0.215, 0.065, 0.1075, 0.044, 0.0205, 0.038, negative
I, 0.335, 0.245, 0.09, 0.2015, 0.096, 0.0405, 0.048, negative
I, 0.34, 0.25, 0.09, 0.179, 0.0775, 0.033, 0.055, negative
I, 0.345, 0.255, 0.085, 0.2005, 0.105, 0.037, 0.05, negative
I, 0.35, 0.255, 0.09, 0.1785, 0.0855, 0.0305, 0.0525, negative
I, 0.375, 0.275, 0.09, 0.218, 0.093, 0.0405, 0.0755, negative
I, 0.38, 0.27, 0.08, 0.2105, 0.0865, 0.042, 0.07, negative
I, 0.395, 0.305, 0.105, 0.284, 0.1135, 0.0595, 0.0945, negative
I, 0.42, 0.305, 0.09, 0.328, 0.168, 0.0615, 0.082, negative
I, 0.425, 0.325, 0.11, 0.3335, 0.173, 0.045, 0.1, negative
I, 0.455, 0.345, 0.105, 0.4005, 0.164, 0.0755, 0.126, negative
F, 0.455, 0.365, 0.115, 0.4305, 0.184, 0.108, 0.1245, negative
I, 0.47, 0.355, 0.18, 0.48, 0.2055, 0.105, 0.1505, negative
I, 0.47, 0.355, 0.12, 0.393, 0.167, 0.0885, 0.115, negative
I, 0.475, 0.38, 0.12, 0.441, 0.1785, 0.0885, 0.1505, negative
M, 0.5, 0.42, 0.135, 0.6765, 0.302, 0.1415, 0.2065, negative
I, 0.505, 0.38, 0.12, 0.594, 0.2595, 0.1435, 0.18, negative
I, 0.515, 0.38, 0.12, 0.625, 0.3265, 0.1295, 0.16, negative
I, 0.52, 0.4, 0.13, 0.5825, 0.233, 0.1365, 0.18, negative
I, 0.53, 0.42, 0.155, 0.81, 0.4725, 0.111, 0.192, negative
I, 0.535, 0.4, 0.135, 0.6025, 0.2895, 0.121, 0.154, negative
M, 0.535, 0.435, 0.15, 0.717, 0.3475, 0.1445, 0.194, negative
I, 0.54, 0.42, 0.14, 0.7265, 0.3205, 0.1445, 0.229, negative
I, 0.545, 0.43, 0.15, 0.7285, 0.302, 0.1315, 0.2545, negative
I, 0.555, 0.43, 0.155, 0.7395, 0.3135, 0.1435, 0.28, negative
F, 0.56, 0.445, 0.155, 1.224, 0.5565, 0.3225, 0.2695, negative
F, 0.565, 0.45, 0.145, 0.8495, 0.4215, 0.1685, 0.225, negative
M, 0.565, 0.445, 0.15, 0.796, 0.3635, 0.184, 0.219, negative
I, 0.57, 0.45, 0.135, 0.794, 0.3815, 0.1415, 0.245, negative
F, 0.57, 0.46, 0.135, 0.9795, 0.397, 0.2525, 0.2655, negative
F, 0.575, 0.42, 0.135, 0.857, 0.461, 0.147, 0.2125, negative
M, 0.585, 0.46, 0.165, 1.1135, 0.5825, 0.2345, 0.274, negative
M, 0.585, 0.47, 0.165, 1.409, 0.8, 0.229, 0.295, negative
M, 0.585, 0.45, 0.18, 0.7995, 0.336, 0.1855, 0.237, negative
I, 0.59, 0.445, 0.135, 0.7715, 0.328, 0.1745, 0.23, negative
M, 0.59, 0.47, 0.18, 1.187, 0.5985, 0.227, 0.31, negative
M, 0.6, 0.475, 0.17, 1.1315, 0.508, 0.272, 0.309, negative
F, 0.6, 0.465, 0.155, 1.04, 0.4755, 0.25, 0.28, negative
F, 0.6, 0.455, 0.145, 0.8895, 0.419, 0.1715, 0.269, negative
F, 0.615, 0.475, 0.165, 1.023, 0.4905, 0.1955, 0.3035, negative
F, 0.615, 0.475, 0.155, 1.115, 0.484, 0.2115, 0.355, negative
F, 0.625, 0.515, 0.16, 1.264, 0.5715, 0.326, 0.321, negative
F, 0.625, 0.48, 0.155, 1.2035, 0.5865, 0.239, 0.3185, negative
F, 0.63, 0.485, 0.17, 1.3205, 0.5945, 0.345, 0.345, negative
M, 0.635, 0.49, 0.16, 1.101, 0.534, 0.1865, 0.3455, negative
F, 0.635, 0.5, 0.165, 1.4595, 0.705, 0.2645, 0.39, negative
F, 0.635, 0.495, 0.175, 1.211, 0.707, 0.2725, 0.323, negative
M, 0.635, 0.51, 0.155, 0.986, 0.405, 0.2255, 0.31, negative
F, 0.65, 0.505, 0.165, 1.16, 0.4785, 0.274, 0.349, negative
F, 0.65, 0.51, 0.17, 1.567, 0.7245, 0.349, 0.391, negative
M, 0.675, 0.545, 0.185, 1.7375, 0.876, 0.3135, 0.469, negative
F, 0.695, 0.565, 0.19, 1.7635, 0.7465, 0.399, 0.4975, negative
F, 0.7, 0.545, 0.13, 1.556, 0.6725, 0.374, 0.195, negative
M, 0.705, 0.555, 0.215, 2.141, 1.0465, 0.383, 0.528, negative
F, 0.72, 0.575, 0.17, 1.9335, 0.913, 0.389, 0.51, negative
M, 0.72, 0.575, 0.215, 2.173, 0.9515, 0.564, 0.5365, negative
F, 0.815, 0.65, 0.25, 2.255, 0.8905, 0.42, 0.7975, negative
I, 0.14, 0.105, 0.035, 0.014, 0.0055, 0.0025, 0.0040, negative
I, 0.4, 0.29, 0.11, 0.329, 0.188, 0.0455, 0.0825, negative
I, 0.4, 0.3, 0.09, 0.2815, 0.1185, 0.061, 0.08, negative
I, 0.43, 0.34, 0.105, 0.4405, 0.2385, 0.0745, 0.1075, negative
I, 0.44, 0.365, 0.11, 0.4465, 0.213, 0.089, 0.1135, negative
I, 0.455, 0.335, 0.135, 0.501, 0.274, 0.0995, 0.1065, negative
I, 0.475, 0.365, 0.115, 0.459, 0.2175, 0.093, 0.1165, negative
F, 0.475, 0.365, 0.115, 0.566, 0.281, 0.117, 0.1335, negative
I, 0.485, 0.38, 0.12, 0.4725, 0.2075, 0.1075, 0.147, negative
M, 0.485, 0.37, 0.13, 0.526, 0.2485, 0.105, 0.1555, negative
F, 0.505, 0.38, 0.135, 0.6855, 0.361, 0.1565, 0.161, negative
M, 0.53, 0.4, 0.125, 0.7575, 0.398, 0.151, 0.175, negative
F, 0.545, 0.41, 0.14, 0.7405, 0.3565, 0.1775, 0.203, negative
M, 0.585, 0.455, 0.15, 0.906, 0.4095, 0.23, 0.2335, negative
F, 0.61, 0.485, 0.17, 1.1005, 0.5125, 0.229, 0.305, negative
M, 0.62, 0.48, 0.165, 1.0725, 0.4815, 0.235, 0.312, negative
F, 0.63, 0.49, 0.225, 1.336, 0.6805, 0.259, 0.3245, negative
F, 0.64, 0.515, 0.205, 1.5335, 0.6635, 0.3345, 0.4025, negative
F, 0.645, 0.515, 0.175, 1.546, 0.7035, 0.365, 0.415, negative
M, 0.645, 0.51, 0.155, 1.539, 0.6405, 0.3585, 0.43, negative
F, 0.65, 0.545, 0.175, 1.5245, 0.59, 0.326, 0.495, negative
M, 0.69, 0.525, 0.2, 1.7825, 0.9165, 0.3325, 0.461, negative
I, 0.36, 0.265, 0.075, 0.1845, 0.083, 0.0365, 0.055, negative
I, 0.375, 0.28, 0.08, 0.2165, 0.0935, 0.0925, 0.07, negative
I, 0.425, 0.325, 0.11, 0.317, 0.135, 0.048, 0.09, negative
I, 0.5, 0.39, 0.12, 0.5955, 0.2455, 0.147, 0.173, negative
I, 0.52, 0.41, 0.145, 0.646, 0.2965, 0.1595, 0.165, negative
M, 0.525, 0.415, 0.145, 0.845, 0.3525, 0.1635, 0.2875, negative
I, 0.53, 0.42, 0.12, 0.5965, 0.2555, 0.141, 0.177, negative
I, 0.54, 0.425, 0.14, 0.742, 0.32, 0.1395, 0.25, negative
I, 0.54, 0.425, 0.135, 0.686, 0.3475, 0.1545, 0.213, negative
I, 0.545, 0.42, 0.125, 0.717, 0.358, 0.112, 0.22, negative
I, 0.55, 0.42, 0.135, 0.816, 0.3995, 0.1485, 0.23, negative
I, 0.555, 0.435, 0.14, 0.765, 0.3945, 0.15, 0.206, negative
I, 0.555, 0.46, 0.145, 0.9005, 0.3845, 0.158, 0.2765, negative
I, 0.56, 0.445, 0.15, 0.8225, 0.3685, 0.187, 0.236, negative
M, 0.565, 0.44, 0.125, 0.802, 0.3595, 0.1825, 0.215, negative
F, 0.57, 0.45, 0.135, 0.7805, 0.3345, 0.185, 0.21, negative
I, 0.57, 0.435, 0.17, 0.848, 0.4, 0.166, 0.25, negative
M, 0.58, 0.43, 0.13, 0.798, 0.365, 0.173, 0.2285, negative
M, 0.59, 0.49, 0.165, 1.207, 0.559, 0.235, 0.309, negative
I, 0.595, 0.46, 0.15, 0.8335, 0.377, 0.1925, 0.235, negative
I, 0.6, 0.48, 0.17, 0.9175, 0.38, 0.2225, 0.29, negative
M, 0.6, 0.47, 0.165, 1.059, 0.504, 0.241, 0.275, negative
F, 0.62, 0.54, 0.165, 1.139, 0.4995, 0.2435, 0.357, negative
I, 0.62, 0.49, 0.16, 1.066, 0.446, 0.246, 0.305, negative
F, 0.62, 0.48, 0.175, 1.0405, 0.464, 0.2225, 0.3, negative
F, 0.625, 0.485, 0.175, 1.362, 0.6765, 0.2615, 0.3705, negative
I, 0.625, 0.485, 0.15, 1.044, 0.438, 0.2865, 0.278, negative
M, 0.63, 0.49, 0.17, 1.1745, 0.5255, 0.273, 0.339, negative
I, 0.635, 0.5, 0.165, 1.489, 0.715, 0.3445, 0.3615, negative
F, 0.635, 0.49, 0.175, 1.2435, 0.5805, 0.313, 0.305, negative
M, 0.645, 0.505, 0.15, 1.1605, 0.519, 0.2615, 0.335, negative
M, 0.645, 0.5, 0.19, 1.5595, 0.741, 0.3715, 0.3845, negative
M, 0.645, 0.51, 0.19, 1.4745, 0.605, 0.345, 0.48, negative
M, 0.645, 0.51, 0.16, 1.33, 0.6665, 0.309, 0.317, negative
M, 0.655, 0.55, 0.18, 1.274, 0.586, 0.281, 0.365, negative
F, 0.655, 0.51, 0.15, 1.043, 0.4795, 0.223, 0.305, negative
F, 0.655, 0.505, 0.195, 1.4405, 0.688, 0.3805, 0.363, negative
F, 0.66, 0.535, 0.175, 1.5175, 0.711, 0.3125, 0.415, negative
F, 0.67, 0.55, 0.155, 1.566, 0.858, 0.339, 0.354, negative
M, 0.675, 0.525, 0.16, 1.2835, 0.572, 0.2755, 0.3545, negative
F, 0.69, 0.55, 0.2, 1.569, 0.687, 0.3675, 0.46, negative
F, 0.71, 0.54, 0.205, 1.5805, 0.802, 0.287, 0.435, negative
F, 0.72, 0.525, 0.18, 1.445, 0.631, 0.3215, 0.435, negative
F, 0.73, 0.56, 0.19, 1.9425, 0.799, 0.5195, 0.5655, negative
F, 0.375, 0.27, 0.135, 0.597, 0.272, 0.131, 0.1675, negative
M, 0.39, 0.28, 0.125, 0.564, 0.3035, 0.0955, 0.143, negative
F, 0.49, 0.355, 0.16, 0.8795, 0.3485, 0.215, 0.2825, negative
M, 0.525, 0.38, 0.125, 0.65, 0.303, 0.155, 0.159, negative
M, 0.53, 0.41, 0.14, 0.7545, 0.3495, 0.1715, 0.2105, negative
F, 0.58, 0.43, 0.17, 1.48, 0.6535, 0.324, 0.4155, negative
M, 0.6, 0.495, 0.175, 1.3005, 0.6195, 0.284, 0.3285, negative
M, 0.625, 0.49, 0.185, 1.169, 0.5275, 0.2535, 0.344, negative
M, 0.635, 0.495, 0.195, 1.172, 0.445, 0.3115, 0.3475, negative
M, 0.72, 0.56, 0.18, 1.5865, 0.691, 0.375, 0.4425, negative
I, 0.35, 0.265, 0.08, 0.2, 0.09, 0.042, 0.06, negative
I, 0.365, 0.27, 0.075, 0.2215, 0.095, 0.0445, 0.07, negative
I, 0.41, 0.335, 0.105, 0.3305, 0.1405, 0.064, 0.105, negative
I, 0.435, 0.33, 0.11, 0.38, 0.1515, 0.0945, 0.11, negative
I, 0.435, 0.33, 0.105, 0.335, 0.156, 0.0555, 0.105, negative
I, 0.445, 0.33, 0.11, 0.358, 0.1525, 0.067, 0.1185, negative
I, 0.465, 0.37, 0.11, 0.445, 0.1635, 0.096, 0.166, negative
I, 0.495, 0.38, 0.145, 0.5, 0.205, 0.148, 0.1505, negative
I, 0.515, 0.415, 0.135, 0.7125, 0.285, 0.152, 0.245, negative
M, 0.515, 0.385, 0.11, 0.5785, 0.253, 0.16, 0.14, negative
I, 0.53, 0.43, 0.16, 0.7245, 0.321, 0.1275, 0.24, negative
I, 0.53, 0.405, 0.12, 0.632, 0.2715, 0.148, 0.1875, negative
F, 0.54, 0.425, 0.16, 0.9455, 0.3675, 0.2005, 0.295, negative
I, 0.545, 0.43, 0.14, 0.687, 0.2615, 0.1405, 0.25, negative
I, 0.55, 0.45, 0.13, 0.804, 0.3375, 0.1405, 0.23, negative
M, 0.57, 0.46, 0.155, 1.0005, 0.454, 0.205, 0.265, negative
M, 0.575, 0.435, 0.135, 0.992, 0.432, 0.2225, 0.239, negative
M, 0.595, 0.455, 0.15, 0.886, 0.4315, 0.201, 0.223, negative
F, 0.6, 0.47, 0.135, 0.97, 0.4655, 0.1955, 0.264, negative
I, 0.605, 0.49, 0.165, 1.071, 0.482, 0.1935, 0.352, negative
M, 0.605, 0.47, 0.18, 1.1155, 0.479, 0.2565, 0.321, negative
M, 0.61, 0.48, 0.14, 1.031, 0.4375, 0.2615, 0.27, negative
F, 0.61, 0.46, 0.145, 1.1185, 0.478, 0.2945, 0.2985, negative
M, 0.62, 0.49, 0.15, 1.195, 0.4605, 0.302, 0.355, negative
F, 0.62, 0.495, 0.17, 1.062, 0.372, 0.213, 0.34, negative
M, 0.62, 0.47, 0.15, 1.309, 0.587, 0.4405, 0.325, negative
M, 0.62, 0.485, 0.155, 1.0295, 0.425, 0.2315, 0.335, negative
F, 0.635, 0.52, 0.165, 1.3405, 0.5065, 0.296, 0.412, negative
M, 0.64, 0.53, 0.165, 1.1895, 0.4765, 0.3, 0.35, negative
F, 0.64, 0.48, 0.145, 1.1145, 0.508, 0.24, 0.34, negative
F, 0.64, 0.485, 0.185, 1.4195, 0.6735, 0.3465, 0.3255, negative
F, 0.645, 0.52, 0.21, 1.5535, 0.616, 0.3655, 0.474, negative
F, 0.65, 0.51, 0.155, 1.189, 0.483, 0.278, 0.3645, negative
M, 0.655, 0.52, 0.17, 1.1445, 0.53, 0.223, 0.348, negative
F, 0.66, 0.535, 0.205, 1.4415, 0.5925, 0.2775, 0.49, negative
F, 0.665, 0.5, 0.15, 1.2475, 0.4625, 0.2955, 0.3595, negative
M, 0.68, 0.54, 0.155, 1.534, 0.671, 0.379, 0.384, negative
F, 0.7, 0.575, 0.205, 1.773, 0.605, 0.447, 0.538, negative
M, 0.7, 0.55, 0.175, 1.4405, 0.6565, 0.2985, 0.375, negative
F, 0.705, 0.535, 0.22, 1.866, 0.929, 0.3835, 0.4395, negative
I, 0.21, 0.15, 0.055, 0.0465, 0.017, 0.012, 0.015, negative
I, 0.35, 0.235, 0.08, 0.17, 0.0725, 0.0465, 0.0495, negative
I, 0.355, 0.27, 0.105, 0.271, 0.1425, 0.0525, 0.0735, negative
I, 0.425, 0.315, 0.095, 0.3675, 0.1865, 0.0675, 0.0985, negative
I, 0.43, 0.32, 0.11, 0.3675, 0.1675, 0.102, 0.105, negative
M, 0.47, 0.365, 0.135, 0.522, 0.2395, 0.1525, 0.145, negative
M, 0.505, 0.385, 0.115, 0.4825, 0.21, 0.1035, 0.1535, negative
F, 0.55, 0.47, 0.15, 0.9205, 0.381, 0.2435, 0.2675, negative
M, 0.59, 0.465, 0.165, 1.115, 0.5165, 0.273, 0.275, negative
M, 0.605, 0.445, 0.14, 0.982, 0.4295, 0.2085, 0.295, negative
M, 0.66, 0.515, 0.195, 1.5655, 0.7345, 0.353, 0.386, negative
I, 0.27, 0.195, 0.065, 0.1065, 0.0475, 0.0225, 0.0285, negative
F, 0.455, 0.355, 1.13, 0.594, 0.332, 0.116, 0.1335, negative
M, 0.485, 0.39, 0.135, 0.617, 0.25, 0.1345, 0.1635, negative
I, 0.49, 0.37, 0.11, 0.538, 0.271, 0.1035, 0.139, negative
M, 0.505, 0.385, 0.13, 0.6435, 0.3135, 0.149, 0.1515, negative
M, 0.595, 0.465, 0.15, 0.919, 0.4335, 0.1765, 0.262, negative
F, 0.62, 0.49, 0.16, 1.056, 0.493, 0.244, 0.2725, negative
F, 0.665, 0.525, 0.21, 1.644, 0.818, 0.3395, 0.4275, negative
F, 0.69, 0.54, 0.195, 1.2525, 0.73, 0.3975, 0.462, negative
F, 0.71, 0.5, 0.15, 1.3165, 0.6835, 0.2815, 0.28, negative
F, 0.73, 0.555, 0.18, 1.6895, 0.6555, 0.1965, 0.4935, negative
M, 0.775, 0.57, 0.22, 2.032, 0.735, 0.4755, 0.6585, negative
M, 0.415, 0.3, 0.1, 0.3355, 0.1545, 0.0685, 0.095, negative
M, 0.425, 0.33, 0.08, 0.361, 0.134, 0.0825, 0.125, negative
M, 0.47, 0.35, 0.1, 0.4775, 0.1885, 0.0885, 0.175, negative
I, 0.37, 0.29, 0.1, 0.25, 0.1025, 0.0505, 0.085, negative
I, 0.41, 0.31, 0.11, 0.315, 0.124, 0.082, 0.095, negative
M, 0.375, 0.29, 0.1, 0.276, 0.1175, 0.0565, 0.085, negative
M, 0.62, 0.49, 0.17, 1.2105, 0.5185, 0.2555, 0.335, negative
F, 0.375, 0.29, 0.08, 0.282, 0.1405, 0.0725, 0.08, negative
F, 0.48, 0.38, 0.12, 0.608, 0.2705, 0.1405, 0.185, negative
M, 0.385, 0.295, 0.095, 0.335, 0.147, 0.094, 0.09, negative
M, 0.47, 0.375, 0.115, 0.4265, 0.1685, 0.0755, 0.15, negative
I, 0.4, 0.31, 0.1, 0.127, 0.106, 0.071, 0.085, negative
F, 0.57, 0.465, 0.18, 0.9995, 0.405, 0.277, 0.295, negative
M, 0.445, 0.355, 0.11, 0.4415, 0.1805, 0.1035, 0.1505, negative
M, 0.62, 0.495, 0.175, 1.806, 0.643, 0.3285, 0.725, negative
F, 0.645, 0.5, 0.17, 1.1845, 0.4805, 0.274, 0.355, negative
F, 0.595, 0.48, 0.2, 0.975, 0.358, 0.2035, 0.34, negative
F, 0.625, 0.42, 0.165, 1.0595, 0.358, 0.165, 0.445, negative
I, 0.32, 0.235, 0.08, 0.1485, 0.064, 0.031, 0.045, negative
I, 0.215, 0.17, 0.055, 0.0605, 0.0205, 0.014, 0.02, negative
F, 0.68, 0.55, 0.2, 1.596, 0.525, 0.4075, 0.585, negative
F, 0.65, 0.515, 0.195, 1.4005, 0.5195, 0.36, 0.44, negative
M, 0.42, 0.345, 0.105, 0.43, 0.175, 0.096, 0.13, negative
M, 0.66, 0.505, 0.2, 1.6305, 0.4865, 0.297, 0.61, negative
M, 0.565, 0.47, 0.195, 1.142, 0.387, 0.258, 0.35, negative
M, 0.63, 0.51, 0.23, 1.539, 0.5635, 0.2815, 0.57, negative
M, 0.495, 0.39, 0.15, 0.853, 0.3285, 0.189, 0.27, negative
F, 0.535, 0.46, 0.145, 0.7875, 0.3395, 0.2005, 0.2, negative
M, 0.58, 0.465, 0.175, 1.035, 0.401, 0.1865, 0.385, negative
M, 0.37, 0.28, 0.095, 0.2225, 0.0805, 0.051, 0.075, negative
M, 0.465, 0.36, 0.13, 0.5265, 0.2105, 0.1185, 0.165, negative
M, 0.46, 0.375, 0.14, 0.5105, 0.192, 0.1045, 0.205, negative
M, 0.43, 0.335, 0.115, 0.406, 0.166, 0.0935, 0.135, negative
F, 0.62, 0.51, 0.15, 1.456, 0.581, 0.2875, 0.32, negative
I, 0.59, 0.45, 0.16, 0.893, 0.2745, 0.2185, 0.345, negative
F, 0.61, 0.48, 0.175, 1.0675, 0.391, 0.216, 0.42, negative
M, 0.57, 0.45, 0.16, 0.8615, 0.3725, 0.2175, 0.255, negative
M, 0.655, 0.525, 0.185, 1.259, 0.487, 0.2215, 0.445, negative
M, 0.51, 0.405, 0.13, 0.7175, 0.3725, 0.158, 0.17, negative
M, 0.525, 0.405, 0.135, 0.7575, 0.3305, 0.216, 0.195, negative
F, 0.58, 0.475, 0.155, 0.974, 0.4305, 0.23, 0.285, negative
M, 0.475, 0.375, 0.12, 0.563, 0.2525, 0.1205, 0.185, negative
F, 0.48, 0.405, 0.13, 0.6375, 0.277, 0.1445, 0.21, negative
M, 0.46, 0.375, 0.13, 0.5735, 0.2505, 0.119, 0.195, negative
M, 0.59, 0.49, 0.135, 1.008, 0.422, 0.2245, 0.285, negative
I, 0.395, 0.325, 0.105, 0.306, 0.111, 0.0735, 0.095, negative
M, 0.475, 0.395, 0.135, 0.592, 0.2465, 0.1645, 0.2, negative
F, 0.565, 0.48, 0.175, 0.957, 0.3885, 0.215, 0.275, negative
M, 0.56, 0.455, 0.165, 0.86, 0.4015, 0.1695, 0.245, negative
F, 0.71, 0.565, 0.195, 1.7265, 0.638, 0.3365, 0.565, negative
M, 0.505, 0.4, 0.13, 0.764, 0.3035, 0.189, 0.2175, negative
M, 0.525, 0.43, 0.165, 0.8645, 0.376, 0.1945, 0.2515, negative
M, 0.7, 0.53, 0.19, 1.3185, 0.548, 0.233, 0.42, negative
F, 0.645, 0.525, 0.2, 1.449, 0.601, 0.2565, 0.505, negative
F, 0.66, 0.525, 0.205, 1.3665, 0.5005, 0.291, 0.41, negative
M, 0.57, 0.475, 0.195, 1.0295, 0.4635, 0.1905, 0.305, negative
F, 0.6, 0.47, 0.2, 1.031, 0.392, 0.2035, 0.29, negative
I, 0.415, 0.325, 0.115, 0.3285, 0.1405, 0.051, 0.106, negative
I, 0.525, 0.43, 0.15, 0.7365, 0.3225, 0.161, 0.215, negative
F, 0.44, 0.345, 0.105, 0.4285, 0.165, 0.083, 0.132, negative
F, 0.45, 0.345, 0.115, 0.496, 0.1905, 0.117, 0.14, negative
M, 0.42, 0.34, 0.125, 0.4495, 0.165, 0.1125, 0.144, negative
I, 0.625, 0.46, 0.16, 1.2395, 0.55, 0.273, 0.38, negative
I, 0.625, 0.465, 0.155, 0.972, 0.404, 0.1845, 0.35, negative
I, 0.635, 0.505, 0.19, 1.3315, 0.5805, 0.252, 0.435, negative
F, 0.585, 0.415, 0.155, 0.6985, 0.3, 0.146, 0.195, negative
I, 0.655, 0.515, 0.145, 1.25, 0.5265, 0.283, 0.315, negative
M, 0.4, 0.315, 0.105, 0.287, 0.1135, 0.037, 0.113, negative
I, 0.52, 0.415, 0.16, 0.595, 0.2105, 0.142, 0.26, negative
F, 0.41, 0.315, 0.11, 0.321, 0.1255, 0.0655, 0.095, negative
I, 0.575, 0.45, 0.17, 0.9315, 0.358, 0.2145, 0.26, negative
M, 0.475, 0.355, 0.125, 0.4625, 0.186, 0.107, 0.145, negative
F, 0.55, 0.435, 0.17, 0.884, 0.2875, 0.1645, 0.28, negative
F, 0.37, 0.285, 0.105, 0.27, 0.1125, 0.0585, 0.0835, negative
I, 0.25, 0.18, 0.06, 0.073, 0.028, 0.017, 0.0225, negative
F, 0.5, 0.385, 0.13, 0.768, 0.2625, 0.095, 0.27, negative
M, 0.5, 0.39, 0.13, 0.709, 0.275, 0.168, 0.18, negative
M, 0.425, 0.325, 0.12, 0.3755, 0.142, 0.1065, 0.105, negative
F, 0.37, 0.275, 0.08, 0.227, 0.093, 0.0625, 0.07, negative
F, 0.52, 0.425, 0.145, 0.7, 0.207, 0.1905, 0.24, negative
I, 0.355, 0.26, 0.09, 0.1925, 0.077, 0.038, 0.065, negative
F, 0.475, 0.38, 0.145, 0.57, 0.167, 0.118, 0.187, negative
M, 0.4, 0.305, 0.13, 0.2935, 0.096, 0.0675, 0.105, negative
I, 0.285, 0.21, 0.07, 0.109, 0.044, 0.0265, 0.033, negative
I, 0.3, 0.23, 0.075, 0.127, 0.052, 0.03, 0.0345, negative
I, 0.31, 0.24, 0.105, 0.2885, 0.118, 0.065, 0.083, negative
I, 0.34, 0.255, 0.075, 0.18, 0.0745, 0.04, 0.0525, negative
F, 0.47, 0.375, 0.12, 0.6015, 0.2765, 0.1455, 0.135, negative
M, 0.48, 0.37, 0.135, 0.6315, 0.3445, 0.1015, 0.161, negative
M, 0.5, 0.4, 0.13, 0.7715, 0.37, 0.16, 0.211, negative
M, 0.525, 0.425, 0.19, 0.872, 0.4625, 0.1725, 0.199, negative
M, 0.545, 0.45, 0.15, 0.8795, 0.387, 0.15, 0.2625, negative
M, 0.58, 0.46, 0.18, 1.145, 0.48, 0.277, 0.325, negative
M, 0.605, 0.475, 0.175, 1.201, 0.5395, 0.275, 0.309, negative
F, 0.64, 0.5, 0.18, 1.4995, 0.593, 0.314, 0.431, negative
M, 0.66, 0.535, 0.2, 1.791, 0.733, 0.318, 0.54, negative
F, 0.69, 0.55, 0.18, 1.659, 0.8715, 0.2655, 0.4395, negative
I, 0.38, 0.285, 0.085, 0.237, 0.115, 0.0405, 0.07, negative
I, 0.44, 0.335, 0.11, 0.3885, 0.175, 0.0835, 0.111, negative
F, 0.455, 0.35, 0.12, 0.4555, 0.1945, 0.1045, 0.1375, negative
I, 0.475, 0.355, 0.105, 0.468, 0.201, 0.1115, 0.12, negative
M, 0.48, 0.37, 0.1, 0.5135, 0.243, 0.1015, 0.135, negative
F, 0.55, 0.425, 0.125, 0.964, 0.5475, 0.159, 0.215, negative
F, 0.555, 0.425, 0.14, 0.963, 0.44, 0.224, 0.24, negative
F, 0.57, 0.445, 0.15, 0.995, 0.504, 0.185, 0.2505, negative
F, 0.585, 0.45, 0.16, 0.9045, 0.405, 0.2215, 0.2335, negative
F, 0.625, 0.49, 0.175, 1.1075, 0.4485, 0.2165, 0.3595, negative
F, 0.7, 0.575, 0.205, 1.7975, 0.7295, 0.3935, 0.5165, negative
F, 0.705, 0.56, 0.205, 2.381, 0.9915, 0.5005, 0.624, negative
I, 0.29, 0.21, 0.06, 0.1045, 0.0415, 0.022, 0.035, negative
I, 0.425, 0.34, 0.1, 0.3515, 0.1625, 0.082, 0.094, negative
I, 0.46, 0.345, 0.11, 0.3755, 0.1525, 0.058, 0.125, negative
M, 0.49, 0.38, 0.11, 0.554, 0.2935, 0.1005, 0.15, negative
I, 0.51, 0.395, 0.155, 0.5395, 0.2465, 0.1085, 0.167, negative
F, 0.545, 0.43, 0.14, 0.832, 0.4355, 0.17, 0.201, negative
F, 0.585, 0.45, 0.15, 0.938, 0.467, 0.203, 0.225, negative
M, 0.615, 0.475, 0.175, 1.103, 0.4635, 0.3095, 0.2725, negative
M, 0.62, 0.49, 0.155, 1.1, 0.505, 0.2475, 0.31, negative
M, 0.65, 0.52, 0.175, 1.2655, 0.615, 0.2775, 0.336, negative
M, 0.735, 0.57, 0.175, 1.88, 0.9095, 0.387, 0.488, negative
I, 0.21, 0.15, 0.045, 0.04, 0.0135, 0.0080, 0.0105, negative
I, 0.345, 0.255, 0.095, 0.183, 0.075, 0.0385, 0.06, negative
I, 0.375, 0.29, 0.14, 0.3, 0.14, 0.0625, 0.0825, negative
I, 0.395, 0.32, 0.1, 0.3075, 0.149, 0.0535, 0.09, negative
I, 0.4, 0.305, 0.1, 0.3415, 0.176, 0.0625, 0.0865, negative
I, 0.41, 0.325, 0.11, 0.326, 0.1325, 0.075, 0.101, negative
I, 0.42, 0.325, 0.115, 0.314, 0.1295, 0.0635, 0.1, negative
I, 0.505, 0.385, 0.125, 0.596, 0.245, 0.097, 0.21, negative
I, 0.525, 0.4, 0.13, 0.6445, 0.345, 0.1285, 0.2, negative
I, 0.55, 0.425, 0.145, 0.89, 0.4325, 0.171, 0.236, negative
I, 0.55, 0.425, 0.135, 0.656, 0.257, 0.17, 0.203, negative
I, 0.55, 0.465, 0.15, 0.936, 0.481, 0.174, 0.2435, negative
F, 0.575, 0.435, 0.155, 0.8975, 0.4115, 0.2325, 0.23, negative
M, 0.595, 0.475, 0.14, 1.0305, 0.4925, 0.217, 0.278, negative
M, 0.6, 0.495, 0.185, 1.1145, 0.5055, 0.2635, 0.367, negative
M, 0.625, 0.5, 0.14, 1.096, 0.5445, 0.2165, 0.295, negative
F, 0.63, 0.475, 0.155, 1.0005, 0.452, 0.252, 0.265, negative
M, 0.64, 0.485, 0.15, 1.098, 0.5195, 0.222, 0.3175, negative
F, 0.66, 0.505, 0.19, 1.4045, 0.6255, 0.3375, 0.3745, negative
I, 0.39, 0.29, 0.09, 0.2625, 0.117, 0.054, 0.077, negative
I, 0.495, 0.375, 0.12, 0.589, 0.3075, 0.1215, 0.1405, negative
M, 0.535, 0.405, 0.14, 0.818, 0.402, 0.1715, 0.189, negative
F, 0.59, 0.455, 0.15, 0.976, 0.465, 0.2055, 0.2765, negative
M, 0.6, 0.475, 0.175, 1.11, 0.5105, 0.256, 0.285, negative
M, 0.63, 0.49, 0.165, 1.2005, 0.575, 0.273, 0.294, negative
F, 0.65, 0.525, 0.19, 1.385, 0.8875, 0.3095, 0.405, negative
F, 0.72, 0.565, 0.17, 1.613, 0.723, 0.3255, 0.4945, negative
I, 0.32, 0.205, 0.08, 0.181, 0.088, 0.034, 0.0495, negative
I, 0.375, 0.28, 0.085, 0.2145, 0.0855, 0.0485, 0.072, negative
I, 0.41, 0.305, 0.095, 0.2625, 0.1, 0.0515, 0.09, negative
I, 0.425, 0.34, 0.1, 0.371, 0.15, 0.0865, 0.115, negative
I, 0.445, 0.31, 0.09, 0.336, 0.1555, 0.09, 0.0855, negative
I, 0.52, 0.4, 0.11, 0.597, 0.2935, 0.1155, 0.16, negative
I, 0.53, 0.38, 0.125, 0.616, 0.292, 0.113, 0.185, negative
M, 0.53, 0.405, 0.15, 0.8315, 0.352, 0.187, 0.2525, negative
I, 0.54, 0.425, 0.13, 0.8155, 0.3675, 0.1365, 0.246, negative
I, 0.54, 0.415, 0.11, 0.619, 0.2755, 0.15, 0.1765, negative
F, 0.55, 0.435, 0.14, 0.745, 0.347, 0.174, 0.2265, negative
M, 0.59, 0.5, 0.15, 1.142, 0.485, 0.265, 0.345, negative
M, 0.6, 0.45, 0.195, 1.34, 0.617, 0.3255, 0.3605, negative
F, 0.605, 0.495, 0.17, 1.0915, 0.4365, 0.2715, 0.335, negative
F, 0.61, 0.47, 0.195, 1.2735, 0.469, 0.3315, 0.398, negative
I, 0.61, 0.49, 0.16, 1.1545, 0.5865, 0.2385, 0.2915, negative
M, 0.615, 0.455, 0.15, 0.9335, 0.382, 0.247, 0.2615, negative
M, 0.62, 0.475, 0.195, 1.3585, 0.5935, 0.3365, 0.3745, negative
F, 0.635, 0.485, 0.19, 1.3765, 0.634, 0.2885, 0.406, negative
M, 0.635, 0.52, 0.175, 1.292, 0.6, 0.269, 0.367, negative
M, 0.64, 0.575, 0.175, 1.4585, 0.625, 0.266, 0.4395, negative
F, 0.645, 0.485, 0.15, 1.151, 0.5935, 0.2315, 0.293, negative
F, 0.655, 0.515, 0.2, 1.494, 0.7255, 0.309, 0.405, negative
F, 0.66, 0.525, 0.16, 1.277, 0.4975, 0.319, 0.394, negative
F, 0.66, 0.525, 0.18, 1.5965, 0.7765, 0.397, 0.3605, negative
M, 0.67, 0.525, 0.17, 1.4005, 0.715, 0.3025, 0.387, negative
M, 0.67, 0.54, 0.175, 1.482, 0.739, 0.2925, 0.365, negative
M, 0.69, 0.515, 0.18, 1.8445, 0.9815, 0.4655, 0.341, negative
I, 0.43, 0.33, 0.1, 0.449, 0.254, 0.0825, 0.097, negative
M, 0.49, 0.355, 0.155, 0.981, 0.465, 0.2015, 0.2505, negative
F, 0.505, 0.38, 0.13, 0.693, 0.391, 0.1195, 0.1515, negative
M, 0.555, 0.405, 0.19, 1.406, 0.6115, 0.342, 0.389, negative
M, 0.595, 0.485, 0.15, 1.0835, 0.5305, 0.231, 0.276, negative
M, 0.61, 0.485, 0.17, 1.281, 0.597, 0.3035, 0.33, negative
M, 0.64, 0.495, 0.165, 1.307, 0.678, 0.292, 0.266, negative
F, 0.75, 0.615, 0.205, 2.2635, 0.821, 0.423, 0.726, negative
I, 0.375, 0.26, 0.08, 0.2075, 0.09, 0.0415, 0.07, negative
I, 0.375, 0.285, 0.09, 0.237, 0.106, 0.0395, 0.08, negative
I, 0.39, 0.3, 0.1, 0.2665, 0.1105, 0.059, 0.084, negative
I, 0.395, 0.3, 0.09, 0.253, 0.1155, 0.05, 0.075, negative
I, 0.5, 0.38, 0.135, 0.5285, 0.226, 0.123, 0.209, negative
I, 0.52, 0.41, 0.14, 0.6625, 0.2775, 0.1555, 0.196, negative
M, 0.54, 0.42, 0.19, 0.6855, 0.293, 0.163, 0.38, negative
M, 0.57, 0.45, 0.145, 0.95, 0.4005, 0.2235, 0.2845, negative
M, 0.595, 0.48, 0.14, 0.9125, 0.4095, 0.1825, 0.289, negative
I, 0.62, 0.475, 0.16, 0.907, 0.371, 0.167, 0.3075, negative
F, 0.64, 0.485, 0.145, 1.1335, 0.5525, 0.2505, 0.3015, negative
M, 0.675, 0.52, 0.145, 1.3645, 0.557, 0.3405, 0.385, negative
F, 0.52, 0.43, 0.15, 0.728, 0.302, 0.1575, 0.235, negative
M, 0.53, 0.415, 0.12, 0.706, 0.3355, 0.1635, 0.1345, negative
M, 0.545, 0.435, 0.145, 0.9385, 0.3685, 0.1245, 0.345, negative
I, 0.425, 0.325, 0.105, 0.3975, 0.1815, 0.081, 0.1175, negative
I, 0.44, 0.34, 0.12, 0.4995, 0.2965, 0.0945, 0.1185, negative
M, 0.51, 0.415, 0.145, 0.751, 0.3295, 0.1835, 0.203, negative
M, 0.585, 0.46, 0.15, 1.206, 0.581, 0.216, 0.323, negative
M, 0.46, 0.36, 0.125, 0.547, 0.2165, 0.1105, 0.19, negative
M, 0.55, 0.425, 0.16, 0.97, 0.2885, 0.139, 0.48, negative
I, 0.2, 0.15, 0.04, 0.046, 0.021, 0.0070, 0.0065, negative
F, 0.655, 0.505, 0.165, 1.367, 0.5835, 0.3515, 0.396, negative
F, 0.665, 0.5, 0.175, 1.742, 0.595, 0.3025, 0.725, negative
M, 0.535, 0.44, 0.165, 0.875, 0.279, 0.18, 0.3, negative
F, 0.525, 0.405, 0.115, 0.72, 0.3105, 0.1915, 0.2, negative
F, 0.545, 0.405, 0.175, 0.98, 0.2585, 0.207, 0.38, negative
I, 0.325, 0.245, 0.075, 0.1495, 0.0605, 0.033, 0.045, negative
F, 0.62, 0.485, 0.22, 1.511, 0.5095, 0.284, 0.51, negative
F, 0.45, 0.35, 0.135, 0.56, 0.231, 0.137, 0.145, negative
F, 0.64, 0.505, 0.19, 1.2765, 0.4835, 0.328, 0.4, negative
F, 0.59, 0.485, 0.205, 1.2315, 0.4525, 0.238, 0.42, negative
F, 0.61, 0.495, 0.19, 1.213, 0.464, 0.306, 0.365, negative
M, 0.595, 0.5, 0.165, 1.06, 0.402, 0.28, 0.275, negative
F, 0.495, 0.385, 0.135, 0.6625, 0.3005, 0.1635, 0.185, negative
M, 0.41, 0.31, 0.125, 0.3595, 0.1415, 0.0885, 0.115, negative
F, 0.595, 0.465, 0.145, 1.107, 0.402, 0.2415, 0.31, negative
F, 0.5, 0.405, 0.14, 0.6735, 0.265, 0.124, 0.25, negative
M, 0.525, 0.415, 0.16, 0.6445, 0.26, 0.1575, 0.22, negative
F, 0.665, 0.57, 0.185, 1.522, 0.6965, 0.3025, 0.405, negative
F, 0.62, 0.51, 0.175, 1.1255, 0.4985, 0.227, 0.315, negative
M, 0.535, 0.42, 0.16, 0.72, 0.275, 0.164, 0.225, negative
F, 0.51, 0.395, 0.12, 0.6175, 0.262, 0.122, 0.193, negative
M, 0.53, 0.405, 0.13, 0.738, 0.2845, 0.17, 0.193, negative
F, 0.62, 0.5, 0.175, 1.146, 0.477, 0.23, 0.39, negative
F, 0.57, 0.435, 0.14, 0.8085, 0.3235, 0.183, 0.22, negative
M, 0.275, 0.2, 0.08, 0.099, 0.037, 0.024, 0.03, negative
M, 0.345, 0.265, 0.09, 0.163, 0.0615, 0.037, 0.0485, negative
I, 0.44, 0.34, 0.125, 0.4895, 0.1735, 0.0875, 0.2, negative
F, 0.425, 0.325, 0.135, 0.382, 0.1465, 0.079, 0.14, negative
I, 0.54, 0.435, 0.145, 0.97, 0.4285, 0.22, 0.264, negative
I, 0.47, 0.4, 0.16, 0.51, 0.1615, 0.073, 0.198, negative
I, 0.44, 0.33, 0.135, 0.522, 0.17, 0.0905, 0.195, negative
I, 0.19, 0.13, 0.045, 0.0265, 0.0090, 0.0050, 0.0090, negative
M, 0.495, 0.4, 0.12, 0.6605, 0.2605, 0.161, 0.19, negative
M, 0.515, 0.4, 0.125, 0.955, 0.341, 0.2535, 0.26, negative
M, 0.62, 0.48, 0.16, 1.0765, 0.412, 0.253, 0.3, negative
M, 0.48, 0.395, 0.15, 0.6815, 0.2145, 0.1405, 0.2495, negative
M, 0.37, 0.28, 0.105, 0.224, 0.0815, 0.0575, 0.075, negative
I, 0.39, 0.315, 0.09, 0.3095, 0.147, 0.05, 0.09, negative
I, 0.415, 0.31, 0.105, 0.3595, 0.167, 0.083, 0.0915, negative
M, 0.59, 0.47, 0.135, 1.1685, 0.539, 0.279, 0.28, negative
M, 0.61, 0.47, 0.155, 1.0325, 0.497, 0.2175, 0.2785, negative
I, 0.325, 0.24, 0.075, 0.152, 0.065, 0.0305, 0.045, negative
I, 0.36, 0.27, 0.09, 0.219, 0.097, 0.0405, 0.065, negative
I, 0.485, 0.37, 0.1, 0.513, 0.219, 0.1075, 0.13, negative
I, 0.5, 0.385, 0.11, 0.596, 0.3015, 0.104, 0.151, negative
F, 0.525, 0.44, 0.125, 0.7115, 0.3205, 0.159, 0.1915, negative
M, 0.625, 0.485, 0.17, 1.437, 0.5855, 0.293, 0.475, negative
F, 0.64, 0.48, 0.195, 1.1435, 0.4915, 0.2345, 0.353, negative
F, 0.715, 0.585, 0.23, 2.0725, 0.8655, 0.4095, 0.565, negative
I, 0.165, 0.12, 0.05, 0.021, 0.0075, 0.0045, 0.014, negative
I, 0.45, 0.34, 0.105, 0.4385, 0.21, 0.0925, 0.12, negative
I, 0.465, 0.345, 0.105, 0.4015, 0.242, 0.0345, 0.109, negative
I, 0.475, 0.42, 0.16, 0.7095, 0.35, 0.1505, 0.1845, negative
M, 0.6, 0.475, 0.16, 1.164, 0.5045, 0.2635, 0.335, negative
F, 0.615, 0.49, 0.19, 1.1345, 0.4695, 0.257, 0.348, negative
M, 0.625, 0.495, 0.18, 1.0815, 0.4715, 0.254, 0.3135, negative
M, 0.625, 0.47, 0.175, 1.179, 0.605, 0.258, 0.271, negative
F, 0.645, 0.52, 0.175, 1.3345, 0.667, 0.2665, 0.355, negative
F, 0.66, 0.5, 0.175, 1.3275, 0.556, 0.2805, 0.4085, negative
I, 0.35, 0.26, 0.09, 0.1765, 0.072, 0.0355, 0.0575, negative
I, 0.35, 0.265, 0.085, 0.1735, 0.0775, 0.034, 0.056, negative
I, 0.36, 0.265, 0.09, 0.2055, 0.096, 0.037, 0.0585, negative
I, 0.38, 0.285, 0.09, 0.2305, 0.1005, 0.039, 0.0775, negative
I, 0.43, 0.325, 0.105, 0.309, 0.119, 0.08, 0.098, negative
I, 0.435, 0.34, 0.12, 0.396, 0.1775, 0.081, 0.125, negative
I, 0.455, 0.435, 0.11, 0.4265, 0.195, 0.09, 0.1205, negative
I, 0.475, 0.36, 0.135, 0.4355, 0.196, 0.0925, 0.125, negative
F, 0.495, 0.37, 0.12, 0.594, 0.28, 0.11, 0.1375, negative
I, 0.53, 0.405, 0.13, 0.6615, 0.2945, 0.1395, 0.19, negative
F, 0.6, 0.47, 0.17, 1.0805, 0.4995, 0.2245, 0.3205, negative
F, 0.625, 0.475, 0.16, 1.3335, 0.605, 0.2875, 0.319, negative
F, 0.625, 0.5, 0.175, 1.273, 0.564, 0.302, 0.374, negative
M, 0.625, 0.49, 0.165, 1.1835, 0.517, 0.2375, 0.39, negative
M, 0.655, 0.525, 0.16, 1.46, 0.686, 0.311, 0.405, negative
M, 0.685, 0.53, 0.17, 1.56, 0.647, 0.383, 0.465, negative
M, 0.735, 0.555, 0.22, 2.333, 1.2395, 0.3645, 0.6195, negative
I, 0.37, 0.285, 0.095, 0.226, 0.1135, 0.0515, 0.0675, negative
I, 0.395, 0.3, 0.09, 0.2855, 0.1385, 0.0625, 0.077, negative
M, 0.615, 0.475, 0.155, 1.0735, 0.4375, 0.2585, 0.31, negative
F, 0.64, 0.5, 0.17, 1.12, 0.4955, 0.2645, 0.32, negative
M, 0.655, 0.505, 0.165, 1.27, 0.6035, 0.262, 0.335, negative
M, 0.69, 0.53, 0.19, 1.5955, 0.678, 0.331, 0.48, negative
M, 0.715, 0.525, 0.2, 1.89, 0.95, 0.436, 0.4305, negative
F, 0.735, 0.565, 0.225, 2.037, 0.87, 0.5145, 0.5675, negative
I, 0.37, 0.275, 0.095, 0.257, 0.1015, 0.055, 0.0825, negative
I, 0.39, 0.29, 0.09, 0.2745, 0.135, 0.0455, 0.078, negative
I, 0.44, 0.34, 0.105, 0.344, 0.123, 0.081, 0.125, negative
I, 0.465, 0.37, 0.115, 0.4075, 0.1515, 0.0935, 0.1455, negative
I, 0.485, 0.365, 0.125, 0.426, 0.163, 0.0965, 0.151, negative
I, 0.585, 0.46, 0.14, 0.7635, 0.326, 0.153, 0.265, negative
I, 0.595, 0.47, 0.135, 0.9365, 0.434, 0.184, 0.287, negative
F, 0.595, 0.45, 0.165, 1.081, 0.49, 0.2525, 0.279, negative
M, 0.6, 0.47, 0.16, 1.012, 0.441, 0.2015, 0.305, negative
M, 0.605, 0.49, 0.165, 1.1245, 0.492, 0.222, 0.3555, negative
M, 0.62, 0.525, 0.155, 1.085, 0.454, 0.1965, 0.35, negative
I, 0.63, 0.49, 0.17, 1.217, 0.5515, 0.212, 0.31, negative
F, 0.63, 0.505, 0.195, 1.306, 0.516, 0.3305, 0.375, negative
F, 0.65, 0.52, 0.195, 1.281, 0.5985, 0.246, 0.3825, negative
M, 0.65, 0.525, 0.205, 1.4275, 0.69, 0.306, 0.4355, negative
M, 0.67, 0.54, 0.195, 1.217, 0.532, 0.2735, 0.3315, negative
F, 0.67, 0.54, 0.2, 1.46, 0.6435, 0.328, 0.4165, negative
F, 0.675, 0.535, 0.185, 1.5575, 0.7035, 0.402, 0.4, negative
I, 0.35, 0.25, 0.1, 0.4015, 0.1725, 0.063, 0.1255, negative
I, 0.36, 0.25, 0.115, 0.465, 0.21, 0.1055, 0.128, negative
I, 0.38, 0.28, 0.095, 0.2885, 0.165, 0.0435, 0.067, negative
I, 0.465, 0.36, 0.105, 0.452, 0.22, 0.159, 0.1035, negative
I, 0.51, 0.375, 0.15, 0.8415, 0.3845, 0.156, 0.255, negative
M, 0.51, 0.38, 0.135, 0.681, 0.3435, 0.142, 0.17, negative
M, 0.615, 0.475, 0.15, 1.0375, 0.476, 0.2325, 0.283, negative
M, 0.625, 0.48, 0.18, 1.223, 0.565, 0.2975, 0.3375, negative
F, 0.695, 0.525, 0.205, 1.8185, 0.819, 0.4025, 0.4525, negative
I, 0.285, 0.205, 0.07, 0.106, 0.039, 0.0285, 0.034, negative
I, 0.475, 0.355, 0.135, 0.4775, 0.2145, 0.09, 0.1435, negative
I, 0.475, 0.36, 0.11, 0.452, 0.191, 0.099, 0.13, negative
F, 0.575, 0.46, 0.15, 0.927, 0.333, 0.207, 0.2985, negative
M, 0.615, 0.455, 0.13, 0.9685, 0.49, 0.182, 0.2655, negative
M, 0.625, 0.5, 0.185, 1.2425, 0.5995, 0.248, 0.335, negative
M, 0.63, 0.49, 0.16, 1.09, 0.407, 0.224, 0.354, negative
I, 0.425, 0.31, 0.095, 0.3505, 0.1645, 0.071, 0.1, negative
M, 0.595, 0.46, 0.155, 1.03, 0.4275, 0.207, 0.3305, negative
F, 0.545, 0.42, 0.175, 0.754, 0.256, 0.1775, 0.275, negative
M, 0.41, 0.325, 0.1, 0.3555, 0.146, 0.072, 0.105, negative
M, 0.52, 0.425, 0.125, 0.79, 0.372, 0.205, 0.19, negative
F, 0.615, 0.475, 0.145, 0.9525, 0.3915, 0.195, 0.32, negative
M, 0.575, 0.45, 0.16, 0.955, 0.44, 0.1685, 0.27, negative
M, 0.385, 0.3, 0.115, 0.3435, 0.1645, 0.085, 0.1025, negative
F, 0.565, 0.45, 0.165, 0.9765, 0.322, 0.244, 0.37, negative
F, 0.57, 0.44, 0.19, 1.018, 0.447, 0.207, 0.265, negative
F, 0.49, 0.385, 0.16, 0.656, 0.2455, 0.171, 0.205, negative
F, 0.525, 0.41, 0.15, 0.708, 0.274, 0.151, 0.25, negative
I, 0.38, 0.3, 0.1, 0.286, 0.1305, 0.056, 0.09, negative
F, 0.67, 0.545, 0.16, 1.5415, 0.5985, 0.2565, 0.495, negative
F, 0.46, 0.375, 0.12, 0.4915, 0.2205, 0.088, 0.17, negative
F, 0.56, 0.44, 0.155, 0.9705, 0.4315, 0.263, 0.255, negative
M, 0.76, 0.575, 0.19, 1.829, 0.7035, 0.386, 0.56, negative
F, 0.565, 0.46, 0.15, 0.8765, 0.3455, 0.1925, 0.275, negative
I, 0.14, 0.105, 0.035, 0.0145, 0.0050, 0.0035, 0.0050, negative
M, 0.635, 0.48, 0.235, 1.064, 0.413, 0.228, 0.36, negative
M, 0.245, 0.18, 0.065, 0.0635, 0.0245, 0.0135, 0.02, negative
I, 0.48, 0.39, 0.15, 0.6275, 0.276, 0.134, 0.185, negative
I, 0.455, 0.365, 0.135, 0.441, 0.1515, 0.1165, 0.145, negative
I, 0.54, 0.4, 0.145, 0.757, 0.315, 0.181, 0.215, negative
F, 0.52, 0.41, 0.16, 0.712, 0.2845, 0.153, 0.225, negative
M, 0.375, 0.28, 0.095, 0.2225, 0.0875, 0.043, 0.08, negative
F, 0.47, 0.35, 0.115, 0.487, 0.1955, 0.127, 0.155, negative
F, 0.65, 0.515, 0.215, 1.498, 0.564, 0.323, 0.425, negative
M, 0.505, 0.39, 0.105, 0.6555, 0.2595, 0.18, 0.19, negative
F, 0.525, 0.4, 0.115, 0.6295, 0.2555, 0.144, 0.18, negative
F, 0.61, 0.5, 0.18, 1.438, 0.5185, 0.3735, 0.3345, negative
M, 0.69, 0.55, 0.195, 1.777, 0.769, 0.38, 0.4305, negative
F, 0.72, 0.575, 0.195, 2.1505, 1.0745, 0.382, 0.585, negative
I, 0.27, 0.205, 0.075, 0.118, 0.059, 0.031, 0.0305, negative
I, 0.27, 0.19, 0.06, 0.099, 0.0445, 0.017, 0.03, negative
I, 0.315, 0.23, 0.07, 0.164, 0.0625, 0.04, 0.045, negative
M, 0.415, 0.315, 0.12, 0.4015, 0.199, 0.087, 0.097, negative
I, 0.475, 0.35, 0.12, 0.4905, 0.2035, 0.13, 0.135, negative
I, 0.58, 0.435, 0.15, 0.8915, 0.363, 0.1925, 0.2515, negative
F, 0.645, 0.525, 0.17, 1.37, 0.6135, 0.283, 0.34, negative
F, 0.655, 0.545, 0.185, 1.759, 0.6865, 0.313, 0.547, negative
M, 0.67, 0.51, 0.2, 1.5945, 0.6705, 0.3845, 0.4505, negative
I, 0.36, 0.27, 0.09, 0.2075, 0.098, 0.039, 0.062, negative
F, 0.585, 0.46, 0.15, 1.0035, 0.503, 0.2105, 0.2515, negative
F, 0.68, 0.55, 0.175, 1.473, 0.713, 0.282, 0.4295, negative
F, 0.69, 0.58, 0.195, 1.658, 0.708, 0.3615, 0.4715, negative
I, 0.44, 0.325, 0.11, 0.4965, 0.258, 0.1195, 0.1075, negative
M, 0.625, 0.495, 0.175, 1.2935, 0.5805, 0.317, 0.355, negative
M, 0.645, 0.51, 0.165, 1.403, 0.5755, 0.2515, 0.4545, negative
F, 0.69, 0.535, 0.185, 1.826, 0.797, 0.409, 0.499, negative
I, 0.4, 0.3, 0.115, 0.318, 0.1335, 0.0725, 0.0935, negative
I, 0.565, 0.465, 0.15, 1.1815, 0.581, 0.2215, 0.3095, negative
M, 0.59, 0.45, 0.155, 0.874, 0.369, 0.2135, 0.24, negative
I, 0.595, 0.475, 0.155, 0.984, 0.4865, 0.184, 0.2755, negative
F, 0.675, 0.52, 0.175, 1.494, 0.7365, 0.3055, 0.37, negative
M, 0.7, 0.545, 0.215, 1.9125, 0.8825, 0.4385, 0.506, negative
F, 0.71, 0.545, 0.175, 1.907, 0.8725, 0.4565, 0.475, negative
F, 0.72, 0.59, 0.205, 1.7495, 0.7755, 0.4225, 0.48, negative
M, 0.48, 0.365, 0.13, 0.5305, 0.2405, 0.127, 0.139, negative
I, 0.56, 0.42, 0.14, 0.837, 0.414, 0.214, 0.2, negative
I, 0.49, 0.375, 0.115, 0.557, 0.2275, 0.1335, 0.1765, negative
M, 0.555, 0.435, 0.145, 0.9205, 0.404, 0.2275, 0.255, negative
M, 0.58, 0.45, 0.14, 0.824, 0.3465, 0.1765, 0.263, negative
F, 0.6, 0.5, 0.17, 1.13, 0.4405, 0.267, 0.335, negative
M, 0.695, 0.53, 0.21, 1.51, 0.664, 0.4095, 0.385, negative
M, 0.695, 0.55, 0.195, 1.6645, 0.727, 0.36, 0.445, negative
I, 0.28, 0.215, 0.07, 0.124, 0.063, 0.0215, 0.03, negative
I, 0.39, 0.31, 0.085, 0.344, 0.181, 0.0695, 0.079, negative
M, 0.55, 0.43, 0.13, 0.8395, 0.3155, 0.1955, 0.2405, negative
M, 0.56, 0.43, 0.155, 0.8675, 0.4, 0.172, 0.229, negative
