@relation abalone19
@attribute Sex {M, F, I}
@attribute Length real [0.075, 0.815]
@attribute Diameter real [0.055, 0.65]
@attribute Height real [0.0, 1.13]
@attribute Whole_weight real [0.0020, 2.8255]
@attribute Shucked_weight real [0.0010, 1.488]
@attribute Viscera_weight real [5.0E-4, 0.76]
@attribute Shell_weight real [0.0015, 1.005]
@attribute Class {positive, negative}
@inputs Sex, Length, Diameter, Height, Whole_weight, Shucked_weight, Viscera_weight, Shell_weight
@outputs Class
@data
I, 0.33, 0.255, 0.08, 0.205, 0.0895, 0.0395, 0.055, negative
M, 0.475, 0.37, 0.125, 0.5095, 0.2165, 0.1125, 0.165, negative
M, 0.59, 0.445, 0.14, 0.931, 0.356, 0.234, 0.28, negative
M, 0.665, 0.525, 0.165, 1.338, 0.5515, 0.3575, 0.35, negative
M, 0.465, 0.355, 0.105, 0.4795, 0.227, 0.124, 0.125, negative
F, 0.45, 0.335, 0.105, 0.425, 0.1865, 0.091, 0.115, negative
I, 0.325, 0.245, 0.07, 0.161, 0.0755, 0.0255, 0.045, negative
F, 0.47, 0.36, 0.12, 0.4775, 0.2105, 0.1055, 0.15, negative
I, 0.245, 0.19, 0.06, 0.086, 0.042, 0.014, 0.025, negative
M, 0.475, 0.355, 0.12, 0.48, 0.234, 0.1015, 0.135, negative
F, 0.4, 0.32, 0.11, 0.353, 0.1405, 0.0985, 0.1, negative
F, 0.555, 0.425, 0.14, 0.788, 0.282, 0.1595, 0.285, negative
F, 0.615, 0.475, 0.17, 1.1025, 0.4695, 0.2355, 0.345, negative
M, 0.58, 0.45, 0.14, 1.013, 0.38, 0.216, 0.36, negative
M, 0.665, 0.535, 0.195, 1.606, 0.5755, 0.388, 0.48, negative
M, 0.47, 0.375, 0.13, 0.523, 0.214, 0.132, 0.145, negative
M, 0.605, 0.47, 0.16, 1.1735, 0.4975, 0.2405, 0.345, negative
F, 0.51, 0.39, 0.135, 0.6335, 0.231, 0.179, 0.2, negative
M, 0.495, 0.395, 0.125, 0.5415, 0.2375, 0.1345, 0.155, negative
I, 0.435, 0.32, 0.08, 0.3325, 0.1485, 0.0635, 0.105, negative
F, 0.53, 0.415, 0.115, 0.5915, 0.233, 0.1585, 0.18, negative
I, 0.385, 0.29, 0.085, 0.2505, 0.112, 0.061, 0.08, negative
F, 0.55, 0.45, 0.145, 0.741, 0.295, 0.1435, 0.2665, negative
M, 0.475, 0.375, 0.13, 0.5175, 0.2075, 0.1165, 0.17, negative
F, 0.565, 0.45, 0.135, 0.9885, 0.387, 0.1495, 0.31, negative
F, 0.725, 0.56, 0.21, 2.141, 0.65, 0.398, 1.005, negative
F, 0.725, 0.575, 0.175, 2.124, 0.765, 0.4515, 0.85, negative
F, 0.68, 0.515, 0.175, 1.6185, 0.5125, 0.409, 0.62, negative
F, 0.645, 0.51, 0.2, 1.5675, 0.621, 0.367, 0.46, negative
F, 0.63, 0.5, 0.185, 1.383, 0.54, 0.3315, 0.38, negative
F, 0.51, 0.4, 0.14, 0.8145, 0.459, 0.1965, 0.195, negative
M, 0.5, 0.405, 0.155, 0.772, 0.346, 0.1535, 0.245, negative
M, 0.42, 0.335, 0.115, 0.369, 0.171, 0.071, 0.12, negative
F, 0.525, 0.415, 0.17, 0.8325, 0.2755, 0.1685, 0.31, negative
M, 0.47, 0.36, 0.135, 0.501, 0.1665, 0.115, 0.165, negative
F, 0.445, 0.325, 0.125, 0.455, 0.1785, 0.1125, 0.14, negative
F, 0.47, 0.35, 0.145, 0.5175, 0.187, 0.1235, 0.18, negative
F, 0.5, 0.37, 0.135, 0.45, 0.1715, 0.1055, 0.155, negative
M, 0.625, 0.505, 0.215, 1.4455, 0.496, 0.287, 0.435, negative
I, 0.16, 0.12, 0.035, 0.021, 0.0075, 0.0045, 0.0050, negative
M, 0.565, 0.425, 0.16, 0.9425, 0.3495, 0.2185, 0.275, negative
I, 0.23, 0.175, 0.065, 0.0645, 0.026, 0.0105, 0.02, negative
I, 0.36, 0.275, 0.085, 0.1975, 0.0745, 0.0415, 0.07, negative
M, 0.59, 0.47, 0.18, 1.1235, 0.4205, 0.2805, 0.36, negative
F, 0.595, 0.455, 0.155, 1.0605, 0.5135, 0.2165, 0.3, negative
M, 0.6, 0.495, 0.165, 1.2415, 0.485, 0.2775, 0.34, negative
M, 0.56, 0.45, 0.175, 1.011, 0.3835, 0.2065, 0.37, negative
I, 0.245, 0.195, 0.06, 0.095, 0.0445, 0.0245, 0.026, negative
M, 0.35, 0.275, 0.11, 0.2925, 0.1225, 0.0635, 0.0905, negative
M, 0.62, 0.485, 0.205, 1.219, 0.3875, 0.2505, 0.385, negative
F, 0.515, 0.425, 0.135, 0.712, 0.2665, 0.1605, 0.25, negative
F, 0.455, 0.355, 0.12, 0.4495, 0.177, 0.104, 0.15, negative
M, 0.44, 0.355, 0.125, 0.4775, 0.132, 0.0815, 0.19, negative
M, 0.36, 0.27, 0.1, 0.217, 0.0885, 0.0495, 0.0715, negative
M, 0.645, 0.515, 0.24, 1.5415, 0.471, 0.369, 0.535, negative
M, 0.56, 0.44, 0.14, 0.971, 0.443, 0.2045, 0.265, negative
I, 0.32, 0.255, 0.1, 0.1755, 0.073, 0.0415, 0.065, negative
M, 0.36, 0.295, 0.105, 0.241, 0.0865, 0.053, 0.095, negative
M, 0.62, 0.465, 0.19, 1.3415, 0.5705, 0.3175, 0.355, negative
M, 0.59, 0.45, 0.185, 1.283, 0.473, 0.276, 0.425, negative
F, 0.46, 0.425, 0.155, 0.746, 0.3005, 0.152, 0.24, negative
F, 0.525, 0.42, 0.16, 0.756, 0.2745, 0.173, 0.275, negative
I, 0.34, 0.26, 0.08, 0.2, 0.08, 0.0555, 0.055, negative
M, 0.61, 0.48, 0.15, 1.2, 0.56, 0.2455, 0.28, negative
M, 0.675, 0.525, 0.185, 1.587, 0.6935, 0.336, 0.395, negative
F, 0.685, 0.545, 0.18, 1.768, 0.7495, 0.392, 0.485, negative
F, 0.59, 0.465, 0.15, 0.997, 0.392, 0.246, 0.34, negative
F, 0.6, 0.48, 0.15, 1.029, 0.4085, 0.2705, 0.295, negative
F, 0.7, 0.575, 0.17, 1.31, 0.5095, 0.314, 0.42, negative
M, 0.535, 0.42, 0.145, 0.791, 0.33, 0.189, 0.25, negative
I, 0.415, 0.325, 0.1, 0.3215, 0.1535, 0.0595, 0.105, negative
M, 0.515, 0.455, 0.135, 0.7225, 0.295, 0.1625, 0.235, negative
M, 0.45, 0.355, 0.115, 0.479, 0.2125, 0.1045, 0.15, negative
M, 0.555, 0.45, 0.145, 0.915, 0.4, 0.246, 0.285, negative
M, 0.585, 0.475, 0.12, 0.945, 0.41, 0.2115, 0.28, negative
M, 0.545, 0.41, 0.14, 0.625, 0.223, 0.16, 0.235, negative
F, 0.67, 0.54, 0.165, 1.5015, 0.518, 0.358, 0.505, negative
M, 0.58, 0.45, 0.175, 1.068, 0.425, 0.203, 0.32, negative
M, 0.565, 0.455, 0.17, 0.9065, 0.342, 0.156, 0.32, negative
I, 0.385, 0.305, 0.095, 0.252, 0.0915, 0.055, 0.09, negative
F, 0.56, 0.455, 0.19, 0.714, 0.283, 0.129, 0.275, negative
M, 0.565, 0.435, 0.185, 0.9815, 0.329, 0.136, 0.39, negative
M, 0.605, 0.5, 0.175, 1.098, 0.4765, 0.232, 0.375, negative
F, 0.64, 0.54, 0.175, 1.221, 0.51, 0.259, 0.39, negative
M, 0.38, 0.285, 0.1, 0.2665, 0.115, 0.061, 0.075, negative
F, 0.67, 0.55, 0.19, 1.3905, 0.5425, 0.3035, 0.4, negative
M, 0.735, 0.59, 0.225, 1.756, 0.637, 0.3405, 0.58, negative
M, 0.55, 0.45, 0.13, 0.92, 0.378, 0.2385, 0.29, negative
M, 0.54, 0.42, 0.135, 0.8075, 0.3485, 0.1795, 0.235, negative
M, 0.625, 0.5, 0.195, 1.369, 0.5875, 0.2185, 0.37, negative
I, 0.68, 0.53, 0.185, 1.1095, 0.439, 0.245, 0.34, negative
M, 0.28, 0.2, 0.08, 0.0915, 0.033, 0.0215, 0.03, negative
M, 0.21, 0.15, 0.05, 0.0385, 0.0155, 0.0085, 0.01, negative
F, 0.57, 0.45, 0.16, 0.9715, 0.3965, 0.255, 0.26, negative
M, 0.445, 0.35, 0.115, 0.3615, 0.1565, 0.0695, 0.117, negative
I, 0.485, 0.39, 0.125, 0.591, 0.287, 0.141, 0.12, negative
I, 0.5, 0.385, 0.15, 0.6265, 0.2605, 0.1665, 0.16, negative
I, 0.515, 0.4, 0.12, 0.659, 0.2705, 0.179, 0.17, negative
M, 0.28, 0.21, 0.08, 0.1085, 0.041, 0.0265, 0.0345, negative
F, 0.41, 0.32, 0.115, 0.387, 0.165, 0.1005, 0.0985, negative
F, 0.57, 0.44, 0.14, 0.9535, 0.3785, 0.201, 0.305, negative
F, 0.61, 0.475, 0.14, 1.133, 0.5275, 0.2355, 0.35, negative
F, 0.645, 0.525, 0.19, 1.4635, 0.6615, 0.3435, 0.435, positive
I, 0.46, 0.355, 0.14, 0.4935, 0.216, 0.133, 0.115, negative
F, 0.66, 0.52, 0.18, 1.514, 0.526, 0.2975, 0.42, positive
I, 0.605, 0.47, 0.14, 0.939, 0.3385, 0.201, 0.32, negative
M, 0.195, 0.145, 0.05, 0.032, 0.01, 0.0080, 0.012, negative
I, 0.495, 0.37, 0.125, 0.4775, 0.185, 0.0705, 0.169, negative
M, 0.46, 0.365, 0.125, 0.467, 0.1895, 0.0945, 0.158, negative
M, 0.38, 0.235, 0.1, 0.258, 0.1055, 0.054, 0.08, negative
M, 0.355, 0.26, 0.085, 0.1905, 0.081, 0.0485, 0.055, negative
F, 0.51, 0.4, 0.13, 0.5735, 0.219, 0.1365, 0.195, negative
M, 0.325, 0.24, 0.085, 0.173, 0.0795, 0.038, 0.05, negative
M, 0.48, 0.375, 0.145, 0.777, 0.216, 0.13, 0.17, negative
F, 0.475, 0.36, 0.125, 0.447, 0.1695, 0.081, 0.14, negative
M, 0.255, 0.18, 0.065, 0.079, 0.034, 0.014, 0.025, negative
I, 0.45, 0.355, 0.12, 0.412, 0.1145, 0.0665, 0.16, positive
M, 0.455, 0.35, 0.12, 0.4835, 0.1815, 0.144, 0.16, negative
F, 0.485, 0.38, 0.15, 0.605, 0.2155, 0.14, 0.18, negative
M, 0.55, 0.425, 0.155, 0.9175, 0.2775, 0.243, 0.335, negative
F, 0.53, 0.41, 0.165, 0.8115, 0.24, 0.169, 0.24, positive
F, 0.49, 0.385, 0.15, 0.7865, 0.241, 0.14, 0.24, negative
M, 0.54, 0.415, 0.145, 0.74, 0.2635, 0.168, 0.245, negative
M, 0.5, 0.375, 0.15, 0.636, 0.2535, 0.145, 0.19, negative
I, 0.255, 0.19, 0.075, 0.0865, 0.0345, 0.0205, 0.025, negative
F, 0.43, 0.325, 0.115, 0.3865, 0.1475, 0.1065, 0.11, negative
F, 0.48, 0.385, 0.135, 0.536, 0.1895, 0.142, 0.173, negative
M, 0.395, 0.295, 0.115, 0.316, 0.1205, 0.0595, 0.1105, negative
M, 0.36, 0.295, 0.13, 0.2765, 0.0895, 0.057, 0.1005, negative
M, 0.355, 0.265, 0.085, 0.201, 0.069, 0.053, 0.0695, negative
I, 0.275, 0.2, 0.065, 0.1035, 0.0475, 0.0205, 0.03, negative
I, 0.25, 0.19, 0.06, 0.0765, 0.036, 0.0115, 0.0245, negative
I, 0.16, 0.11, 0.025, 0.018, 0.0065, 0.0055, 0.0050, negative
M, 0.4, 0.305, 0.085, 0.297, 0.108, 0.0705, 0.1, negative
F, 0.52, 0.4, 0.12, 0.6515, 0.261, 0.2015, 0.165, negative
M, 0.545, 0.42, 0.13, 0.879, 0.374, 0.1695, 0.23, negative
M, 0.525, 0.425, 0.12, 0.8665, 0.2825, 0.176, 0.29, negative
M, 0.445, 0.345, 0.09, 0.3795, 0.143, 0.074, 0.125, negative
M, 0.53, 0.415, 0.13, 0.8425, 0.275, 0.1945, 0.265, negative
F, 0.53, 0.42, 0.13, 1.001, 0.34, 0.226, 0.265, negative
M, 0.535, 0.42, 0.13, 0.8055, 0.301, 0.181, 0.28, negative
F, 0.51, 0.39, 0.105, 0.612, 0.187, 0.15, 0.195, negative
F, 0.58, 0.455, 0.165, 1.1365, 0.369, 0.3005, 0.275, negative
M, 0.62, 0.505, 0.185, 1.5275, 0.69, 0.368, 0.35, negative
F, 0.54, 0.44, 0.135, 0.959, 0.2385, 0.221, 0.3, negative
M, 0.64, 0.51, 0.19, 1.613, 0.6215, 0.361, 0.47, negative
M, 0.515, 0.435, 0.145, 0.8815, 0.292, 0.206, 0.255, negative
F, 0.57, 0.465, 0.16, 0.8935, 0.3145, 0.2575, 0.263, negative
M, 0.44, 0.335, 0.11, 0.394, 0.157, 0.096, 0.122, negative
M, 0.45, 0.335, 0.125, 0.349, 0.119, 0.1055, 0.115, negative
M, 0.425, 0.33, 0.13, 0.4405, 0.152, 0.0935, 0.155, negative
I, 0.37, 0.275, 0.1, 0.22, 0.094, 0.045, 0.065, negative
F, 0.44, 0.34, 0.13, 0.4195, 0.153, 0.1155, 0.13, negative
F, 0.52, 0.41, 0.115, 0.807, 0.2855, 0.179, 0.235, negative
F, 0.49, 0.365, 0.13, 0.6835, 0.165, 0.1315, 0.205, negative
I, 0.255, 0.185, 0.06, 0.088, 0.0365, 0.021, 0.023, negative
I, 0.325, 0.25, 0.08, 0.1735, 0.0765, 0.0345, 0.049, negative
I, 0.395, 0.29, 0.095, 0.319, 0.138, 0.08, 0.082, negative
I, 0.415, 0.32, 0.11, 0.3735, 0.175, 0.0755, 0.109, negative
I, 0.445, 0.335, 0.1, 0.4895, 0.2745, 0.086, 0.1105, negative
I, 0.45, 0.35, 0.13, 0.547, 0.245, 0.1405, 0.1405, negative
M, 0.525, 0.395, 0.13, 0.7635, 0.3375, 0.1425, 0.225, negative
M, 0.59, 0.46, 0.13, 1.102, 0.455, 0.2055, 0.33, negative
F, 0.595, 0.475, 0.16, 1.1405, 0.547, 0.231, 0.271, negative
M, 0.6, 0.475, 0.175, 1.3445, 0.549, 0.2875, 0.36, negative
M, 0.615, 0.51, 0.15, 1.296, 0.545, 0.3315, 0.32, negative
M, 0.63, 0.505, 0.165, 1.26, 0.4525, 0.2755, 0.406, negative
F, 0.64, 0.51, 0.165, 1.486, 0.7595, 0.332, 0.321, negative
F, 0.68, 0.56, 0.195, 1.7775, 0.861, 0.322, 0.415, negative
F, 0.695, 0.56, 0.22, 1.834, 0.8455, 0.422, 0.455, negative
M, 0.73, 0.595, 0.23, 2.8255, 1.1465, 0.419, 0.897, negative
I, 0.205, 0.14, 0.05, 0.046, 0.0165, 0.012, 0.0135, negative
I, 0.265, 0.195, 0.06, 0.092, 0.0345, 0.025, 0.0245, negative
I, 0.295, 0.23, 0.08, 0.1625, 0.065, 0.05, 0.0385, negative
I, 0.32, 0.24, 0.09, 0.1575, 0.07, 0.0265, 0.0425, negative
I, 0.375, 0.28, 0.09, 0.215, 0.084, 0.06, 0.055, negative
I, 0.385, 0.265, 0.08, 0.251, 0.124, 0.037, 0.07, negative
I, 0.41, 0.31, 0.09, 0.3335, 0.1635, 0.061, 0.091, negative
I, 0.415, 0.33, 0.09, 0.3595, 0.17, 0.081, 0.09, negative
I, 0.42, 0.315, 0.1, 0.3435, 0.157, 0.0795, 0.09, negative
I, 0.425, 0.34, 0.1, 0.382, 0.164, 0.096, 0.1, negative
F, 0.445, 0.335, 0.11, 0.4355, 0.2025, 0.1095, 0.1195, negative
M, 0.48, 0.375, 0.115, 0.6765, 0.3205, 0.1065, 0.17, negative
M, 0.495, 0.395, 0.135, 0.6335, 0.3035, 0.1295, 0.1495, negative
F, 0.53, 0.425, 0.15, 0.8495, 0.328, 0.232, 0.202, negative
F, 0.535, 0.4, 0.135, 0.8215, 0.3935, 0.196, 0.205, negative
M, 0.535, 0.43, 0.14, 0.7165, 0.2855, 0.1595, 0.2155, negative
M, 0.535, 0.435, 0.14, 0.874, 0.3735, 0.229, 0.2195, negative
F, 0.55, 0.43, 0.14, 0.8105, 0.368, 0.161, 0.275, negative
F, 0.56, 0.455, 0.16, 0.967, 0.4525, 0.207, 0.274, negative
F, 0.58, 0.46, 0.15, 1.1155, 0.5575, 0.2255, 0.29, negative
M, 0.58, 0.49, 0.13, 1.1335, 0.586, 0.2565, 0.237, negative
F, 0.595, 0.45, 0.15, 1.114, 0.5865, 0.2205, 0.25, negative
F, 0.62, 0.51, 0.18, 1.3315, 0.594, 0.276, 0.388, negative
F, 0.625, 0.48, 0.17, 1.3525, 0.6235, 0.278, 0.365, negative
F, 0.63, 0.495, 0.165, 1.3075, 0.599, 0.284, 0.315, negative
F, 0.64, 0.5, 0.175, 1.394, 0.4935, 0.291, 0.4, negative
M, 0.645, 0.52, 0.175, 1.636, 0.779, 0.342, 0.432, negative
M, 0.645, 0.52, 0.175, 1.561, 0.709, 0.3555, 0.4, negative
M, 0.65, 0.52, 0.21, 1.6785, 0.6665, 0.308, 0.46, negative
M, 0.65, 0.525, 0.185, 1.622, 0.6645, 0.3225, 0.477, negative
M, 0.68, 0.535, 0.185, 1.607, 0.7245, 0.3215, 0.498, negative
I, 0.25, 0.18, 0.065, 0.0685, 0.0245, 0.0155, 0.0225, negative
I, 0.265, 0.195, 0.055, 0.084, 0.0365, 0.0175, 0.025, negative
I, 0.275, 0.195, 0.065, 0.106, 0.054, 0.02, 0.028, negative
I, 0.285, 0.22, 0.065, 0.096, 0.0405, 0.0205, 0.03, negative
I, 0.315, 0.235, 0.055, 0.151, 0.065, 0.027, 0.039, negative
I, 0.37, 0.28, 0.1, 0.221, 0.1165, 0.0265, 0.0635, negative
I, 0.375, 0.275, 0.1, 0.2325, 0.1165, 0.042, 0.065, negative
I, 0.42, 0.32, 0.11, 0.3625, 0.174, 0.0635, 0.105, negative
I, 0.42, 0.31, 0.095, 0.279, 0.1255, 0.051, 0.088, negative
I, 0.425, 0.325, 0.115, 0.3685, 0.162, 0.0865, 0.1045, negative
I, 0.435, 0.345, 0.115, 0.418, 0.222, 0.0735, 0.106, negative
I, 0.445, 0.345, 0.105, 0.409, 0.1675, 0.1015, 0.117, negative
I, 0.5, 0.375, 0.14, 0.5495, 0.248, 0.112, 0.1585, negative
I, 0.5, 0.375, 0.12, 0.542, 0.215, 0.116, 0.17, negative
I, 0.51, 0.38, 0.115, 0.5155, 0.215, 0.1135, 0.166, negative
I, 0.52, 0.38, 0.125, 0.5545, 0.288, 0.1295, 0.167, negative
M, 0.525, 0.405, 0.12, 0.7555, 0.3755, 0.1555, 0.201, negative
I, 0.53, 0.4, 0.125, 0.617, 0.279, 0.127, 0.19, negative
I, 0.535, 0.39, 0.125, 0.599, 0.2595, 0.149, 0.169, negative
M, 0.56, 0.415, 0.145, 0.852, 0.43, 0.1885, 0.205, negative
M, 0.565, 0.435, 0.15, 0.99, 0.5795, 0.1825, 0.206, negative
F, 0.565, 0.45, 0.175, 1.0095, 0.447, 0.2375, 0.2645, negative
M, 0.57, 0.46, 0.15, 1.0375, 0.5415, 0.2035, 0.25, negative
F, 0.575, 0.45, 0.16, 1.068, 0.556, 0.214, 0.2575, negative
M, 0.575, 0.455, 0.135, 0.907, 0.4245, 0.197, 0.26, negative
I, 0.575, 0.435, 0.13, 0.805, 0.3155, 0.2155, 0.245, negative
M, 0.585, 0.46, 0.145, 0.9335, 0.478, 0.1825, 0.235, negative
F, 0.605, 0.47, 0.165, 1.1775, 0.611, 0.2275, 0.292, negative
F, 0.615, 0.465, 0.15, 0.923, 0.4615, 0.1825, 0.2415, negative
F, 0.635, 0.495, 0.015, 1.1565, 0.5115, 0.308, 0.2885, negative
M, 0.645, 0.53, 0.195, 1.39, 0.6465, 0.2945, 0.3735, negative
F, 0.655, 0.51, 0.175, 1.415, 0.5885, 0.3725, 0.364, negative
F, 0.66, 0.53, 0.185, 1.346, 0.546, 0.2705, 0.476, negative
M, 0.665, 0.525, 0.16, 1.363, 0.629, 0.279, 0.34, negative
I, 0.665, 0.5, 0.17, 1.2975, 0.6035, 0.291, 0.3595, negative
M, 0.685, 0.52, 0.165, 1.519, 0.699, 0.3685, 0.4, negative
M, 0.715, 0.535, 0.19, 1.6755, 0.889, 0.313, 0.42, negative
F, 0.78, 0.63, 0.215, 2.657, 1.488, 0.4985, 0.586, negative
I, 0.31, 0.225, 0.07, 0.1055, 0.435, 0.015, 0.04, negative
I, 0.315, 0.23, 0.08, 0.1375, 0.0545, 0.031, 0.0445, negative
I, 0.33, 0.25, 0.095, 0.2085, 0.102, 0.0395, 0.052, negative
I, 0.365, 0.27, 0.085, 0.196, 0.0825, 0.0375, 0.06, negative
I, 0.365, 0.265, 0.085, 0.213, 0.0945, 0.049, 0.06, negative
I, 0.37, 0.29, 0.09, 0.2445, 0.089, 0.0655, 0.075, negative
I, 0.385, 0.28, 0.085, 0.2175, 0.097, 0.038, 0.067, negative
I, 0.385, 0.28, 0.09, 0.228, 0.1025, 0.042, 0.0655, negative
I, 0.39, 0.3, 0.095, 0.3265, 0.1665, 0.0575, 0.089, negative
I, 0.4, 0.29, 0.1, 0.2675, 0.1205, 0.0605, 0.0765, negative
I, 0.43, 0.315, 0.095, 0.378, 0.175, 0.08, 0.1045, negative
I, 0.435, 0.315, 0.11, 0.3685, 0.1615, 0.0715, 0.12, negative
I, 0.44, 0.34, 0.12, 0.438, 0.2115, 0.083, 0.12, negative
I, 0.455, 0.33, 0.1, 0.372, 0.358, 0.0775, 0.11, negative
I, 0.46, 0.35, 0.105, 0.3705, 0.1575, 0.077, 0.114, negative
F, 0.46, 0.365, 0.125, 0.4785, 0.206, 0.1045, 0.141, negative
I, 0.475, 0.355, 0.1, 0.5035, 0.2535, 0.091, 0.14, negative
M, 0.495, 0.395, 0.12, 0.553, 0.224, 0.1375, 0.167, negative
I, 0.5, 0.395, 0.14, 0.6215, 0.2925, 0.1205, 0.195, negative
I, 0.52, 0.395, 0.125, 0.663, 0.3005, 0.131, 0.1905, negative
I, 0.53, 0.415, 0.13, 0.694, 0.3905, 0.111, 0.167, negative
F, 0.545, 0.445, 0.15, 0.8, 0.3535, 0.163, 0.207, negative
I, 0.55, 0.43, 0.145, 0.7895, 0.3745, 0.171, 0.223, negative
I, 0.55, 0.435, 0.14, 0.7535, 0.3285, 0.1555, 0.2325, negative
I, 0.555, 0.425, 0.145, 0.7905, 0.3485, 0.1765, 0.225, negative
M, 0.57, 0.435, 0.125, 0.8965, 0.383, 0.1835, 0.275, negative
F, 0.575, 0.48, 0.165, 1.078, 0.511, 0.2095, 0.306, negative
M, 0.575, 0.46, 0.155, 0.892, 0.4415, 0.176, 0.22, negative
M, 0.58, 0.46, 0.155, 1.4395, 0.6715, 0.273, 0.2955, negative
M, 0.585, 0.465, 0.155, 0.9145, 0.4555, 0.1965, 0.235, negative
M, 0.59, 0.455, 0.155, 0.8855, 0.388, 0.188, 0.275, negative
F, 0.595, 0.465, 0.155, 1.026, 0.4645, 0.112, 0.305, negative
F, 0.62, 0.5, 0.15, 1.293, 0.596, 0.3135, 0.354, negative
F, 0.62, 0.475, 0.16, 1.1295, 0.463, 0.2685, 0.33, negative
I, 0.63, 0.475, 0.145, 1.0605, 0.5165, 0.2195, 0.28, negative
M, 0.635, 0.475, 0.17, 1.1935, 0.5205, 0.2695, 0.3665, negative
M, 0.64, 0.525, 0.18, 1.3135, 0.4865, 0.2995, 0.4075, negative
M, 0.645, 0.51, 0.16, 1.1835, 0.556, 0.2385, 0.345, negative
F, 0.65, 0.59, 0.22, 1.662, 0.77, 0.378, 0.435, negative
M, 0.65, 0.525, 0.175, 1.5365, 0.6865, 0.3585, 0.405, negative
F, 0.655, 0.52, 0.19, 1.4545, 0.6, 0.3865, 0.383, negative
F, 0.705, 0.57, 0.18, 1.5345, 0.96, 0.4195, 0.43, negative
F, 0.71, 0.55, 0.17, 1.614, 0.743, 0.345, 0.45, negative
F, 0.735, 0.565, 0.205, 2.1275, 0.949, 0.46, 0.565, negative
I, 0.23, 0.165, 0.06, 0.0515, 0.019, 0.0145, 0.036, negative
I, 0.395, 0.295, 0.09, 0.3025, 0.143, 0.0665, 0.0765, negative
M, 0.45, 0.335, 0.125, 0.4475, 0.2165, 0.126, 0.11, negative
M, 0.485, 0.39, 0.085, 0.6435, 0.2945, 0.103, 0.198, negative
F, 0.495, 0.38, 0.12, 0.573, 0.2655, 0.1285, 0.144, negative
I, 0.515, 0.395, 0.125, 0.556, 0.2695, 0.096, 0.17, negative
I, 0.515, 0.4, 0.125, 0.5625, 0.25, 0.1245, 0.17, negative
M, 0.52, 0.4, 0.125, 0.559, 0.254, 0.139, 0.149, negative
F, 0.55, 0.43, 0.14, 0.84, 0.375, 0.218, 0.1945, negative
F, 0.56, 0.43, 0.15, 0.8745, 0.453, 0.161, 0.22, negative
F, 0.56, 0.435, 0.15, 0.8715, 0.4755, 0.1835, 0.1835, negative
F, 0.59, 0.46, 0.145, 0.9905, 0.453, 0.2205, 0.275, negative
M, 0.6, 0.465, 0.2, 1.259, 0.6405, 0.1985, 0.357, negative
M, 0.62, 0.485, 0.155, 1.049, 0.462, 0.231, 0.25, negative
M, 0.625, 0.52, 0.175, 1.4105, 0.691, 0.322, 0.3465, negative
F, 0.635, 0.505, 0.145, 1.1345, 0.505, 0.2655, 0.315, negative
M, 0.635, 0.51, 0.185, 1.308, 0.544, 0.318, 0.377, negative
M, 0.65, 0.515, 0.175, 1.466, 0.677, 0.3045, 0.4, negative
M, 0.725, 0.575, 0.24, 2.21, 1.351, 0.413, 0.5015, negative
I, 0.21, 0.17, 0.045, 0.0475, 0.019, 0.011, 0.013, negative
I, 0.295, 0.215, 0.07, 0.121, 0.047, 0.0155, 0.0405, negative
I, 0.305, 0.225, 0.09, 0.1465, 0.063, 0.034, 0.0415, negative
I, 0.35, 0.26, 0.075, 0.18, 0.09, 0.0245, 0.055, negative
I, 0.37, 0.27, 0.095, 0.2175, 0.097, 0.046, 0.065, negative
I, 0.41, 0.3, 0.09, 0.304, 0.129, 0.071, 0.0955, negative
I, 0.435, 0.325, 0.11, 0.367, 0.1595, 0.08, 0.105, negative
I, 0.475, 0.36, 0.145, 0.6325, 0.2825, 0.137, 0.19, negative
I, 0.48, 0.37, 0.12, 0.536, 0.251, 0.114, 0.15, negative
I, 0.495, 0.4, 0.105, 0.602, 0.2505, 0.1265, 0.19, negative
F, 0.515, 0.375, 0.11, 0.6065, 0.3005, 0.131, 0.15, negative
I, 0.515, 0.36, 0.125, 0.4725, 0.1815, 0.125, 0.138, negative
I, 0.52, 0.39, 0.13, 0.5545, 0.2355, 0.1095, 0.1895, negative
I, 0.525, 0.39, 0.12, 0.664, 0.3115, 0.147, 0.178, negative
I, 0.53, 0.43, 0.135, 0.6255, 0.245, 0.1455, 0.2135, negative
I, 0.535, 0.4, 0.13, 0.657, 0.2835, 0.162, 0.175, negative
M, 0.54, 0.455, 0.14, 0.972, 0.419, 0.255, 0.269, negative
I, 0.54, 0.42, 0.14, 0.6275, 0.2505, 0.1175, 0.235, negative
M, 0.55, 0.435, 0.14, 0.7625, 0.327, 0.1685, 0.259, negative
I, 0.55, 0.425, 0.15, 0.7665, 0.339, 0.176, 0.21, negative
M, 0.56, 0.425, 0.135, 0.849, 0.3265, 0.221, 0.2645, negative
F, 0.565, 0.44, 0.15, 0.863, 0.435, 0.149, 0.27, negative
M, 0.57, 0.45, 0.14, 0.795, 0.3385, 0.148, 0.245, negative
I, 0.575, 0.425, 0.135, 0.7965, 0.364, 0.196, 0.239, negative
I, 0.575, 0.45, 0.125, 0.78, 0.3275, 0.188, 0.235, negative
I, 0.59, 0.46, 0.145, 0.9015, 0.419, 0.1785, 0.26, negative
F, 0.595, 0.435, 0.15, 0.9, 0.4175, 0.17, 0.265, negative
M, 0.595, 0.45, 0.145, 0.959, 0.463, 0.2065, 0.2535, negative
F, 0.605, 0.47, 0.155, 0.974, 0.393, 0.224, 0.3345, negative
M, 0.61, 0.475, 0.155, 0.983, 0.4565, 0.228, 0.266, negative
F, 0.61, 0.465, 0.16, 1.0725, 0.4835, 0.2515, 0.28, negative
M, 0.615, 0.47, 0.16, 1.0175, 0.473, 0.2395, 0.28, negative
M, 0.615, 0.475, 0.175, 1.224, 0.6035, 0.261, 0.311, negative
F, 0.63, 0.5, 0.18, 1.1965, 0.514, 0.2325, 0.3995, negative
M, 0.635, 0.5, 0.17, 1.4345, 0.611, 0.309, 0.418, negative
F, 0.64, 0.505, 0.165, 1.2235, 0.5215, 0.2695, 0.36, negative
M, 0.64, 0.525, 0.185, 1.707, 0.763, 0.4205, 0.4435, negative
M, 0.645, 0.5, 0.175, 1.286, 0.5645, 0.288, 0.386, negative
F, 0.645, 0.51, 0.16, 1.2415, 0.5815, 0.276, 0.315, negative
F, 0.645, 0.51, 0.19, 1.363, 0.573, 0.362, 0.36, negative
M, 0.645, 0.485, 0.15, 1.2215, 0.5695, 0.2735, 0.33, negative
M, 0.66, 0.53, 0.195, 1.5505, 0.6505, 0.3295, 0.495, negative
M, 0.665, 0.5, 0.175, 1.2975, 0.6075, 0.314, 0.315, negative
M, 0.67, 0.505, 0.16, 1.2585, 0.6255, 0.311, 0.308, negative
M, 0.67, 0.52, 0.165, 1.39, 0.711, 0.2865, 0.3, negative
F, 0.685, 0.565, 0.175, 1.638, 0.7775, 0.375, 0.438, negative
M, 0.71, 0.575, 0.215, 2.009, 0.9895, 0.4475, 0.502, negative
M, 0.445, 0.32, 0.12, 0.414, 0.199, 0.09, 0.117, negative
M, 0.5, 0.37, 0.15, 1.0615, 0.494, 0.223, 0.296, negative
F, 0.535, 0.425, 0.135, 0.771, 0.3765, 0.1815, 0.1795, negative
M, 0.55, 0.42, 0.16, 1.3405, 0.6325, 0.311, 0.344, negative
M, 0.57, 0.455, 0.175, 1.02, 0.4805, 0.2145, 0.29, negative
I, 0.575, 0.45, 0.13, 0.8145, 0.403, 0.1715, 0.213, negative
I, 0.585, 0.45, 0.15, 0.8915, 0.3975, 0.2035, 0.253, negative
M, 0.6, 0.465, 0.165, 1.038, 0.4975, 0.2205, 0.251, negative
M, 0.605, 0.475, 0.175, 1.2525, 0.5575, 0.3055, 0.343, negative
F, 0.61, 0.475, 0.15, 1.1135, 0.5195, 0.2575, 0.3005, negative
F, 0.615, 0.455, 0.145, 1.1155, 0.5045, 0.238, 0.315, negative
M, 0.62, 0.47, 0.145, 1.0865, 0.511, 0.2715, 0.2565, negative
M, 0.645, 0.5, 0.16, 1.3815, 0.672, 0.326, 0.315, negative
M, 0.65, 0.485, 0.16, 1.7395, 0.5715, 0.2785, 0.3075, negative
M, 0.695, 0.53, 0.19, 1.726, 0.7625, 0.436, 0.455, negative
I, 0.435, 0.335, 0.1, 0.3245, 0.135, 0.0785, 0.098, negative
I, 0.475, 0.34, 0.105, 0.4535, 0.203, 0.08, 0.1465, negative
I, 0.505, 0.405, 0.13, 0.599, 0.2245, 0.1175, 0.225, negative
I, 0.505, 0.4, 0.145, 0.7045, 0.334, 0.1425, 0.207, negative
I, 0.52, 0.41, 0.11, 0.5185, 0.2165, 0.0915, 0.184, negative
I, 0.52, 0.38, 0.115, 0.6645, 0.3285, 0.17, 0.1425, negative
I, 0.52, 0.385, 0.115, 0.581, 0.2555, 0.156, 0.143, negative
I, 0.525, 0.415, 0.12, 0.596, 0.2805, 0.12, 0.1695, negative
I, 0.525, 0.405, 0.145, 0.6965, 0.3045, 0.1535, 0.21, negative
F, 0.565, 0.445, 0.125, 0.8305, 0.3135, 0.1785, 0.23, negative
M, 0.565, 0.415, 0.125, 0.667, 0.302, 0.1545, 0.185, negative
I, 0.565, 0.46, 0.155, 0.8715, 0.3755, 0.215, 0.25, negative
M, 0.57, 0.455, 0.155, 0.832, 0.3585, 0.174, 0.277, negative
M, 0.575, 0.475, 0.145, 0.857, 0.3665, 0.173, 0.269, negative
M, 0.6, 0.46, 0.17, 1.1805, 0.456, 0.337, 0.329, negative
M, 0.6, 0.475, 0.15, 0.99, 0.386, 0.2195, 0.3105, negative
F, 0.6, 0.465, 0.16, 1.133, 0.466, 0.2885, 0.298, negative
M, 0.615, 0.47, 0.145, 1.0285, 0.4435, 0.2825, 0.285, negative
F, 0.615, 0.495, 0.16, 1.255, 0.5815, 0.3195, 0.3225, negative
M, 0.615, 0.495, 0.2, 1.219, 0.564, 0.227, 0.3885, negative
M, 0.625, 0.505, 0.185, 1.1565, 0.52, 0.2405, 0.3535, negative
F, 0.625, 0.445, 0.16, 1.09, 0.46, 0.2965, 0.304, negative
F, 0.635, 0.485, 0.165, 1.2695, 0.5635, 0.3065, 0.3395, negative
M, 0.64, 0.49, 0.155, 1.1285, 0.477, 0.269, 0.34, negative
I, 0.65, 0.52, 0.15, 1.238, 0.5495, 0.296, 0.3305, negative
M, 0.665, 0.525, 0.18, 1.429, 0.6715, 0.29, 0.4, negative
F, 0.67, 0.53, 0.205, 1.4015, 0.643, 0.2465, 0.416, negative
M, 0.675, 0.515, 0.15, 1.312, 0.556, 0.2845, 0.4115, negative
F, 0.675, 0.51, 0.185, 1.473, 0.6295, 0.3025, 0.4245, negative
M, 0.68, 0.54, 0.19, 1.623, 0.7165, 0.354, 0.4715, negative
F, 0.72, 0.575, 0.18, 1.6705, 0.732, 0.3605, 0.501, negative
M, 0.72, 0.565, 0.19, 2.081, 1.0815, 0.4305, 0.503, negative
I, 0.28, 0.2, 0.065, 0.0895, 0.036, 0.0185, 0.03, negative
I, 0.32, 0.24, 0.07, 0.133, 0.0585, 0.0255, 0.041, negative
I, 0.325, 0.25, 0.07, 0.1745, 0.0875, 0.0355, 0.04, negative
I, 0.335, 0.25, 0.08, 0.1695, 0.0695, 0.044, 0.0495, negative
I, 0.35, 0.25, 0.07, 0.1605, 0.0715, 0.0335, 0.046, negative
I, 0.435, 0.325, 0.12, 0.346, 0.159, 0.084, 0.095, negative
F, 0.56, 0.41, 0.16, 0.8215, 0.342, 0.184, 0.253, negative
I, 0.28, 0.215, 0.08, 0.132, 0.072, 0.022, 0.033, negative
I, 0.395, 0.295, 0.1, 0.293, 0.14, 0.062, 0.082, negative
F, 0.4, 0.305, 0.16, 0.368, 0.173, 0.0705, 0.105, negative
I, 0.405, 0.31, 0.09, 0.312, 0.138, 0.06, 0.087, negative
M, 0.45, 0.35, 0.13, 0.4655, 0.2075, 0.1045, 0.135, negative
M, 0.46, 0.345, 0.11, 0.4595, 0.235, 0.0885, 0.116, negative
M, 0.525, 0.385, 0.1, 0.5115, 0.246, 0.1005, 0.1455, negative
F, 0.535, 0.42, 0.13, 0.699, 0.3125, 0.1565, 0.2035, negative
F, 0.545, 0.43, 0.16, 0.844, 0.3945, 0.1855, 0.231, negative
F, 0.6, 0.47, 0.19, 1.1345, 0.492, 0.2595, 0.3375, negative
F, 0.61, 0.43, 0.14, 0.909, 0.438, 0.2, 0.22, negative
I, 0.405, 0.305, 0.09, 0.2825, 0.114, 0.0575, 0.095, negative
M, 0.5, 0.38, 0.155, 0.66, 0.2655, 0.1365, 0.215, positive
F, 0.49, 0.385, 0.125, 0.5395, 0.2175, 0.128, 0.165, negative
M, 0.585, 0.48, 0.185, 1.04, 0.434, 0.265, 0.285, negative
M, 0.595, 0.455, 0.155, 1.041, 0.416, 0.2105, 0.365, negative
I, 0.325, 0.25, 0.055, 0.166, 0.076, 0.051, 0.045, negative
I, 0.18, 0.13, 0.045, 0.0275, 0.0125, 0.01, 0.0090, negative
F, 0.29, 0.21, 0.075, 0.275, 0.113, 0.0675, 0.035, negative
F, 0.56, 0.425, 0.125, 0.932, 0.361, 0.213, 0.335, negative
M, 0.47, 0.37, 0.105, 0.4665, 0.2025, 0.1015, 0.155, negative
F, 0.415, 0.325, 0.115, 0.3455, 0.1405, 0.0765, 0.11, negative
M, 0.46, 0.375, 0.135, 0.4935, 0.186, 0.0845, 0.17, negative
M, 0.27, 0.195, 0.07, 0.106, 0.0465, 0.018, 0.036, negative
F, 0.715, 0.565, 0.24, 2.1995, 0.7245, 0.465, 0.885, negative
F, 0.55, 0.47, 0.15, 0.897, 0.377, 0.184, 0.29, negative
F, 0.37, 0.275, 0.085, 0.2405, 0.104, 0.0535, 0.07, negative
I, 0.19, 0.13, 0.03, 0.0295, 0.0155, 0.015, 0.01, negative
M, 0.595, 0.465, 0.125, 0.799, 0.3245, 0.2, 0.23, negative
M, 0.575, 0.45, 0.185, 0.925, 0.342, 0.197, 0.35, negative
F, 0.58, 0.45, 0.235, 1.071, 0.3, 0.206, 0.395, negative
M, 0.445, 0.34, 0.12, 0.4475, 0.193, 0.1035, 0.13, negative
M, 0.495, 0.385, 0.135, 0.6335, 0.2, 0.1225, 0.26, negative
I, 0.43, 0.325, 0.11, 0.3675, 0.1355, 0.0935, 0.12, negative
I, 0.26, 0.215, 0.08, 0.099, 0.037, 0.0255, 0.045, negative
I, 0.405, 0.305, 0.105, 0.3625, 0.1565, 0.0705, 0.125, negative
F, 0.645, 0.49, 0.215, 1.406, 0.4265, 0.2285, 0.51, negative
M, 0.42, 0.34, 0.115, 0.4215, 0.175, 0.093, 0.135, negative
F, 0.55, 0.465, 0.18, 1.2125, 0.3245, 0.205, 0.525, negative
F, 0.595, 0.495, 0.235, 1.366, 0.5065, 0.219, 0.52, negative
F, 0.555, 0.455, 0.18, 0.958, 0.296, 0.195, 0.39, negative
F, 0.56, 0.445, 0.18, 0.903, 0.3575, 0.2045, 0.295, negative
M, 0.6, 0.48, 0.175, 1.229, 0.4125, 0.2735, 0.415, negative
M, 0.415, 0.315, 0.125, 0.388, 0.068, 0.09, 0.125, negative
I, 0.355, 0.28, 0.1, 0.2275, 0.0935, 0.0455, 0.085, negative
M, 0.36, 0.27, 0.09, 0.2225, 0.083, 0.053, 0.075, negative
F, 0.585, 0.455, 0.165, 0.998, 0.345, 0.2495, 0.315, negative
M, 0.6, 0.485, 0.175, 1.2675, 0.4995, 0.2815, 0.38, negative
M, 0.495, 0.415, 0.165, 0.7485, 0.264, 0.134, 0.285, negative
M, 0.55, 0.46, 0.175, 0.869, 0.3155, 0.1825, 0.32, negative
F, 0.635, 0.51, 0.175, 1.2125, 0.5735, 0.261, 0.36, negative
F, 0.545, 0.445, 0.175, 0.8525, 0.3465, 0.189, 0.295, negative
F, 0.6, 0.475, 0.18, 1.162, 0.511, 0.2675, 0.32, negative
F, 0.52, 0.41, 0.17, 0.8705, 0.3735, 0.219, 0.25, negative
M, 0.695, 0.57, 0.2, 2.033, 0.751, 0.4255, 0.685, negative
F, 0.62, 0.48, 0.23, 1.0935, 0.403, 0.245, 0.355, negative
I, 0.42, 0.33, 0.1, 0.352, 0.1635, 0.089, 0.1, negative
F, 0.385, 0.305, 0.105, 0.3315, 0.1365, 0.0745, 0.1, negative
F, 0.52, 0.415, 0.145, 0.8045, 0.3325, 0.1725, 0.285, negative
F, 0.465, 0.375, 0.135, 0.6, 0.2225, 0.129, 0.23, negative
M, 0.455, 0.355, 0.13, 0.515, 0.2, 0.1275, 0.175, negative
F, 0.58, 0.475, 0.135, 0.925, 0.391, 0.165, 0.275, negative
M, 0.575, 0.435, 0.15, 0.805, 0.293, 0.1625, 0.27, negative
I, 0.4, 0.31, 0.1, 0.2875, 0.1145, 0.0635, 0.095, negative
M, 0.53, 0.435, 0.135, 0.7365, 0.3275, 0.1315, 0.22, negative
M, 0.43, 0.345, 0.115, 0.3045, 0.0925, 0.055, 0.12, negative
F, 0.525, 0.425, 0.145, 0.7995, 0.3345, 0.209, 0.24, negative
F, 0.515, 0.42, 0.135, 0.6295, 0.2815, 0.127, 0.215, negative
F, 0.56, 0.43, 0.125, 0.8025, 0.313, 0.1715, 0.263, negative
M, 0.635, 0.495, 0.15, 1.081, 0.4825, 0.242, 0.31, negative
F, 0.545, 0.44, 0.175, 0.7745, 0.2985, 0.1875, 0.265, negative
M, 0.18, 0.125, 0.05, 0.023, 0.0085, 0.0055, 0.01, negative
I, 0.535, 0.41, 0.155, 0.6315, 0.2745, 0.1415, 0.1815, negative
F, 0.36, 0.265, 0.09, 0.2165, 0.096, 0.037, 0.0735, negative
I, 0.47, 0.35, 0.135, 0.567, 0.2315, 0.1465, 0.1525, negative
I, 0.515, 0.375, 0.14, 0.6505, 0.2495, 0.141, 0.2215, negative
I, 0.5, 0.385, 0.155, 0.762, 0.3795, 0.161, 0.19, negative
F, 0.53, 0.43, 0.17, 0.775, 0.35, 0.152, 0.235, negative
I, 0.44, 0.355, 0.165, 0.435, 0.159, 0.105, 0.14, negative
M, 0.29, 0.225, 0.08, 0.1295, 0.0535, 0.026, 0.045, negative
F, 0.58, 0.46, 0.185, 1.017, 0.3515, 0.2, 0.32, negative
F, 0.465, 0.35, 0.13, 0.494, 0.1945, 0.103, 0.155, negative
F, 0.61, 0.485, 0.165, 1.087, 0.4255, 0.232, 0.38, negative
F, 0.465, 0.38, 0.135, 0.579, 0.208, 0.1095, 0.22, negative
M, 0.465, 0.355, 0.125, 0.5255, 0.2025, 0.135, 0.145, negative
M, 0.35, 0.26, 0.09, 0.198, 0.0725, 0.056, 0.06, negative
M, 0.51, 0.415, 0.14, 0.8185, 0.3025, 0.2155, 0.235, negative
M, 0.645, 0.515, 0.175, 1.6115, 0.6745, 0.384, 0.385, negative
F, 0.615, 0.47, 0.175, 1.2985, 0.5135, 0.343, 0.32, negative
F, 0.59, 0.455, 0.165, 1.161, 0.38, 0.2455, 0.28, negative
F, 0.5, 0.44, 0.155, 0.742, 0.2025, 0.2005, 0.2115, negative
M, 0.39, 0.285, 0.095, 0.271, 0.11, 0.06, 0.08, negative
M, 0.52, 0.4, 0.165, 0.8565, 0.2745, 0.201, 0.21, negative
F, 0.54, 0.415, 0.175, 0.8975, 0.275, 0.241, 0.275, negative
I, 0.415, 0.325, 0.1, 0.4665, 0.2285, 0.1065, 0.114, negative
I, 0.415, 0.315, 0.105, 0.33, 0.1405, 0.0705, 0.095, negative
I, 0.415, 0.315, 0.09, 0.3625, 0.175, 0.0835, 0.093, negative
M, 0.59, 0.48, 0.16, 1.262, 0.5685, 0.2725, 0.335, negative
M, 0.595, 0.49, 0.185, 1.185, 0.482, 0.2015, 0.361, negative
F, 0.6, 0.5, 0.155, 1.332, 0.6235, 0.2835, 0.35, negative
M, 0.63, 0.5, 0.185, 1.362, 0.5785, 0.3125, 0.384, negative
I, 0.315, 0.235, 0.07, 0.149, 0.058, 0.0325, 0.047, negative
I, 0.415, 0.325, 0.1, 0.3335, 0.1445, 0.0715, 0.095, negative
I, 0.44, 0.325, 0.1, 0.4165, 0.185, 0.0865, 0.11, negative
F, 0.46, 0.35, 0.115, 0.46, 0.2025, 0.1115, 0.1165, negative
I, 0.46, 0.345, 0.12, 0.4155, 0.198, 0.0885, 0.107, negative
M, 0.465, 0.34, 0.105, 0.486, 0.231, 0.1035, 0.1225, negative
I, 0.475, 0.385, 0.11, 0.5735, 0.311, 0.1025, 0.136, negative
I, 0.5, 0.38, 0.11, 0.494, 0.218, 0.09, 0.1325, negative
F, 0.57, 0.435, 0.14, 0.8585, 0.3905, 0.196, 0.2295, negative
M, 0.59, 0.465, 0.14, 1.046, 0.4695, 0.263, 0.263, negative
F, 0.6, 0.46, 0.145, 0.9325, 0.3985, 0.2245, 0.248, negative
M, 0.625, 0.48, 0.17, 1.3555, 0.671, 0.268, 0.3385, negative
F, 0.63, 0.495, 0.2, 1.4255, 0.659, 0.336, 0.38, negative
M, 0.645, 0.5, 0.175, 1.5105, 0.6735, 0.3755, 0.3775, negative
F, 0.65, 0.5, 0.185, 1.4415, 0.741, 0.2955, 0.341, negative
M, 0.67, 0.52, 0.19, 1.6385, 0.8115, 0.369, 0.391, negative
M, 0.77, 0.6, 0.215, 2.1945, 1.0515, 0.482, 0.584, negative
I, 0.22, 0.16, 0.05, 0.049, 0.0215, 0.01, 0.015, negative
I, 0.275, 0.205, 0.07, 0.1055, 0.495, 0.019, 0.0315, negative
I, 0.415, 0.315, 0.1, 0.3645, 0.1765, 0.0795, 0.095, negative
I, 0.425, 0.33, 0.115, 0.3265, 0.1315, 0.077, 0.103, negative
I, 0.465, 0.355, 0.105, 0.442, 0.2085, 0.0975, 0.1185, negative
I, 0.485, 0.375, 0.13, 0.5535, 0.266, 0.112, 0.157, negative
I, 0.49, 0.375, 0.125, 0.5445, 0.279, 0.115, 0.13, negative
I, 0.5, 0.39, 0.125, 0.583, 0.294, 0.132, 0.1605, negative
M, 0.5, 0.38, 0.12, 0.5765, 0.273, 0.135, 0.145, negative
M, 0.505, 0.4, 0.135, 0.723, 0.377, 0.149, 0.178, negative
I, 0.52, 0.395, 0.135, 0.633, 0.2985, 0.1295, 0.175, negative
M, 0.545, 0.42, 0.145, 0.778, 0.3745, 0.1545, 0.205, negative
M, 0.565, 0.43, 0.13, 0.784, 0.3495, 0.1885, 0.213, negative
M, 0.57, 0.45, 0.135, 1.02, 0.546, 0.204, 0.25, negative
F, 0.575, 0.48, 0.15, 0.897, 0.4235, 0.1905, 0.248, negative
M, 0.595, 0.47, 0.165, 1.108, 0.4915, 0.2325, 0.3345, negative
M, 0.625, 0.48, 0.145, 1.085, 0.4645, 0.2445, 0.327, negative
M, 0.645, 0.515, 0.16, 1.1845, 0.506, 0.311, 0.335, negative
M, 0.68, 0.52, 0.165, 1.4775, 0.724, 0.279, 0.406, negative
M, 0.68, 0.53, 0.18, 1.529, 0.7635, 0.3115, 0.4025, negative
I, 0.25, 0.175, 0.06, 0.0635, 0.0275, 0.0080, 0.02, negative
I, 0.355, 0.255, 0.08, 0.187, 0.078, 0.0505, 0.058, negative
I, 0.37, 0.275, 0.09, 0.2065, 0.096, 0.0395, 0.058, negative
I, 0.405, 0.31, 0.11, 0.91, 0.416, 0.2075, 0.0995, negative
I, 0.405, 0.3, 0.09, 0.2885, 0.138, 0.0635, 0.0765, negative
I, 0.42, 0.315, 0.11, 0.4025, 0.1855, 0.083, 0.1015, negative
I, 0.445, 0.36, 0.11, 0.4235, 0.182, 0.0765, 0.14, negative
I, 0.45, 0.335, 0.095, 0.3505, 0.1615, 0.0625, 0.1185, negative
I, 0.46, 0.35, 0.1, 0.471, 0.252, 0.077, 0.123, negative
I, 0.485, 0.365, 0.14, 0.4475, 0.1895, 0.0925, 0.2305, negative
I, 0.49, 0.365, 0.125, 0.5585, 0.252, 0.126, 0.1615, negative
F, 0.515, 0.395, 0.135, 0.516, 0.2015, 0.132, 0.162, negative
F, 0.545, 0.44, 0.15, 0.9475, 0.366, 0.239, 0.275, negative
I, 0.555, 0.435, 0.145, 0.6975, 0.262, 0.1575, 0.24, negative
I, 0.56, 0.44, 0.14, 0.825, 0.402, 0.139, 0.245, negative
I, 0.565, 0.43, 0.15, 0.8215, 0.332, 0.1685, 0.29, negative
F, 0.58, 0.465, 0.145, 0.9865, 0.47, 0.2155, 0.25, negative
M, 0.59, 0.47, 0.145, 0.9235, 0.4545, 0.173, 0.254, negative
M, 0.6, 0.51, 0.185, 1.285, 0.6095, 0.2745, 0.315, negative
F, 0.62, 0.48, 0.165, 1.0125, 0.5325, 0.4365, 0.324, negative
M, 0.64, 0.505, 0.155, 1.1955, 0.5565, 0.211, 0.346, negative
F, 0.64, 0.495, 0.17, 1.2265, 0.49, 0.377, 0.2875, negative
M, 0.71, 0.565, 0.2, 1.601, 0.706, 0.321, 0.45, negative
M, 0.725, 0.57, 0.19, 2.3305, 1.253, 0.541, 0.52, negative
I, 0.24, 0.17, 0.05, 0.0545, 0.0205, 0.016, 0.0155, negative
I, 0.275, 0.2, 0.055, 0.0925, 0.038, 0.021, 0.026, negative
I, 0.33, 0.225, 0.075, 0.187, 0.0945, 0.0395, 0.0425, negative
I, 0.455, 0.35, 0.105, 0.4445, 0.213, 0.107, 0.1115, negative
F, 0.54, 0.415, 0.15, 0.8115, 0.3875, 0.1875, 0.2035, negative
M, 0.6, 0.45, 0.16, 1.142, 0.539, 0.225, 0.307, negative
M, 0.625, 0.475, 0.175, 1.3405, 0.656, 0.283, 0.337, negative
M, 0.625, 0.5, 0.13, 1.082, 0.5785, 0.2045, 0.25, negative
F, 0.635, 0.51, 0.185, 1.286, 0.526, 0.295, 0.4105, negative
M, 0.695, 0.54, 0.195, 1.691, 0.768, 0.363, 0.4755, negative
F, 0.72, 0.565, 0.18, 1.719, 0.8465, 0.407, 0.3875, negative
I, 0.37, 0.27, 0.09, 0.1855, 0.07, 0.0425, 0.065, negative
I, 0.46, 0.36, 0.14, 0.447, 0.161, 0.087, 0.16, negative
I, 0.495, 0.375, 0.12, 0.614, 0.2855, 0.1365, 0.161, negative
I, 0.5, 0.37, 0.12, 0.5445, 0.249, 0.1065, 0.152, negative
I, 0.505, 0.4, 0.125, 0.5605, 0.2255, 0.1435, 0.17, negative
M, 0.505, 0.365, 0.115, 0.521, 0.25, 0.096, 0.15, negative
I, 0.55, 0.435, 0.165, 0.804, 0.34, 0.194, 0.244, negative
M, 0.58, 0.46, 0.15, 1.049, 0.5205, 0.1935, 0.305, negative
F, 0.58, 0.45, 0.15, 0.92, 0.393, 0.212, 0.2895, negative
M, 0.58, 0.445, 0.15, 0.9525, 0.4315, 0.1945, 0.287, negative
F, 0.6, 0.48, 0.17, 1.056, 0.4575, 0.2435, 0.3135, negative
M, 0.6, 0.465, 0.165, 1.0475, 0.465, 0.2345, 0.315, negative
I, 0.605, 0.48, 0.155, 0.9995, 0.425, 0.1985, 0.3, negative
F, 0.615, 0.515, 0.135, 1.1215, 0.545, 0.2305, 0.29, negative
M, 0.625, 0.515, 0.165, 1.217, 0.667, 0.2065, 0.3115, negative
F, 0.625, 0.5, 0.16, 1.217, 0.5725, 0.207, 0.355, negative
M, 0.625, 0.49, 0.12, 0.8765, 0.456, 0.18, 0.233, negative
M, 0.63, 0.51, 0.17, 1.1885, 0.4915, 0.3065, 0.348, negative
F, 0.65, 0.565, 0.2, 1.6645, 0.753, 0.367, 0.43, negative
I, 0.67, 0.485, 0.175, 1.2565, 0.5355, 0.322, 0.386, negative
F, 0.67, 0.525, 0.19, 1.527, 0.5755, 0.353, 0.44, negative
M, 0.68, 0.515, 0.16, 1.2345, 0.618, 0.2625, 0.325, negative
M, 0.56, 0.425, 0.135, 0.9415, 0.509, 0.2015, 0.1975, negative
F, 0.635, 0.51, 0.17, 1.2235, 0.532, 0.271, 0.354, negative
F, 0.67, 0.515, 0.17, 1.4265, 0.6605, 0.3395, 0.37, negative
M, 0.73, 0.585, 0.225, 2.2305, 1.2395, 0.422, 0.563, negative
I, 0.435, 0.335, 0.105, 0.3535, 0.156, 0.05, 0.1135, negative
M, 0.56, 0.45, 0.145, 0.894, 0.3885, 0.2095, 0.264, negative
I, 0.565, 0.44, 0.135, 0.768, 0.3305, 0.1385, 0.2475, negative
M, 0.59, 0.435, 0.165, 0.9765, 0.4525, 0.2395, 0.235, negative
M, 0.59, 0.405, 0.15, 0.853, 0.326, 0.2615, 0.245, negative
M, 0.615, 0.49, 0.17, 1.145, 0.4915, 0.208, 0.343, negative
F, 0.625, 0.515, 0.155, 1.1635, 0.4875, 0.259, 0.355, negative
M, 0.635, 0.5, 0.18, 1.154, 0.4405, 0.2315, 0.387, negative
F, 0.66, 0.53, 0.18, 1.5175, 0.7765, 0.302, 0.401, negative
M, 0.685, 0.51, 0.165, 1.545, 0.686, 0.3775, 0.4055, negative
F, 0.7, 0.555, 0.22, 1.666, 0.647, 0.4285, 0.455, negative
F, 0.755, 0.575, 0.2, 2.073, 1.0135, 0.4655, 0.48, negative
I, 0.225, 0.17, 0.05, 0.0515, 0.019, 0.012, 0.017, negative
I, 0.425, 0.31, 0.095, 0.3075, 0.139, 0.0745, 0.093, negative
M, 0.51, 0.395, 0.125, 0.5805, 0.244, 0.1335, 0.188, negative
F, 0.53, 0.395, 0.115, 0.5685, 0.249, 0.1375, 0.161, negative
M, 0.66, 0.525, 0.2, 1.489, 0.6065, 0.3795, 0.421, negative
I, 0.415, 0.32, 0.115, 0.3045, 0.1215, 0.0735, 0.094, negative
F, 0.525, 0.4, 0.13, 0.6995, 0.3115, 0.131, 0.223, negative
F, 0.55, 0.425, 0.14, 0.952, 0.4895, 0.1945, 0.2185, negative
M, 0.575, 0.45, 0.135, 0.9215, 0.354, 0.209, 0.2365, negative
M, 0.615, 0.495, 0.155, 1.2865, 0.435, 0.293, 0.3245, negative
M, 0.67, 0.515, 0.165, 1.1735, 0.526, 0.285, 0.316, negative
M, 0.675, 0.505, 0.16, 1.532, 0.74, 0.357, 0.3815, negative
F, 0.485, 0.39, 0.1, 0.5565, 0.2215, 0.1155, 0.185, negative
M, 0.535, 0.42, 0.125, 0.764, 0.312, 0.1505, 0.265, negative
M, 0.51, 0.4, 0.14, 0.6905, 0.259, 0.151, 0.23, negative
I, 0.18, 0.135, 0.08, 0.033, 0.0145, 0.0070, 0.01, negative
I, 0.215, 0.165, 0.055, 0.059, 0.0265, 0.0125, 0.0185, negative
F, 0.7, 0.54, 0.215, 1.978, 0.6675, 0.3125, 0.71, negative
M, 0.505, 0.395, 0.125, 0.635, 0.29, 0.1555, 0.175, negative
F, 0.335, 0.22, 0.07, 0.17, 0.076, 0.0365, 0.05, negative
M, 0.56, 0.45, 0.155, 0.9125, 0.3595, 0.271, 0.35, negative
M, 0.35, 0.265, 0.09, 0.2265, 0.0995, 0.0575, 0.065, negative
F, 0.49, 0.38, 0.13, 0.539, 0.229, 0.1355, 0.165, negative
F, 0.37, 0.295, 0.1, 0.2685, 0.1165, 0.056, 0.0835, negative
M, 0.565, 0.44, 0.115, 0.9185, 0.404, 0.1785, 0.29, negative
F, 0.61, 0.47, 0.16, 1.017, 0.426, 0.2255, 0.32, negative
F, 0.635, 0.505, 0.185, 1.3035, 0.501, 0.295, 0.41, negative
F, 0.665, 0.53, 0.185, 1.3955, 0.456, 0.3205, 0.49, negative
I, 0.43, 0.34, 0.125, 0.384, 0.1375, 0.061, 0.146, negative
F, 0.57, 0.495, 0.16, 1.0915, 0.452, 0.275, 0.315, negative
M, 0.425, 0.34, 0.12, 0.388, 0.149, 0.087, 0.125, negative
F, 0.61, 0.48, 0.19, 1.2955, 0.5215, 0.3225, 0.365, negative
M, 0.695, 0.53, 0.15, 1.477, 0.6375, 0.3025, 0.43, negative
F, 0.69, 0.555, 0.205, 1.8165, 0.7785, 0.4395, 0.515, positive
F, 0.695, 0.55, 0.16, 1.6365, 0.694, 0.3005, 0.44, negative
M, 0.3, 0.24, 0.09, 0.161, 0.0725, 0.039, 0.05, negative
I, 0.3, 0.23, 0.075, 0.15, 0.0605, 0.042, 0.045, negative
F, 0.595, 0.485, 0.145, 1.2515, 0.5035, 0.2925, 0.33, negative
F, 0.655, 0.5, 0.14, 1.1705, 0.5405, 0.3175, 0.285, negative
F, 0.625, 0.475, 0.13, 0.8595, 0.3195, 0.1775, 0.24, negative
M, 0.465, 0.36, 0.125, 0.4365, 0.169, 0.1075, 0.145, negative
F, 0.475, 0.375, 0.14, 0.501, 0.192, 0.1175, 0.175, negative
M, 0.485, 0.385, 0.125, 0.4775, 0.2, 0.0785, 0.17, negative
F, 0.63, 0.5, 0.16, 1.22, 0.4905, 0.3, 0.345, negative
F, 0.615, 0.5, 0.205, 1.1055, 0.4445, 0.227, 0.39, negative
M, 0.4, 0.31, 0.11, 0.314, 0.138, 0.057, 0.1, negative
M, 0.265, 0.2, 0.065, 0.084, 0.034, 0.0105, 0.03, negative
F, 0.535, 0.425, 0.155, 0.7765, 0.302, 0.1565, 0.25, negative
I, 0.45, 0.36, 0.125, 0.45, 0.191, 0.0865, 0.145, negative
F, 0.585, 0.475, 0.185, 0.8575, 0.3465, 0.1785, 0.275, negative
I, 0.445, 0.345, 0.13, 0.4075, 0.1365, 0.0645, 0.18, negative
F, 0.52, 0.405, 0.145, 0.829, 0.3535, 0.1685, 0.205, negative
I, 0.475, 0.365, 0.14, 0.4545, 0.171, 0.118, 0.158, negative
I, 0.54, 0.405, 0.15, 0.7585, 0.307, 0.2075, 0.19, negative
I, 0.44, 0.31, 0.115, 0.3625, 0.134, 0.082, 0.12, negative
I, 0.61, 0.48, 0.165, 1.097, 0.4215, 0.264, 0.335, negative
I, 0.61, 0.46, 0.17, 1.278, 0.41, 0.257, 0.37, negative
M, 0.33, 0.235, 0.09, 0.163, 0.0615, 0.034, 0.055, negative
F, 0.46, 0.33, 0.15, 0.5325, 0.2085, 0.1805, 0.125, negative
M, 0.56, 0.44, 0.16, 1.1115, 0.5035, 0.2785, 0.26, negative
F, 0.605, 0.45, 0.165, 1.2225, 0.357, 0.202, 0.385, negative
M, 0.605, 0.475, 0.16, 1.616, 0.5495, 0.332, 0.34, negative
M, 0.365, 0.285, 0.085, 0.2205, 0.0855, 0.0515, 0.07, negative
I, 0.35, 0.265, 0.11, 0.209, 0.066, 0.059, 0.075, negative
I, 0.43, 0.32, 0.1, 0.3855, 0.192, 0.0745, 0.1, negative
F, 0.56, 0.465, 0.16, 1.0315, 0.432, 0.2025, 0.337, negative
M, 0.6, 0.475, 0.15, 1.089, 0.5195, 0.223, 0.292, negative
M, 0.74, 0.605, 0.2, 2.4925, 1.1455, 0.575, 0.5235, negative
I, 0.25, 0.18, 0.065, 0.0805, 0.0345, 0.0185, 0.0215, negative
I, 0.35, 0.265, 0.095, 0.199, 0.073, 0.049, 0.06, negative
I, 0.44, 0.35, 0.125, 0.456, 0.21, 0.0955, 0.131, negative
I, 0.495, 0.4, 0.145, 0.578, 0.2545, 0.1305, 0.1645, negative
M, 0.52, 0.395, 0.125, 0.8115, 0.4035, 0.166, 0.2, negative
M, 0.55, 0.44, 0.155, 0.9155, 0.3645, 0.195, 0.25, negative
F, 0.61, 0.48, 0.16, 1.234, 0.598, 0.238, 0.315, negative
F, 0.61, 0.495, 0.175, 1.2635, 0.53, 0.315, 0.3455, negative
M, 0.66, 0.525, 0.18, 1.478, 0.5815, 0.381, 0.372, negative
F, 0.725, 0.58, 0.185, 1.523, 0.8045, 0.3595, 0.4375, negative
I, 0.4, 0.315, 0.085, 0.2675, 0.116, 0.0585, 0.0765, negative
I, 0.485, 0.37, 0.115, 0.637, 0.38, 0.1335, 0.128, negative
F, 0.505, 0.475, 0.16, 1.1155, 0.509, 0.239, 0.3065, negative
I, 0.51, 0.405, 0.13, 0.599, 0.3065, 0.1155, 0.1485, negative
M, 0.56, 0.415, 0.13, 0.7615, 0.3695, 0.17, 0.1955, negative
F, 0.64, 0.475, 0.175, 1.1545, 0.4865, 0.341, 0.288, negative
F, 0.69, 0.525, 0.19, 1.492, 0.6425, 0.3905, 0.42, negative
M, 0.715, 0.545, 0.18, 1.7405, 0.871, 0.347, 0.449, negative
I, 0.215, 0.15, 0.055, 0.041, 0.015, 0.0090, 0.0125, negative
I, 0.26, 0.205, 0.07, 0.097, 0.0415, 0.019, 0.0305, negative
I, 0.32, 0.24, 0.085, 0.131, 0.0615, 0.0265, 0.038, negative
I, 0.48, 0.355, 0.125, 0.494, 0.2385, 0.0835, 0.15, negative
M, 0.535, 0.415, 0.135, 0.78, 0.3165, 0.169, 0.2365, negative
I, 0.55, 0.425, 0.155, 0.8725, 0.412, 0.187, 0.2425, negative
F, 0.565, 0.45, 0.175, 1.2365, 0.5305, 0.2455, 0.308, negative
F, 0.575, 0.475, 0.16, 0.895, 0.3605, 0.221, 0.271, negative
M, 0.575, 0.45, 0.155, 0.886, 0.3605, 0.211, 0.2575, negative
I, 0.58, 0.46, 0.14, 0.9265, 0.4135, 0.1845, 0.27, negative
I, 0.58, 0.46, 0.14, 0.8295, 0.3915, 0.165, 0.238, negative
I, 0.58, 0.47, 0.15, 0.907, 0.444, 0.1855, 0.2445, negative
F, 0.595, 0.465, 0.145, 0.7955, 0.3425, 0.1795, 0.2425, negative
M, 0.625, 0.485, 0.16, 1.2135, 0.631, 0.2235, 0.302, negative
M, 0.635, 0.495, 0.17, 1.3695, 0.657, 0.3055, 0.365, negative
M, 0.65, 0.515, 0.185, 1.3745, 0.75, 0.1805, 0.369, negative
M, 0.65, 0.515, 0.18, 1.463, 0.658, 0.3135, 0.4115, negative
F, 0.65, 0.52, 0.195, 1.6275, 0.689, 0.3905, 0.432, negative
I, 0.42, 0.325, 0.11, 0.325, 0.1245, 0.0755, 0.1025, negative
F, 0.555, 0.405, 0.12, 0.913, 0.4585, 0.196, 0.2065, negative
F, 0.59, 0.465, 0.17, 1.0425, 0.4635, 0.24, 0.27, negative
F, 0.61, 0.49, 0.17, 1.3475, 0.7045, 0.25, 0.3045, negative
M, 0.615, 0.495, 0.2, 1.304, 0.5795, 0.3115, 0.371, negative
I, 0.27, 0.205, 0.05, 0.084, 0.03, 0.0185, 0.029, negative
I, 0.3, 0.225, 0.075, 0.1345, 0.057, 0.028, 0.044, negative
I, 0.44, 0.32, 0.095, 0.3275, 0.1495, 0.059, 0.1, negative
I, 0.47, 0.345, 0.12, 0.3685, 0.1525, 0.0615, 0.125, negative
I, 0.515, 0.405, 0.13, 0.573, 0.213, 0.134, 0.195, negative
I, 0.525, 0.405, 0.125, 0.657, 0.2985, 0.1505, 0.168, negative
I, 0.535, 0.45, 0.155, 0.8075, 0.3655, 0.148, 0.2595, negative
I, 0.55, 0.415, 0.15, 0.7915, 0.3535, 0.176, 0.236, negative
I, 0.555, 0.43, 0.15, 0.783, 0.345, 0.1755, 0.247, negative
F, 0.585, 0.42, 0.155, 1.034, 0.437, 0.2225, 0.32, negative
F, 0.585, 0.465, 0.145, 0.9855, 0.4325, 0.2145, 0.2845, negative
F, 0.595, 0.44, 0.135, 0.964, 0.5005, 0.1715, 0.2575, negative
M, 0.615, 0.47, 0.175, 1.242, 0.5675, 0.287, 0.317, negative
M, 0.62, 0.5, 0.18, 1.3915, 0.726, 0.2795, 0.332, negative
M, 0.645, 0.51, 0.19, 1.4865, 0.6445, 0.296, 0.425, negative
M, 0.65, 0.52, 0.17, 1.3655, 0.6155, 0.2885, 0.36, negative
M, 0.65, 0.495, 0.17, 1.276, 0.6215, 0.2305, 0.399, negative
M, 0.65, 0.51, 0.175, 1.155, 0.4955, 0.2025, 0.385, negative
F, 0.665, 0.54, 0.195, 1.764, 0.8505, 0.3615, 0.47, negative
M, 0.685, 0.55, 0.19, 1.885, 0.89, 0.41, 0.4895, negative
M, 0.705, 0.55, 0.21, 1.4385, 0.655, 0.3255, 0.462, negative
M, 0.78, 0.6, 0.21, 2.548, 1.1945, 0.5745, 0.6745, negative
F, 0.38, 0.32, 0.115, 0.6475, 0.323, 0.1325, 0.164, negative
M, 0.43, 0.31, 0.13, 0.6485, 0.2735, 0.163, 0.184, negative
M, 0.495, 0.375, 0.155, 0.976, 0.45, 0.2285, 0.2475, negative
F, 0.705, 0.555, 0.195, 1.7525, 0.7105, 0.4215, 0.516, negative
I, 0.485, 0.37, 0.14, 0.5065, 0.2425, 0.088, 0.1465, negative
I, 0.52, 0.41, 0.14, 0.699, 0.3395, 0.129, 0.1945, negative
M, 0.53, 0.42, 0.135, 0.675, 0.294, 0.156, 0.1825, negative
F, 0.555, 0.44, 0.14, 0.846, 0.346, 0.1715, 0.2735, negative
F, 0.56, 0.43, 0.145, 0.898, 0.3895, 0.2325, 0.245, negative
F, 0.585, 0.42, 0.155, 0.9845, 0.442, 0.2155, 0.2875, negative
F, 0.62, 0.5, 0.175, 1.107, 0.4895, 0.24, 0.343, negative
M, 0.62, 0.48, 0.155, 1.2555, 0.527, 0.374, 0.3175, negative
M, 0.625, 0.495, 0.155, 1.177, 0.5055, 0.278, 0.345, negative
F, 0.63, 0.475, 0.15, 1.072, 0.433, 0.2975, 0.315, negative
F, 0.65, 0.505, 0.175, 1.2075, 0.5105, 0.262, 0.39, negative
M, 0.74, 0.58, 0.205, 2.381, 0.8155, 0.4695, 0.488, negative
I, 0.32, 0.23, 0.06, 0.129, 0.0615, 0.0275, 0.0355, negative
M, 0.475, 0.385, 0.12, 0.562, 0.289, 0.0905, 0.153, negative
M, 0.565, 0.445, 0.14, 0.836, 0.406, 0.1605, 0.2245, negative
M, 0.68, 0.54, 0.195, 1.7825, 0.5565, 0.3235, 0.4285, negative
F, 0.71, 0.555, 0.17, 1.47, 0.5375, 0.38, 0.431, negative
M, 0.335, 0.26, 0.075, 0.22, 0.0855, 0.04, 0.085, negative
F, 0.57, 0.465, 0.155, 0.9685, 0.446, 0.261, 0.255, negative
M, 0.41, 0.335, 0.115, 0.4405, 0.19, 0.085, 0.135, negative
M, 0.655, 0.515, 0.2, 1.373, 0.443, 0.3375, 0.49, negative
I, 0.32, 0.235, 0.065, 0.1385, 0.058, 0.0225, 0.05, negative
F, 0.525, 0.43, 0.165, 0.717, 0.289, 0.1745, 0.195, negative
F, 0.44, 0.34, 0.135, 0.3975, 0.1505, 0.0945, 0.135, negative
M, 0.295, 0.225, 0.09, 0.1385, 0.048, 0.046, 0.05, negative
F, 0.645, 0.5, 0.225, 1.626, 0.587, 0.4055, 0.41, negative
F, 0.61, 0.49, 0.17, 1.1775, 0.5655, 0.2385, 0.295, negative
M, 0.54, 0.425, 0.12, 0.817, 0.2945, 0.153, 0.195, negative
F, 0.5, 0.4, 0.15, 0.8085, 0.273, 0.112, 0.295, negative
M, 0.38, 0.27, 0.095, 0.219, 0.0835, 0.0515, 0.07, negative
I, 0.52, 0.405, 0.14, 0.6765, 0.2865, 0.146, 0.205, negative
M, 0.395, 0.28, 0.08, 0.266, 0.0995, 0.066, 0.09, negative
F, 0.67, 0.535, 0.185, 1.597, 0.6275, 0.35, 0.47, negative
M, 0.52, 0.41, 0.115, 0.77, 0.263, 0.157, 0.26, negative
F, 0.54, 0.44, 0.16, 1.0905, 0.391, 0.2295, 0.355, negative
I, 0.315, 0.235, 0.08, 0.18, 0.08, 0.045, 0.047, negative
I, 0.49, 0.385, 0.12, 0.591, 0.271, 0.1125, 0.1775, negative
F, 0.68, 0.55, 0.19, 1.807, 0.8225, 0.3655, 0.515, negative
F, 0.67, 0.52, 0.195, 1.8065, 0.758, 0.3735, 0.5055, negative
M, 0.685, 0.51, 0.18, 1.4545, 0.6315, 0.3105, 0.3725, negative
I, 0.48, 0.35, 0.105, 0.635, 0.352, 0.127, 0.135, negative
I, 0.485, 0.375, 0.125, 0.562, 0.2505, 0.1345, 0.1525, negative
M, 0.61, 0.49, 0.16, 1.146, 0.597, 0.246, 0.265, negative
M, 0.615, 0.53, 0.17, 1.12, 0.5775, 0.2095, 0.286, negative
M, 0.66, 0.505, 0.19, 1.4385, 0.6775, 0.285, 0.178, negative
I, 0.33, 0.245, 0.065, 0.1445, 0.058, 0.032, 0.0505, negative
I, 0.435, 0.325, 0.1, 0.366, 0.174, 0.0725, 0.109, negative
M, 0.51, 0.405, 0.125, 0.6925, 0.327, 0.155, 0.1805, negative
I, 0.52, 0.41, 0.14, 0.5995, 0.242, 0.1375, 0.182, negative
I, 0.56, 0.44, 0.155, 0.811, 0.3685, 0.178, 0.235, negative
F, 0.575, 0.46, 0.165, 0.9575, 0.4815, 0.1945, 0.236, negative
F, 0.58, 0.46, 0.135, 0.926, 0.4025, 0.208, 0.275, negative
F, 0.625, 0.495, 0.16, 1.234, 0.6335, 0.192, 0.35, negative
M, 0.625, 0.495, 0.155, 1.025, 0.46, 0.1945, 0.34, negative
M, 0.625, 0.47, 0.145, 1.7855, 0.675, 0.247, 0.3245, negative
F, 0.695, 0.56, 0.185, 1.7715, 0.8195, 0.331, 0.437, negative
F, 0.64, 0.49, 0.18, 1.36, 0.653, 0.347, 0.305, negative
I, 0.455, 0.335, 0.105, 0.4055, 0.175, 0.092, 0.1185, negative
I, 0.485, 0.375, 0.11, 0.464, 0.2015, 0.09, 0.149, negative
M, 0.545, 0.45, 0.15, 0.7805, 0.3795, 0.1625, 0.216, negative
I, 0.55, 0.435, 0.125, 0.741, 0.348, 0.1585, 0.206, negative
M, 0.55, 0.385, 0.13, 0.7275, 0.343, 0.1625, 0.19, negative
I, 0.555, 0.43, 0.125, 0.7005, 0.3395, 0.1355, 0.2095, negative
F, 0.575, 0.48, 0.17, 1.1, 0.506, 0.2485, 0.31, negative
M, 0.6, 0.47, 0.13, 1.0105, 0.423, 0.219, 0.298, negative
F, 0.625, 0.49, 0.19, 1.7015, 0.7465, 0.4105, 0.3855, negative
F, 0.635, 0.5, 0.175, 1.477, 0.684, 0.3005, 0.39, negative
F, 0.65, 0.495, 0.16, 1.3105, 0.577, 0.3315, 0.355, negative
M, 0.67, 0.525, 0.18, 1.4915, 0.728, 0.343, 0.381, negative
F, 0.675, 0.51, 0.15, 1.1965, 0.475, 0.304, 0.386, negative
M, 0.51, 0.41, 0.155, 1.2825, 0.569, 0.291, 0.3795, negative
F, 0.56, 0.42, 0.18, 1.6645, 0.7755, 0.35, 0.4525, negative
M, 0.625, 0.48, 0.16, 1.2415, 0.6575, 0.2625, 0.2785, negative
I, 0.46, 0.365, 0.11, 0.4495, 0.1755, 0.102, 0.15, negative
I, 0.5, 0.385, 0.12, 0.516, 0.197, 0.1305, 0.165, negative
F, 0.645, 0.535, 0.19, 1.2395, 0.468, 0.2385, 0.424, negative
M, 0.77, 0.605, 0.175, 2.0505, 0.8005, 0.526, 0.355, negative
I, 0.43, 0.315, 0.115, 0.384, 0.1885, 0.0715, 0.11, negative
M, 0.475, 0.37, 0.11, 0.4895, 0.2185, 0.107, 0.146, negative
M, 0.475, 0.36, 0.14, 0.5135, 0.241, 0.1045, 0.155, negative
F, 0.585, 0.475, 0.165, 1.053, 0.458, 0.217, 0.3, negative
I, 0.475, 0.365, 0.115, 0.499, 0.232, 0.0885, 0.156, negative
F, 0.515, 0.4, 0.125, 0.615, 0.2865, 0.123, 0.1765, negative
M, 0.52, 0.385, 0.165, 0.791, 0.375, 0.18, 0.1815, negative
