@relation B200mlP
@attribute Indicator1 interval [0, 10]
@attribute Indicator2 interval [0, 10]
@attribute Indicator3 interval [0, 10]
@attribute Indicator4 interval [0, 10]
@attribute Indicator5 interval [0, 10]
@attribute Class {0, 1}
@inputs Indicator1, Indicator2, Indicator3, Indicator4, Indicator5
@outputs Class
@data
[2.9,3.8],[1,1.18,1.25],[4.67,4.69,4.79],[8.13,8.19,8.23],[8.9,9.1,9.7],{0}
[3.01,4.5],[1.1,1.15,1.22],[4.79,4.83,4.84],[8.1,8.23],[6.8,7.9,8.1],{0,1}
[2,3.5],[1.1,1.22,1.24],[4.56,4.62,4.64],[7.65,7.7,8],[7.9,8.2,8.9],{0}
[3.4,4.2],[1.1,1.23,1.27],[4.7,4.84,5.03],[8,8.07,8.29],[6,7.3],{0,1}
[1,1.5],[1.22,1.23,1.30],[4.89,4.93,5.1],[8.67,8.79],[7.8,8.6],{1}
?,[1,1.15,1.2],[4.53,4.64,4.67],[8,8.09,8.16],[6.7,7.3,7.9],{0,1}
[1,2.2],[1.1,1.25,1.31],[4.62,4.67,4.81],[8.05,8.12],[8.1,9.2,9.3],{0}
[1,1.7],[1,1.12,1.2],[3.56,3.58,3.61],[8.09,8.1,8.13],[8.2,8.9],{0}
?,[1.09,1.1,1.11],[4.97,5.02,5.09],[8.21,8.22,8.34],[8.9,9,9.2],{1}
[1,1.5],[1.21,1.22,1.32],[5.33,5.38,5.41],[8.78,8.81,8.89],[5,5.8],{1}
[0.2,1],[1,1.09,1.1],[4.03,4.07,4.13],[7.68,7.72,7.7],[7.9,8.2,9],{0}
[1,1.3],[1.03,1.05,1.1],[4.32,4.37,4.4],[7.75,7.8,7.82],[9,9],{0}
[0,0.1],[1.04,1.1,1.12],[4.21,4.3,4.32],[8.01,8.09,8.1],[8,8.1,8.9],{0,1}
[1,1.9],[0.96,1.01,1.04],[4.31,4.38,4.4],[8.18,8.20,8.23],[7.8,7.9,9],{0}
[2,2.9],[1.12,1.19,1.21],[4.6,4.61,4.71],[8.24,8.26,8.32],[6.5,7.8,8],{1}
[0,0.6],[0.87,0.91,0.92],[4.15,4.19,4.22],[7.67,7.7,7.72],[9.1,9.2,10],{0}
[2,2.7],[1.1,1.13,1.22],[4.45,4.49,4.6],[7.84,7.85,7.91],[6.3,6.5,7.8],{0,1}
[2,2.1],[0.98,1,1.03],[4.74,4.78,4.83],[7.93,8.01,8.01],[6.5,7.1,8.6],{0}
[0,1],[1.22,1.31,1.34],[5.22,5.26,5.28],[8.65,8.79],[5.5,6.1],{1}