@relation  vehicle
@attribute COMPACTNESS integer[73,119]
@attribute CIRCULARITY integer[33,59]
@attribute DISTANCECIRCULARITY integer[40,112]
@attribute RADIUSRATIO integer[104,333]
@attribute PRAXISASPECTRATIO integer[47,138]
@attribute MAXLENGTHASPECTRATIO integer[2,55]
@attribute SCATTERRATIO integer[112,265]
@attribute ELONGATEDNESS integer[26,61]
@attribute PRAXISRECTANGULAR integer[17,29]
@attribute LENGTHRECTANGULAR integer[118,188]
@attribute MAJORVARIANCE integer[130,320]
@attribute MINORVARIANCE integer[184,1018]
@attribute GYRATIONRADIUS integer[109,268]
@attribute MAJORSKEWNESS integer[59,135]
@attribute MINORSKEWNESS integer[0,22]
@attribute MINORKURTOSIS integer[0,41]
@attribute MAJORKURTOSIS integer[176,206]
@attribute HOLLOWSRATIO integer[181,211]
@attribute class{van,saab,bus,opel}
@inputs COMPACTNESS,CIRCULARITY,DISTANCECIRCULARITY,RADIUSRATIO,PRAXISASPECTRATIO,MAXLENGTHASPECTRATIO,SCATTERRATIO,ELONGATEDNESS,PRAXISRECTANGULAR,LENGTHRECTANGULAR,MAJORVARIANCE,MINORVARIANCE,GYRATIONRADIUS,MAJORSKEWNESS,MINORSKEWNESS,MINORKURTOSIS,MAJORKURTOSIS,HOLLOWSRATIO
@outputs class
@data
93, 42, 70, 131, 56, 7, 127, 53, 18, 145, 156, 240, 152, 74, 5, 4, 189, 190, van
90, 48, 78, 143, 60, 11, 161, 43, 20, 159, 172, 374, 186, 75, 2, 2, 184, 193, van
86, 39, 60, 140, 60, 7, 119, 55, 17, 134, 140, 212, 141, 61, 7, 8, 200, 207, van
88, 43, 84, 136, 55, 11, 154, 44, 19, 150, 174, 350, 164, 73, 6, 2, 185, 196, van
84, 37, 53, 121, 59, 5, 123, 55, 17, 125, 141, 221, 133, 82, 7, 1, 179, 183, van
93, 48, 84, 150, 63, 11, 156, 44, 20, 165, 171, 354, 188, 73, 8, 15, 185, 195, van
93, 36, 63, 139, 57, 8, 132, 50, 18, 136, 158, 260, 121, 67, 3, 27, 193, 201, van
89, 47, 80, 131, 54, 11, 160, 43, 20, 163, 175, 369, 174, 77, 1, 7, 182, 193, van
94, 45, 85, 160, 63, 10, 158, 43, 20, 157, 174, 367, 162, 68, 1, 6, 189, 199, van
86, 44, 78, 164, 68, 9, 142, 46, 18, 147, 168, 305, 171, 70, 1, 11, 190, 201, van
90, 47, 85, 161, 64, 10, 163, 42, 20, 160, 177, 389, 185, 73, 9, 0, 185, 195, van
98, 39, 68, 136, 56, 8, 131, 52, 18, 144, 159, 251, 134, 72, 4, 10, 186, 187, van
95, 42, 85, 174, 66, 9, 153, 44, 19, 144, 168, 347, 150, 65, 11, 5, 196, 204, van
91, 39, 77, 153, 59, 8, 139, 48, 18, 139, 159, 289, 123, 62, 8, 17, 201, 209, van
92, 41, 66, 125, 52, 7, 139, 50, 18, 143, 160, 275, 161, 81, 7, 19, 182, 184, van
87, 37, 52, 116, 54, 6, 115, 58, 17, 126, 135, 196, 144, 74, 11, 22, 186, 190, van
92, 40, 82, 163, 63, 9, 146, 45, 19, 140, 165, 319, 137, 64, 9, 0, 199, 206, van
90, 43, 72, 157, 64, 8, 136, 49, 18, 145, 158, 279, 167, 64, 4, 6, 201, 209, van
89, 45, 81, 246, 102, 43, 155, 44, 20, 160, 200, 347, 177, 90, 9, 17, 183, 192, van
93, 42, 64, 123, 51, 7, 135, 51, 18, 144, 164, 262, 155, 78, 16, 12, 185, 185, van
82, 36, 51, 114, 53, 4, 135, 50, 18, 126, 150, 268, 144, 86, 15, 4, 181, 182, saab
91, 36, 72, 162, 60, 8, 150, 44, 19, 133, 166, 334, 121, 63, 2, 22, 196, 205, saab
93, 51, 90, 209, 69, 8, 183, 36, 22, 156, 211, 506, 230, 70, 6, 1, 189, 196, saab
89, 40, 89, 174, 58, 8, 177, 37, 21, 133, 202, 471, 155, 70, 7, 18, 189, 196, saab
90, 43, 72, 172, 59, 8, 154, 42, 19, 144, 174, 360, 158, 61, 15, 9, 203, 209, saab
110, 54, 102, 201, 64, 11, 213, 31, 24, 171, 222, 669, 221, 73, 17, 16, 188, 198, saab
103, 51, 105, 174, 56, 11, 210, 32, 24, 163, 222, 650, 222, 73, 8, 9, 187, 196, saab
100, 46, 81, 187, 61, 9, 166, 40, 20, 154, 189, 415, 175, 63, 13, 9, 198, 207, saab
86, 40, 66, 138, 59, 4, 137, 49, 18, 133, 162, 279, 151, 74, 6, 14, 186, 190, saab
89, 35, 52, 121, 57, 4, 122, 55, 17, 125, 139, 220, 128, 82, 5, 13, 181, 184, saab
109, 54, 103, 205, 63, 11, 222, 30, 25, 175, 229, 720, 213, 71, 6, 14, 187, 200, saab
90, 39, 85, 160, 59, 7, 163, 41, 20, 131, 189, 396, 158, 71, 7, 13, 186, 192, saab
101, 46, 105, 195, 61, 10, 198, 34, 23, 150, 213, 578, 195, 66, 7, 38, 192, 205, saab
115, 52, 100, 203, 62, 10, 217, 31, 24, 165, 229, 697, 214, 72, 14, 4, 188, 197, saab
119, 54, 106, 220, 65, 12, 213, 31, 24, 167, 223, 675, 232, 66, 20, 1, 192, 202, saab
102, 54, 106, 221, 68, 11, 207, 32, 24, 164, 228, 638, 238, 71, 0, 26, 189, 200, saab
95, 46, 104, 208, 66, 9, 191, 35, 22, 148, 210, 543, 169, 68, 0, 28, 190, 200, saab
94, 40, 85, 186, 62, 9, 169, 39, 20, 139, 184, 430, 133, 61, 2, 9, 200, 210, saab
86, 40, 62, 140, 62, 7, 150, 45, 19, 133, 165, 330, 173, 82, 2, 3, 180, 185, saab
106, 53, 98, 176, 54, 10, 216, 31, 24, 171, 235, 691, 218, 74, 1, 9, 187, 197, saab
111, 50, 103, 199, 60, 11, 211, 31, 24, 156, 223, 663, 188, 68, 9, 9, 190, 200, saab
90, 34, 66, 158, 59, 7, 140, 47, 18, 124, 165, 298, 117, 61, 1, 3, 201, 207, saab
82, 45, 68, 150, 69, 5, 148, 45, 19, 144, 169, 322, 184, 80, 5, 0, 181, 184, bus
97, 49, 76, 203, 73, 7, 178, 36, 21, 157, 194, 487, 186, 72, 0, 7, 197, 200, bus
111, 58, 105, 183, 51, 6, 265, 26, 29, 174, 285, 1018, 255, 85, 4, 8, 181, 183, bus
105, 50, 93, 173, 54, 4, 222, 30, 25, 159, 254, 735, 206, 83, 4, 12, 186, 184, bus
83, 42, 71, 152, 64, 7, 149, 45, 19, 142, 172, 331, 158, 74, 2, 2, 184, 190, bus
82, 45, 66, 252, 126, 52, 148, 45, 19, 144, 237, 326, 185, 119, 1, 1, 181, 185, bus
102, 53, 101, 238, 72, 4, 238, 28, 26, 163, 267, 844, 242, 85, 7, 22, 184, 184, bus
85, 43, 66, 130, 57, 6, 151, 45, 19, 143, 173, 333, 168, 86, 4, 9, 180, 183, bus
100, 50, 81, 197, 67, 6, 186, 34, 22, 158, 206, 531, 198, 74, 6, 1, 197, 198, bus
85, 42, 59, 132, 58, 7, 149, 46, 19, 144, 166, 320, 172, 83, 8, 4, 179, 182, bus
98, 46, 77, 199, 71, 7, 166, 39, 20, 150, 184, 422, 180, 69, 13, 9, 200, 203, bus
81, 46, 71, 141, 61, 7, 153, 44, 19, 148, 177, 347, 190, 80, 1, 14, 182, 187, bus
82, 44, 72, 136, 61, 7, 147, 46, 19, 143, 173, 317, 183, 81, 6, 17, 181, 185, bus
106, 54, 100, 227, 67, 4, 250, 27, 27, 162, 280, 923, 262, 88, 5, 11, 182, 182, bus
87, 42, 60, 116, 51, 6, 150, 46, 19, 141, 169, 324, 171, 85, 2, 14, 178, 182, bus
89, 40, 76, 188, 76, 7, 150, 44, 19, 136, 174, 342, 148, 72, 3, 8, 193, 197, bus
97, 43, 73, 173, 65, 6, 153, 42, 19, 143, 176, 361, 172, 66, 13, 1, 200, 204, bus
98, 35, 70, 182, 68, 5, 155, 41, 19, 124, 184, 371, 117, 71, 3, 22, 202, 205, bus
100, 36, 73, 199, 73, 6, 162, 40, 20, 127, 189, 401, 125, 72, 6, 19, 200, 204, bus
86, 43, 66, 130, 56, 7, 152, 44, 19, 142, 177, 340, 173, 81, 6, 14, 181, 185, bus
91, 45, 76, 171, 69, 7, 150, 44, 19, 144, 170, 340, 179, 69, 12, 1, 195, 201, bus
89, 44, 70, 158, 64, 6, 141, 47, 18, 143, 164, 299, 173, 66, 9, 11, 193, 199, bus
79, 39, 72, 127, 53, 9, 142, 48, 19, 135, 165, 295, 144, 77, 7, 21, 181, 189, opel
84, 39, 90, 180, 60, 7, 177, 37, 21, 131, 209, 469, 145, 71, 4, 38, 190, 198, opel
86, 39, 84, 149, 57, 8, 156, 43, 20, 133, 185, 358, 157, 74, 0, 23, 183, 190, opel
106, 53, 98, 203, 63, 11, 220, 30, 25, 167, 228, 710, 214, 71, 10, 24, 188, 197, opel
100, 45, 100, 209, 65, 8, 201, 32, 23, 147, 231, 611, 189, 72, 5, 5, 189, 195, opel
84, 38, 60, 128, 56, 5, 132, 50, 18, 130, 148, 261, 141, 75, 8, 4, 185, 188, opel
106, 55, 98, 224, 68, 11, 215, 31, 24, 170, 222, 679, 214, 68, 2, 29, 189, 201, opel
89, 38, 78, 153, 61, 7, 146, 46, 19, 127, 166, 314, 142, 69, 0, 9, 187, 194, opel
101, 52, 105, 162, 53, 10, 212, 31, 24, 163, 226, 669, 204, 74, 12, 11, 186, 194, opel
106, 53, 98, 192, 58, 11, 217, 31, 24, 166, 228, 693, 191, 71, 11, 24, 188, 198, opel
83, 39, 69, 127, 54, 5, 135, 49, 18, 131, 155, 274, 162, 69, 16, 6, 187, 190, opel
101, 55, 101, 183, 57, 13, 225, 30, 25, 177, 225, 741, 204, 71, 5, 10, 186, 198, opel
93, 47, 83, 165, 60, 7, 167, 40, 20, 147, 197, 417, 201, 73, 12, 4, 187, 192, opel
94, 37, 74, 169, 59, 7, 162, 41, 20, 133, 178, 394, 130, 63, 6, 6, 198, 204, opel
82, 39, 86, 140, 54, 7, 153, 45, 19, 134, 174, 338, 139, 71, 11, 18, 183, 189, opel
101, 56, 100, 215, 69, 10, 208, 32, 24, 169, 227, 651, 223, 74, 6, 5, 186, 193, opel
96, 52, 104, 222, 67, 9, 198, 33, 23, 163, 217, 589, 226, 67, 12, 20, 192, 201, opel
107, 45, 92, 197, 62, 10, 188, 35, 22, 148, 202, 526, 159, 64, 12, 20, 195, 203, opel
111, 54, 103, 171, 50, 11, 221, 30, 25, 172, 227, 727, 201, 69, 15, 6, 190, 198, opel
109, 48, 107, 215, 62, 10, 205, 32, 23, 158, 222, 624, 168, 65, 9, 32, 195, 206, opel
78, 36, 51, 116, 56, 4, 120, 57, 17, 124, 135, 209, 135, 84, 1, 12, 177, 184, opel
100, 57, 107, 207, 63, 11, 227, 30, 25, 180, 234, 756, 205, 72, 6, 19, 186, 198, opel
