@relation unknow
@attribute COMPACTNESS integer [73, 119]
@attribute CIRCULARITY integer [33, 59]
@attribute DISTANCECIRCULARITY integer [40, 112]
@attribute RADIUSRATIO integer [104, 333]
@attribute PRAXISASPECTRATIO integer [47, 138]
@attribute MAXLENGTHASPECTRATIO integer [2, 55]
@attribute SCATTERRATIO integer [112, 265]
@attribute ELONGATEDNESS integer [26, 61]
@attribute PRAXISRECTANGULAR integer [17, 29]
@attribute LENGTHRECTANGULAR integer [118, 188]
@attribute MAJORVARIANCE integer [130, 320]
@attribute MINORVARIANCE integer [184, 1018]
@attribute GYRATIONRADIUS integer [109, 268]
@attribute MAJORSKEWNESS integer [59, 135]
@attribute MINORSKEWNESS integer [0, 22]
@attribute MINORKURTOSIS integer [0, 41]
@attribute MAJORKURTOSIS integer [176, 206]
@attribute HOLLOWSRATIO integer [181, 211]
@attribute class {van, saab, bus, opel}
@inputs COMPACTNESS, CIRCULARITY, DISTANCECIRCULARITY, RADIUSRATIO, PRAXISASPECTRATIO, MAXLENGTHASPECTRATIO, SCATTERRATIO, ELONGATEDNESS, PRAXISRECTANGULAR, LENGTHRECTANGULAR, MAJORVARIANCE, MINORVARIANCE, GYRATIONRADIUS, MAJORSKEWNESS, MINORSKEWNESS, MINORKURTOSIS, MAJORKURTOSIS, HOLLOWSRATIO
@outputs class
@data
95, 48, 83, 178, 72, 10, 162, 42, 20, 159, 176, 379, 184, 70, 6, 16, 187, 197, van
104, 50, 106, 209, 66, 10, 207, 32, 23, 158, 223, 635, 220, 73, 14, 9, 188, 196, saab
90, 43, 66, 157, 65, 9, 137, 48, 18, 146, 162, 281, 164, 67, 3, 3, 193, 202, van
86, 36, 70, 143, 61, 9, 133, 50, 18, 130, 153, 266, 127, 66, 2, 10, 194, 202, van
94, 49, 79, 203, 71, 5, 174, 37, 21, 154, 196, 465, 206, 71, 6, 2, 197, 199, bus
89, 36, 51, 109, 52, 6, 118, 57, 17, 129, 137, 206, 125, 80, 2, 14, 181, 185, van
99, 41, 77, 197, 69, 6, 177, 36, 21, 139, 202, 485, 151, 72, 4, 10, 198, 199, bus
104, 54, 100, 186, 61, 10, 216, 31, 24, 173, 225, 686, 220, 74, 5, 11, 185, 195, saab
87, 39, 70, 148, 61, 7, 143, 46, 18, 136, 164, 307, 141, 69, 1, 2, 192, 199, bus
83, 36, 54, 119, 57, 6, 128, 53, 18, 125, 143, 238, 139, 82, 6, 3, 179, 183, saab
107, 54, 98, 203, 65, 11, 218, 31, 25, 167, 229, 696, 216, 72, 1, 28, 187, 199, saab
102, 45, 85, 193, 64, 6, 192, 33, 22, 146, 217, 570, 163, 76, 6, 7, 195, 193, bus
80, 38, 63, 129, 55, 7, 146, 46, 19, 130, 168, 314, 158, 83, 9, 20, 180, 185, saab
87, 38, 85, 177, 61, 8, 164, 40, 20, 129, 186, 402, 130, 63, 1, 25, 198, 205, opel
100, 46, 90, 172, 67, 9, 157, 43, 20, 150, 170, 363, 184, 67, 17, 7, 192, 200, van
82, 44, 72, 118, 52, 7, 152, 44, 19, 147, 174, 340, 177, 82, 2, 2, 180, 185, bus
119, 54, 106, 220, 65, 12, 213, 31, 24, 167, 223, 675, 232, 66, 20, 1, 192, 202, saab
93, 46, 82, 145, 58, 11, 159, 43, 20, 160, 180, 371, 189, 77, 2, 4, 183, 194, van
91, 43, 70, 133, 55, 8, 130, 51, 18, 146, 159, 253, 156, 70, 1, 8, 190, 194, van
85, 42, 66, 122, 54, 6, 148, 46, 19, 141, 172, 317, 174, 88, 6, 14, 180, 182, bus
89, 47, 81, 147, 64, 11, 156, 44, 20, 163, 170, 352, 188, 76, 6, 13, 184, 193, van
98, 55, 101, 228, 70, 9, 210, 31, 24, 168, 236, 661, 245, 72, 1, 6, 188, 197, opel
94, 36, 66, 151, 61, 8, 133, 50, 18, 135, 154, 265, 119, 62, 9, 3, 201, 208, van
97, 44, 96, 195, 63, 9, 185, 36, 22, 144, 202, 512, 165, 66, 4, 8, 191, 199, saab
103, 50, 98, 212, 63, 9, 193, 34, 22, 161, 214, 567, 185, 64, 5, 5, 198, 204, opel
93, 45, 86, 201, 69, 7, 184, 35, 22, 145, 203, 523, 183, 72, 0, 4, 194, 197, bus
96, 55, 98, 161, 54, 10, 215, 31, 24, 175, 226, 683, 221, 76, 3, 6, 185, 193, opel
97, 59, 108, 227, 70, 11, 224, 30, 25, 186, 225, 732, 218, 70, 10, 25, 186, 198, opel
73, 37, 53, 111, 54, 6, 126, 55, 18, 128, 135, 227, 147, 82, 1, 15, 176, 184, opel
86, 40, 62, 140, 62, 7, 150, 45, 19, 133, 165, 330, 173, 82, 2, 3, 180, 185, saab
104, 52, 94, 208, 66, 5, 208, 31, 24, 161, 227, 666, 218, 76, 11, 4, 193, 191, bus
89, 44, 68, 113, 50, 7, 150, 45, 19, 147, 171, 328, 189, 88, 6, 5, 179, 182, bus
87, 46, 71, 159, 66, 6, 151, 44, 19, 146, 175, 343, 189, 73, 2, 0, 186, 190, bus
99, 51, 92, 203, 65, 5, 209, 31, 24, 159, 232, 671, 214, 78, 5, 11, 191, 189, bus
110, 58, 106, 180, 51, 6, 261, 26, 28, 171, 278, 998, 257, 83, 9, 13, 181, 182, bus
80, 37, 57, 116, 55, 6, 125, 54, 18, 125, 142, 229, 132, 81, 8, 5, 178, 184, opel
104, 55, 107, 222, 68, 11, 218, 31, 24, 173, 232, 703, 229, 71, 3, 10, 188, 199, saab
104, 52, 100, 191, 59, 9, 197, 33, 23, 158, 218, 583, 234, 70, 10, 10, 191, 198, saab
94, 48, 87, 162, 64, 10, 157, 43, 20, 161, 179, 363, 186, 75, 4, 15, 184, 195, van
89, 42, 80, 151, 62, 6, 144, 46, 19, 139, 166, 308, 170, 74, 17, 13, 185, 189, saab
95, 46, 105, 219, 68, 9, 201, 33, 23, 148, 223, 602, 201, 69, 5, 38, 191, 202, opel
87, 44, 65, 124, 56, 6, 149, 46, 19, 144, 170, 321, 171, 87, 4, 12, 179, 182, bus
95, 42, 85, 174, 66, 9, 153, 44, 19, 144, 168, 347, 150, 65, 11, 5, 196, 204, van
108, 53, 103, 202, 64, 10, 220, 30, 25, 168, 224, 711, 214, 73, 11, 10, 188, 199, saab
99, 46, 105, 209, 64, 11, 197, 34, 23, 152, 212, 575, 159, 65, 0, 33, 194, 205, opel
80, 44, 68, 135, 59, 8, 150, 45, 19, 145, 170, 329, 173, 80, 7, 12, 180, 185, bus
88, 35, 50, 121, 58, 5, 114, 59, 17, 122, 132, 192, 138, 74, 21, 4, 182, 187, opel
95, 47, 88, 162, 64, 11, 159, 43, 20, 157, 176, 371, 185, 71, 12, 13, 189, 198, van
85, 43, 64, 128, 56, 8, 150, 46, 19, 144, 168, 324, 173, 82, 9, 14, 180, 184, bus
92, 40, 82, 163, 63, 9, 146, 45, 19, 140, 165, 319, 137, 64, 9, 0, 199, 206, van
90, 36, 57, 130, 57, 6, 121, 56, 17, 127, 137, 216, 132, 68, 22, 23, 190, 195, saab
89, 42, 70, 148, 62, 7, 147, 45, 19, 143, 176, 323, 153, 76, 2, 6, 186, 189, bus
85, 41, 66, 155, 65, 22, 149, 45, 19, 139, 173, 330, 155, 75, 6, 16, 184, 191, bus
100, 48, 95, 209, 68, 7, 199, 32, 23, 150, 216, 605, 200, 73, 7, 11, 192, 194, bus
100, 46, 104, 184, 60, 9, 197, 34, 23, 147, 222, 578, 198, 73, 13, 13, 189, 197, saab
86, 36, 77, 165, 60, 7, 150, 45, 19, 128, 174, 331, 131, 66, 0, 32, 196, 203, saab
89, 47, 83, 322, 133, 48, 158, 43, 20, 163, 229, 364, 176, 97, 0, 14, 184, 194, van
86, 48, 75, 136, 58, 10, 161, 43, 20, 163, 170, 371, 185, 75, 3, 1, 183, 192, van
91, 42, 80, 162, 66, 8, 148, 44, 19, 145, 171, 331, 147, 70, 3, 5, 189, 199, van
90, 37, 80, 171, 58, 9, 157, 42, 20, 132, 172, 373, 115, 60, 3, 18, 201, 209, saab
81, 42, 63, 125, 55, 8, 149, 46, 19, 145, 166, 320, 172, 86, 7, 7, 179, 182, bus
95, 45, 80, 186, 62, 7, 164, 40, 20, 145, 188, 406, 178, 65, 11, 18, 199, 204, opel
93, 36, 64, 165, 69, 8, 136, 49, 18, 136, 161, 279, 127, 67, 2, 29, 193, 204, van
104, 50, 96, 211, 65, 10, 187, 35, 22, 156, 207, 527, 195, 65, 3, 7, 195, 206, saab
93, 35, 72, 172, 62, 7, 149, 44, 19, 124, 169, 334, 125, 62, 5, 30, 203, 210, opel
89, 40, 79, 154, 64, 9, 144, 46, 19, 139, 168, 311, 149, 71, 8, 7, 188, 197, van
85, 36, 78, 149, 55, 7, 147, 45, 19, 128, 168, 321, 134, 64, 10, 24, 197, 203, opel
93, 42, 70, 131, 56, 7, 127, 53, 18, 145, 156, 240, 152, 74, 5, 4, 189, 190, van
87, 39, 74, 152, 58, 6, 151, 44, 19, 136, 174, 337, 140, 70, 1, 33, 187, 196, saab
98, 39, 81, 191, 64, 9, 166, 40, 20, 138, 184, 415, 131, 62, 8, 19, 197, 205, saab
85, 40, 72, 139, 59, 5, 132, 50, 18, 135, 159, 260, 150, 68, 3, 9, 191, 195, saab
98, 54, 104, 186, 59, 10, 213, 32, 24, 172, 223, 665, 217, 73, 1, 26, 186, 195, opel
103, 54, 91, 179, 57, 11, 220, 31, 25, 170, 220, 707, 198, 72, 1, 32, 186, 198, opel
92, 36, 78, 165, 57, 8, 153, 43, 19, 128, 169, 349, 124, 60, 4, 19, 203, 211, saab
110, 51, 104, 191, 57, 12, 213, 31, 24, 162, 226, 674, 190, 68, 18, 2, 191, 199, saab
108, 51, 103, 197, 60, 11, 211, 31, 24, 160, 222, 661, 187, 67, 7, 3, 190, 200, opel
106, 54, 103, 161, 47, 4, 247, 27, 27, 166, 266, 892, 242, 85, 4, 11, 181, 183, bus
84, 39, 90, 180, 60, 7, 177, 37, 21, 131, 209, 469, 145, 71, 4, 38, 190, 198, opel
89, 44, 72, 160, 66, 7, 144, 46, 19, 147, 166, 312, 169, 69, 11, 1, 191, 198, bus
91, 42, 66, 169, 66, 7, 145, 44, 19, 140, 169, 325, 159, 67, 4, 0, 201, 207, bus
100, 41, 75, 205, 71, 5, 176, 36, 21, 138, 204, 479, 151, 72, 7, 19, 197, 197, bus
91, 42, 81, 193, 69, 5, 169, 38, 20, 137, 184, 434, 156, 68, 3, 23, 198, 204, bus
98, 45, 76, 166, 60, 7, 157, 42, 20, 148, 184, 371, 186, 69, 13, 10, 190, 196, opel
101, 51, 105, 212, 68, 10, 209, 32, 24, 162, 222, 653, 224, 73, 5, 23, 186, 195, opel
90, 36, 78, 179, 64, 8, 157, 42, 19, 126, 182, 367, 142, 66, 1, 20, 192, 198, opel
97, 48, 94, 198, 63, 9, 181, 36, 21, 155, 200, 494, 189, 64, 20, 11, 199, 203, opel
107, 55, 98, 199, 59, 7, 240, 27, 26, 168, 258, 866, 245, 80, 3, 1, 186, 184, bus
92, 37, 86, 167, 60, 7, 158, 42, 20, 131, 181, 373, 144, 68, 9, 21, 190, 196, saab
82, 44, 72, 136, 61, 7, 147, 46, 19, 143, 173, 317, 183, 81, 6, 17, 181, 185, bus
90, 36, 74, 171, 60, 8, 157, 42, 19, 128, 177, 367, 123, 61, 6, 21, 197, 204, saab
111, 54, 103, 171, 50, 11, 221, 30, 25, 172, 227, 727, 201, 69, 15, 6, 190, 198, opel
103, 55, 100, 194, 62, 11, 212, 31, 24, 175, 217, 666, 219, 73, 10, 14, 187, 194, opel
89, 40, 58, 137, 58, 7, 122, 54, 17, 140, 146, 225, 150, 63, 7, 4, 199, 206, van
87, 47, 81, 149, 62, 9, 147, 45, 19, 152, 171, 325, 181, 72, 0, 6, 188, 198, van
92, 46, 79, 176, 64, 8, 162, 41, 20, 149, 183, 396, 178, 67, 2, 10, 191, 198, opel
101, 56, 100, 168, 55, 11, 214, 31, 24, 175, 219, 681, 224, 74, 2, 3, 185, 192, opel
89, 36, 72, 141, 56, 7, 138, 48, 18, 126, 163, 286, 130, 72, 1, 1, 187, 192, opel
90, 39, 86, 169, 62, 7, 162, 41, 20, 131, 194, 388, 147, 74, 1, 22, 185, 191, opel
84, 44, 77, 150, 59, 5, 152, 44, 19, 143, 175, 344, 177, 77, 8, 2, 183, 187, saab
85, 39, 57, 126, 56, 6, 114, 58, 17, 135, 134, 195, 145, 64, 17, 7, 197, 202, van
99, 55, 101, 206, 62, 13, 222, 30, 25, 180, 225, 722, 213, 71, 2, 3, 186, 196, opel
100, 50, 81, 197, 67, 6, 186, 34, 22, 158, 206, 531, 198, 74, 6, 1, 197, 198, bus
81, 44, 72, 139, 60, 6, 153, 44, 19, 146, 180, 347, 178, 81, 1, 15, 182, 186, bus
93, 41, 79, 159, 63, 8, 144, 46, 19, 150, 165, 309, 134, 67, 4, 9, 195, 203, van
86, 41, 64, 148, 61, 5, 150, 45, 19, 138, 165, 333, 173, 80, 5, 8, 182, 185, saab
85, 35, 47, 110, 55, 3, 117, 57, 17, 122, 136, 203, 139, 89, 5, 9, 180, 184, van
81, 44, 68, 120, 53, 6, 151, 45, 19, 147, 170, 333, 178, 86, 4, 5, 179, 183, bus
89, 36, 77, 172, 62, 8, 157, 42, 19, 125, 174, 367, 126, 63, 5, 22, 198, 205, opel
85, 42, 59, 132, 58, 7, 149, 46, 19, 144, 166, 320, 172, 83, 8, 4, 179, 182, bus
101, 55, 108, 228, 69, 12, 215, 31, 24, 168, 229, 684, 214, 71, 2, 16, 188, 199, saab
93, 41, 75, 124, 51, 7, 140, 49, 18, 141, 164, 284, 149, 77, 5, 15, 184, 185, van
85, 34, 53, 127, 58, 6, 116, 58, 17, 121, 137, 197, 127, 70, 3, 20, 185, 189, saab
95, 38, 66, 126, 52, 8, 133, 52, 18, 140, 158, 253, 140, 78, 11, 8, 184, 183, van
94, 43, 68, 170, 67, 6, 142, 46, 18, 142, 164, 310, 177, 65, 10, 8, 198, 203, bus
93, 47, 85, 161, 65, 12, 155, 43, 19, 157, 179, 354, 178, 76, 2, 9, 184, 196, van
89, 35, 70, 138, 58, 7, 126, 53, 17, 128, 147, 237, 112, 64, 4, 19, 199, 207, van
103, 49, 100, 194, 60, 10, 185, 35, 22, 160, 202, 518, 178, 62, 13, 8, 198, 208, saab
86, 42, 65, 116, 53, 6, 152, 45, 19, 141, 175, 335, 172, 85, 5, 4, 179, 183, bus
100, 46, 81, 187, 61, 9, 166, 40, 20, 154, 189, 415, 175, 63, 13, 9, 198, 207, saab
86, 39, 60, 140, 60, 7, 119, 55, 17, 134, 140, 212, 141, 61, 7, 8, 200, 207, van
83, 37, 62, 113, 53, 6, 122, 55, 17, 129, 143, 218, 135, 79, 0, 7, 181, 185, van
82, 45, 68, 150, 69, 5, 148, 45, 19, 144, 169, 322, 184, 80, 5, 0, 181, 184, bus
87, 44, 70, 179, 75, 6, 146, 45, 19, 141, 167, 326, 178, 69, 6, 1, 194, 201, bus
83, 46, 73, 137, 59, 6, 148, 45, 19, 146, 167, 327, 183, 75, 8, 0, 185, 191, bus
86, 41, 66, 129, 55, 7, 135, 50, 18, 136, 154, 266, 165, 74, 3, 4, 180, 187, opel
100, 44, 93, 193, 62, 8, 186, 35, 22, 147, 202, 521, 151, 66, 0, 2, 193, 198, opel
82, 43, 73, 154, 65, 7, 151, 44, 19, 143, 178, 341, 160, 76, 5, 11, 185, 189, bus
86, 46, 73, 125, 57, 6, 151, 45, 19, 147, 170, 334, 188, 82, 9, 11, 180, 184, bus
83, 41, 70, 155, 65, 7, 144, 46, 19, 141, 168, 309, 147, 71, 4, 12, 188, 195, bus
96, 47, 103, 215, 69, 10, 200, 33, 23, 147, 220, 598, 200, 73, 6, 6, 187, 194, opel
88, 37, 57, 132, 62, 6, 135, 50, 18, 125, 151, 265, 144, 83, 16, 16, 180, 184, saab
98, 38, 66, 130, 55, 7, 130, 51, 18, 138, 160, 251, 123, 69, 3, 12, 191, 194, van
93, 36, 63, 139, 57, 8, 132, 50, 18, 136, 158, 260, 121, 67, 3, 27, 193, 201, van
98, 52, 86, 207, 69, 5, 192, 33, 22, 161, 212, 570, 221, 75, 4, 6, 194, 195, bus
91, 40, 98, 192, 64, 9, 177, 38, 21, 135, 194, 465, 165, 66, 9, 35, 195, 205, saab
98, 40, 77, 171, 61, 6, 172, 37, 21, 139, 197, 457, 141, 72, 4, 17, 199, 201, bus
93, 43, 78, 166, 59, 7, 151, 44, 19, 141, 182, 342, 174, 68, 15, 2, 193, 197, opel
94, 37, 72, 193, 72, 6, 158, 41, 19, 133, 184, 385, 127, 70, 0, 14, 200, 204, bus
90, 50, 90, 188, 61, 10, 181, 36, 21, 158, 211, 492, 220, 69, 6, 19, 191, 199, saab
96, 52, 104, 222, 67, 9, 198, 33, 23, 163, 217, 589, 226, 67, 12, 20, 192, 201, opel
91, 41, 66, 131, 56, 9, 126, 53, 18, 144, 159, 237, 155, 72, 3, 10, 191, 194, van
89, 37, 51, 111, 54, 5, 120, 56, 17, 127, 138, 213, 147, 82, 7, 4, 181, 183, van
102, 51, 92, 194, 60, 6, 220, 30, 25, 162, 247, 731, 209, 80, 7, 7, 188, 186, bus
113, 57, 109, 194, 56, 6, 260, 26, 28, 175, 288, 982, 261, 85, 11, 21, 182, 183, bus
98, 51, 96, 203, 66, 10, 188, 35, 22, 157, 207, 533, 231, 68, 10, 1, 191, 199, saab
94, 38, 88, 179, 60, 7, 170, 39, 21, 131, 188, 435, 144, 66, 2, 28, 195, 204, saab
93, 43, 88, 170, 66, 9, 150, 45, 19, 147, 164, 334, 143, 65, 2, 17, 196, 206, van
89, 38, 80, 169, 59, 7, 161, 41, 20, 131, 186, 389, 137, 68, 5, 15, 192, 197, saab
99, 57, 109, 220, 66, 11, 221, 30, 25, 176, 234, 725, 236, 70, 10, 25, 188, 200, opel
107, 57, 102, 184, 55, 7, 234, 28, 26, 171, 243, 822, 229, 77, 7, 11, 187, 187, bus
109, 54, 103, 205, 63, 11, 222, 30, 25, 175, 229, 720, 213, 71, 6, 14, 187, 200, saab
89, 44, 76, 125, 54, 10, 156, 44, 20, 151, 163, 352, 176, 76, 12, 12, 184, 193, van
99, 51, 88, 188, 62, 5, 203, 32, 23, 158, 222, 625, 219, 77, 8, 26, 191, 190, bus
87, 41, 73, 158, 64, 7, 151, 44, 19, 138, 175, 341, 152, 73, 3, 8, 190, 194, bus
86, 40, 75, 146, 62, 6, 140, 48, 18, 135, 158, 290, 162, 72, 3, 21, 183, 190, opel
83, 37, 54, 131, 61, 4, 135, 50, 18, 127, 152, 271, 141, 85, 3, 6, 180, 183, saab
88, 38, 58, 137, 60, 5, 148, 46, 19, 131, 163, 319, 157, 86, 12, 0, 180, 183, saab
91, 46, 78, 148, 61, 9, 147, 45, 19, 152, 168, 323, 199, 70, 13, 11, 189, 200, van
91, 45, 76, 171, 69, 7, 150, 44, 19, 144, 170, 340, 179, 69, 12, 1, 195, 201, bus
87, 45, 82, 164, 60, 8, 156, 42, 19, 144, 181, 366, 174, 70, 2, 2, 190, 196, opel
100, 49, 96, 206, 63, 9, 186, 35, 22, 156, 202, 519, 176, 62, 3, 5, 197, 205, opel
101, 46, 105, 195, 61, 10, 198, 34, 23, 150, 213, 578, 195, 66, 7, 38, 192, 205, saab
95, 47, 81, 176, 59, 7, 168, 39, 20, 152, 196, 425, 185, 67, 4, 4, 191, 198, saab
89, 47, 85, 147, 58, 10, 153, 44, 19, 151, 175, 349, 186, 74, 13, 7, 186, 197, van
82, 37, 59, 134, 63, 7, 135, 51, 18, 128, 151, 264, 143, 82, 11, 24, 179, 185, saab
84, 45, 68, 148, 64, 6, 146, 46, 19, 142, 168, 317, 180, 75, 5, 1, 183, 187, bus
89, 47, 81, 156, 57, 8, 161, 41, 20, 149, 187, 388, 197, 72, 9, 15, 187, 193, opel
97, 45, 72, 187, 71, 5, 161, 40, 20, 144, 178, 399, 186, 70, 7, 7, 196, 203, bus
87, 36, 53, 117, 58, 4, 118, 57, 17, 125, 138, 205, 138, 85, 9, 15, 180, 183, van
109, 52, 95, 189, 58, 4, 227, 29, 25, 158, 262, 776, 217, 82, 0, 19, 187, 186, bus
104, 51, 108, 193, 59, 11, 217, 31, 24, 163, 232, 694, 203, 72, 15, 22, 190, 201, saab
87, 37, 60, 132, 57, 6, 128, 52, 18, 129, 154, 243, 132, 71, 1, 14, 186, 192, saab
105, 56, 98, 209, 64, 11, 217, 31, 24, 173, 225, 696, 216, 72, 2, 19, 188, 199, opel
80, 39, 60, 122, 56, 6, 139, 49, 18, 131, 151, 281, 142, 80, 0, 5, 179, 186, opel
106, 54, 100, 227, 67, 4, 250, 27, 27, 162, 280, 923, 262, 88, 5, 11, 182, 182, bus
100, 51, 109, 224, 67, 9, 217, 30, 24, 162, 238, 704, 206, 72, 6, 18, 189, 199, opel
94, 49, 87, 159, 64, 10, 157, 43, 20, 158, 179, 363, 203, 75, 4, 0, 183, 194, van
90, 47, 85, 145, 58, 9, 152, 44, 19, 155, 175, 345, 184, 73, 4, 2, 186, 197, van
94, 47, 85, 333, 138, 49, 155, 43, 19, 155, 320, 354, 187, 135, 12, 9, 188, 196, van
86, 42, 65, 113, 50, 8, 152, 45, 19, 141, 169, 332, 171, 85, 4, 16, 179, 183, bus
93, 44, 90, 166, 65, 10, 153, 44, 19, 156, 170, 348, 143, 66, 9, 17, 194, 203, van
86, 47, 75, 165, 68, 6, 154, 43, 19, 146, 176, 356, 190, 74, 7, 3, 188, 194, bus
98, 38, 70, 186, 68, 6, 164, 39, 20, 136, 189, 413, 129, 71, 3, 17, 200, 203, bus
87, 42, 64, 150, 64, 10, 133, 50, 18, 141, 157, 265, 159, 67, 7, 0, 193, 201, van
107, 53, 108, 213, 64, 12, 206, 32, 23, 163, 216, 627, 202, 65, 21, 22, 194, 205, saab
85, 37, 80, 158, 59, 8, 153, 44, 19, 126, 179, 348, 136, 69, 6, 21, 191, 197, opel
101, 52, 105, 162, 53, 10, 212, 31, 24, 163, 226, 669, 204, 74, 12, 11, 186, 194, opel
103, 48, 101, 204, 62, 12, 200, 33, 23, 158, 215, 595, 164, 66, 8, 22, 192, 202, opel
88, 40, 73, 173, 68, 7, 150, 44, 19, 137, 174, 341, 151, 69, 2, 20, 196, 200, bus
80, 38, 64, 130, 59, 8, 134, 51, 18, 126, 152, 259, 135, 76, 1, 23, 179, 188, opel
86, 45, 71, 155, 66, 7, 146, 45, 19, 144, 167, 322, 176, 72, 5, 6, 189, 196, bus
86, 38, 86, 175, 60, 9, 170, 39, 21, 134, 191, 433, 138, 68, 1, 28, 191, 199, saab
89, 45, 77, 188, 64, 9, 161, 41, 20, 151, 190, 390, 174, 66, 4, 2, 194, 201, saab
78, 36, 51, 116, 56, 4, 120, 57, 17, 124, 135, 209, 135, 84, 1, 12, 177, 184, opel
88, 36, 78, 160, 62, 6, 140, 48, 18, 123, 161, 287, 129, 66, 4, 35, 194, 202, opel
85, 45, 82, 133, 56, 11, 159, 43, 20, 156, 170, 362, 173, 76, 10, 21, 183, 193, van
96, 36, 74, 183, 70, 6, 149, 43, 19, 127, 178, 341, 127, 69, 0, 17, 201, 205, bus
87, 43, 70, 169, 72, 7, 152, 44, 19, 145, 177, 341, 171, 76, 6, 12, 184, 187, bus
93, 34, 72, 144, 56, 6, 133, 50, 18, 123, 158, 263, 125, 63, 5, 20, 200, 206, saab
91, 41, 93, 197, 65, 9, 183, 36, 21, 137, 202, 504, 153, 66, 11, 24, 193, 200, opel
84, 38, 83, 141, 54, 7, 149, 45, 19, 132, 177, 327, 149, 74, 6, 29, 185, 191, saab
85, 42, 70, 130, 56, 7, 150, 45, 19, 145, 177, 328, 172, 82, 10, 14, 181, 185, bus
104, 51, 105, 168, 54, 10, 208, 32, 24, 162, 220, 641, 221, 72, 9, 20, 187, 197, saab
85, 37, 68, 145, 60, 6, 130, 51, 18, 130, 150, 253, 121, 65, 3, 14, 195, 203, van
93, 42, 64, 123, 51, 7, 135, 51, 18, 144, 164, 262, 155, 78, 16, 12, 185, 185, van
84, 40, 71, 131, 55, 7, 150, 45, 19, 134, 167, 330, 165, 80, 12, 1, 180, 186, opel
91, 49, 86, 195, 63, 8, 177, 37, 21, 156, 203, 473, 201, 67, 7, 5, 192, 198, opel
101, 51, 98, 194, 60, 10, 195, 34, 22, 161, 219, 572, 219, 67, 0, 10, 192, 201, saab
90, 47, 73, 136, 58, 11, 161, 42, 20, 153, 172, 376, 185, 77, 11, 8, 183, 191, van
89, 46, 74, 135, 59, 9, 157, 44, 20, 158, 170, 356, 177, 79, 12, 3, 184, 191, van
101, 52, 101, 197, 62, 9, 188, 35, 22, 162, 208, 527, 203, 67, 14, 15, 193, 202, saab
94, 37, 74, 169, 59, 7, 162, 41, 20, 133, 178, 394, 130, 63, 6, 6, 198, 204, opel
95, 43, 71, 159, 64, 6, 145, 45, 19, 141, 169, 322, 171, 67, 8, 4, 195, 200, bus
81, 43, 68, 139, 62, 7, 149, 46, 19, 145, 172, 323, 171, 83, 1, 14, 180, 184, bus
92, 43, 70, 124, 52, 6, 139, 49, 18, 144, 164, 282, 172, 79, 4, 16, 183, 185, van
103, 57, 105, 221, 69, 11, 218, 30, 24, 173, 226, 706, 250, 73, 10, 2, 187, 195, opel
98, 42, 90, 192, 61, 9, 178, 37, 21, 144, 189, 480, 138, 61, 3, 8, 199, 208, saab
106, 52, 107, 211, 62, 8, 200, 33, 23, 161, 218, 602, 200, 67, 9, 17, 194, 201, opel
97, 47, 81, 183, 64, 8, 168, 39, 20, 150, 193, 426, 182, 70, 11, 2, 192, 198, opel
85, 40, 66, 121, 52, 4, 152, 44, 19, 133, 170, 340, 163, 87, 13, 3, 180, 183, opel
78, 43, 70, 147, 65, 8, 147, 46, 19, 145, 169, 319, 168, 77, 1, 12, 181, 186, bus
105, 51, 108, 201, 62, 11, 220, 30, 25, 163, 232, 711, 202, 72, 12, 16, 189, 200, saab
91, 44, 66, 151, 63, 7, 137, 48, 18, 146, 166, 280, 167, 72, 1, 9, 188, 194, van
101, 55, 101, 183, 57, 13, 225, 30, 25, 177, 225, 741, 204, 71, 5, 10, 186, 198, opel
89, 46, 78, 150, 63, 11, 160, 43, 20, 160, 170, 367, 176, 73, 5, 9, 185, 194, van
86, 42, 64, 122, 54, 6, 148, 46, 19, 143, 170, 319, 171, 87, 1, 3, 179, 182, bus
104, 54, 91, 209, 67, 11, 218, 31, 24, 170, 223, 697, 196, 74, 4, 21, 187, 196, opel
94, 46, 79, 181, 62, 8, 167, 40, 20, 148, 190, 418, 193, 67, 12, 15, 191, 198, opel
86, 38, 76, 143, 59, 8, 142, 47, 18, 131, 167, 301, 138, 71, 5, 10, 189, 196, van
104, 57, 103, 222, 72, 12, 221, 30, 25, 177, 223, 718, 218, 72, 11, 12, 186, 195, opel
82, 39, 86, 140, 54, 7, 153, 45, 19, 134, 174, 338, 139, 71, 11, 18, 183, 189, opel
108, 54, 109, 189, 57, 11, 220, 31, 25, 174, 229, 709, 214, 70, 12, 23, 189, 201, saab
97, 45, 76, 175, 60, 9, 157, 42, 20, 149, 180, 370, 169, 63, 16, 12, 198, 206, saab
85, 43, 66, 130, 57, 6, 151, 45, 19, 143, 173, 333, 168, 86, 4, 9, 180, 183, bus
102, 54, 98, 177, 56, 10, 219, 31, 25, 171, 219, 706, 223, 72, 5, 17, 186, 196, opel
106, 54, 105, 164, 48, 5, 247, 27, 27, 165, 269, 891, 243, 84, 12, 1, 181, 182, bus
94, 45, 72, 179, 69, 6, 156, 41, 19, 144, 181, 373, 191, 69, 5, 5, 193, 198, bus
94, 43, 82, 136, 54, 10, 155, 43, 19, 149, 176, 359, 161, 74, 1, 6, 186, 197, van
88, 36, 53, 113, 57, 3, 118, 57, 17, 128, 137, 204, 136, 88, 7, 14, 180, 183, van
102, 54, 98, 167, 53, 10, 217, 31, 24, 174, 228, 692, 223, 72, 0, 31, 187, 198, opel
101, 56, 100, 204, 62, 12, 227, 30, 25, 178, 231, 757, 204, 73, 0, 11, 186, 197, opel
105, 54, 96, 185, 57, 10, 219, 30, 25, 170, 231, 706, 217, 75, 5, 12, 187, 195, opel
86, 36, 66, 128, 57, 8, 131, 52, 18, 127, 148, 252, 139, 76, 5, 27, 183, 187, opel
91, 39, 72, 133, 55, 7, 146, 46, 19, 132, 170, 314, 149, 77, 9, 18, 184, 189, saab
95, 46, 92, 159, 63, 11, 160, 42, 20, 157, 176, 372, 171, 70, 7, 21, 189, 200, van
101, 55, 105, 182, 59, 10, 215, 31, 24, 177, 221, 678, 223, 74, 12, 26, 186, 195, opel
86, 43, 70, 126, 56, 6, 148, 46, 19, 145, 166, 317, 171, 86, 6, 9, 179, 182, bus
103, 54, 107, 189, 56, 11, 223, 30, 25, 174, 225, 729, 200, 70, 0, 29, 187, 201, opel
76, 38, 58, 125, 58, 5, 133, 51, 18, 127, 152, 259, 145, 87, 0, 21, 177, 184, opel
92, 42, 75, 172, 60, 8, 147, 45, 19, 142, 174, 322, 160, 62, 22, 10, 206, 211, opel
107, 54, 108, 228, 68, 12, 218, 31, 25, 170, 223, 700, 224, 67, 13, 25, 190, 204, saab
88, 39, 76, 155, 62, 8, 137, 48, 18, 137, 156, 281, 124, 63, 3, 6, 201, 209, van
89, 40, 89, 174, 58, 8, 177, 37, 21, 133, 202, 471, 155, 70, 7, 18, 189, 196, saab
89, 36, 69, 162, 63, 6, 140, 48, 18, 131, 164, 291, 126, 66, 1, 38, 193, 204, saab
105, 52, 107, 207, 60, 11, 218, 31, 24, 167, 221, 701, 197, 66, 0, 20, 191, 203, opel
92, 45, 76, 162, 57, 7, 159, 41, 20, 147, 184, 381, 177, 69, 8, 10, 190, 195, saab
97, 44, 95, 202, 66, 9, 188, 35, 22, 144, 216, 526, 175, 72, 15, 11, 190, 197, saab
109, 49, 103, 186, 57, 11, 206, 32, 23, 156, 212, 630, 186, 65, 12, 21, 192, 201, opel
86, 43, 61, 119, 53, 8, 150, 46, 19, 144, 169, 326, 172, 85, 8, 8, 179, 182, bus
107, 55, 103, 167, 49, 7, 252, 27, 28, 172, 269, 904, 239, 83, 5, 30, 179, 186, bus
104, 49, 105, 209, 61, 11, 207, 32, 24, 157, 217, 637, 168, 64, 0, 19, 193, 207, saab
98, 44, 88, 176, 67, 10, 158, 43, 20, 149, 173, 367, 154, 66, 14, 9, 194, 202, van
86, 40, 66, 139, 59, 7, 122, 54, 17, 139, 145, 225, 143, 63, 7, 11, 202, 208, van
101, 49, 103, 212, 67, 10, 201, 33, 23, 156, 215, 601, 174, 69, 4, 11, 189, 196, opel
88, 43, 70, 177, 74, 19, 152, 44, 19, 143, 180, 342, 168, 76, 1, 9, 186, 189, bus
88, 44, 84, 135, 55, 12, 155, 44, 20, 158, 176, 351, 164, 75, 7, 11, 183, 195, van
88, 44, 70, 151, 61, 8, 143, 46, 18, 143, 163, 311, 173, 68, 7, 8, 196, 203, bus
94, 39, 75, 184, 72, 8, 155, 42, 19, 133, 175, 365, 145, 70, 4, 5, 192, 200, bus
107, 51, 103, 182, 56, 11, 213, 31, 24, 162, 226, 673, 217, 72, 2, 4, 188, 198, saab
79, 39, 72, 127, 53, 9, 142, 48, 19, 135, 165, 295, 144, 77, 7, 21, 181, 189, opel
86, 45, 66, 126, 57, 8, 148, 46, 19, 145, 170, 321, 186, 86, 0, 7, 179, 182, bus
108, 56, 102, 246, 75, 6, 239, 28, 26, 167, 264, 855, 228, 82, 9, 13, 186, 185, bus
101, 56, 101, 231, 72, 10, 217, 31, 24, 171, 232, 698, 216, 72, 2, 6, 187, 197, saab
88, 39, 88, 194, 69, 8, 168, 40, 20, 133, 199, 416, 151, 74, 3, 22, 186, 192, opel
113, 53, 93, 197, 62, 11, 216, 31, 24, 165, 221, 688, 196, 72, 6, 25, 188, 199, saab
98, 35, 70, 182, 68, 5, 155, 41, 19, 124, 184, 371, 117, 71, 3, 22, 202, 205, bus
101, 48, 85, 191, 60, 11, 175, 38, 21, 153, 192, 458, 187, 62, 5, 22, 197, 210, saab
86, 43, 69, 123, 54, 6, 150, 46, 19, 144, 174, 325, 177, 87, 3, 7, 180, 182, bus
97, 35, 66, 151, 64, 8, 128, 52, 18, 129, 148, 246, 112, 66, 6, 2, 195, 200, van
105, 53, 108, 206, 63, 12, 222, 31, 25, 168, 226, 712, 201, 71, 15, 35, 189, 203, saab
94, 43, 69, 161, 59, 7, 152, 43, 19, 143, 175, 349, 187, 67, 12, 11, 193, 198, saab
109, 54, 103, 220, 66, 11, 214, 31, 24, 167, 229, 677, 212, 70, 1, 23, 188, 201, saab
85, 42, 66, 120, 53, 7, 149, 45, 19, 145, 173, 325, 163, 85, 5, 4, 180, 182, bus
89, 36, 68, 141, 59, 8, 139, 47, 18, 130, 166, 291, 127, 73, 7, 1, 189, 196, van
108, 53, 104, 181, 56, 11, 220, 31, 25, 167, 226, 712, 214, 72, 15, 18, 189, 199, saab
104, 54, 101, 197, 64, 11, 213, 31, 24, 172, 218, 669, 222, 74, 14, 4, 187, 196, saab
100, 51, 89, 199, 65, 6, 201, 32, 23, 159, 219, 622, 205, 74, 6, 7, 193, 193, bus
98, 55, 108, 168, 53, 11, 224, 30, 25, 178, 231, 737, 217, 73, 8, 30, 187, 198, opel
104, 55, 105, 223, 70, 10, 223, 30, 25, 177, 237, 737, 218, 75, 14, 11, 188, 196, opel
84, 44, 65, 128, 55, 8, 150, 46, 19, 148, 169, 325, 176, 82, 1, 11, 179, 183, bus
88, 42, 66, 133, 57, 6, 123, 54, 17, 144, 147, 227, 160, 66, 8, 4, 193, 198, van
98, 46, 77, 199, 71, 7, 166, 39, 20, 150, 184, 422, 180, 69, 13, 9, 200, 203, bus
93, 39, 78, 164, 66, 8, 139, 48, 18, 140, 157, 290, 126, 64, 4, 7, 201, 208, van
100, 51, 109, 231, 70, 11, 220, 30, 25, 163, 238, 722, 206, 73, 11, 19, 189, 198, opel
90, 36, 85, 184, 64, 6, 160, 41, 20, 125, 187, 385, 139, 66, 9, 31, 195, 203, saab
97, 53, 105, 225, 71, 12, 221, 30, 25, 167, 226, 713, 202, 70, 3, 20, 186, 200, saab
86, 39, 62, 129, 59, 6, 116, 57, 17, 135, 137, 203, 145, 64, 7, 9, 199, 204, van
85, 38, 72, 130, 53, 9, 134, 51, 18, 132, 145, 261, 123, 65, 1, 24, 188, 198, opel
87, 42, 60, 116, 51, 6, 150, 46, 19, 141, 169, 324, 171, 85, 2, 14, 178, 182, bus
103, 56, 105, 183, 59, 10, 210, 32, 24, 173, 217, 648, 218, 72, 13, 22, 188, 196, opel
80, 34, 42, 110, 57, 3, 114, 59, 17, 119, 131, 191, 121, 87, 4, 7, 179, 183, opel
88, 34, 69, 152, 57, 5, 138, 48, 18, 122, 158, 284, 120, 62, 9, 29, 204, 210, opel
83, 37, 49, 112, 55, 5, 122, 55, 17, 128, 144, 219, 146, 85, 8, 16, 180, 184, van
108, 56, 103, 234, 73, 10, 221, 30, 25, 174, 232, 718, 214, 73, 8, 3, 187, 197, saab
90, 48, 81, 144, 60, 9, 150, 44, 19, 156, 173, 333, 200, 75, 2, 0, 185, 195, van
106, 52, 108, 207, 64, 12, 221, 31, 25, 168, 229, 709, 200, 73, 22, 38, 190, 205, saab
84, 36, 75, 136, 55, 6, 140, 48, 18, 125, 166, 290, 138, 71, 4, 36, 189, 195, saab
104, 53, 101, 190, 63, 10, 213, 32, 24, 166, 218, 664, 202, 74, 13, 21, 188, 198, saab
90, 42, 63, 144, 59, 7, 131, 50, 18, 142, 154, 259, 162, 65, 15, 3, 197, 204, van
86, 40, 63, 135, 56, 5, 133, 50, 18, 135, 152, 262, 166, 70, 9, 2, 187, 191, saab
81, 38, 53, 123, 58, 6, 134, 51, 18, 128, 147, 259, 148, 83, 10, 6, 177, 184, opel
97, 41, 62, 133, 56, 7, 130, 52, 18, 143, 158, 247, 157, 78, 5, 7, 184, 186, van
97, 49, 76, 203, 73, 7, 178, 36, 21, 157, 194, 487, 186, 72, 0, 7, 197, 200, bus
91, 52, 98, 196, 62, 9, 193, 34, 22, 161, 216, 562, 244, 69, 3, 1, 190, 199, opel
84, 43, 76, 180, 75, 7, 155, 43, 19, 143, 180, 359, 173, 77, 5, 12, 185, 190, bus
95, 46, 104, 208, 66, 9, 191, 35, 22, 148, 210, 543, 169, 68, 0, 28, 190, 200, saab
86, 44, 77, 155, 60, 7, 152, 44, 19, 141, 174, 345, 161, 72, 9, 0, 187, 192, opel
90, 38, 79, 185, 69, 6, 160, 40, 20, 130, 178, 393, 133, 66, 2, 14, 198, 205, bus
89, 38, 77, 161, 62, 7, 149, 45, 19, 129, 174, 327, 153, 71, 6, 21, 188, 193, saab
85, 40, 66, 136, 58, 6, 142, 48, 19, 137, 164, 295, 164, 77, 2, 22, 182, 186, saab
89, 45, 85, 149, 59, 11, 158, 43, 20, 158, 177, 362, 173, 75, 12, 16, 183, 193, van
91, 39, 77, 153, 59, 8, 139, 48, 18, 139, 159, 289, 123, 62, 8, 17, 201, 209, van
89, 47, 83, 169, 61, 8, 164, 40, 20, 150, 189, 402, 190, 72, 7, 10, 187, 193, saab
90, 47, 85, 161, 64, 10, 163, 42, 20, 160, 177, 389, 185, 73, 9, 0, 185, 195, van
94, 46, 91, 175, 70, 12, 157, 43, 20, 155, 172, 358, 192, 69, 15, 21, 190, 200, van
82, 43, 73, 158, 68, 7, 151, 44, 19, 145, 181, 337, 173, 80, 2, 17, 183, 188, bus
95, 46, 76, 162, 66, 11, 162, 42, 20, 155, 175, 381, 172, 74, 8, 4, 184, 193, van
96, 46, 70, 194, 70, 6, 167, 39, 20, 148, 183, 427, 171, 69, 17, 10, 200, 203, bus
110, 56, 109, 199, 57, 5, 251, 27, 27, 169, 272, 928, 268, 82, 11, 10, 183, 183, bus
85, 42, 66, 120, 53, 7, 149, 46, 19, 143, 169, 321, 160, 85, 10, 7, 180, 182, bus
88, 40, 69, 146, 59, 7, 130, 51, 18, 134, 147, 252, 144, 64, 1, 1, 193, 200, opel
106, 57, 107, 235, 67, 6, 262, 26, 28, 171, 285, 987, 260, 86, 9, 31, 180, 184, bus
108, 51, 100, 206, 63, 10, 196, 34, 23, 159, 214, 576, 201, 65, 7, 16, 194, 205, saab
90, 46, 75, 133, 55, 11, 160, 43, 20, 161, 173, 369, 171, 77, 0, 16, 182, 192, van
100, 43, 92, 197, 62, 10, 180, 36, 21, 143, 200, 489, 153, 64, 6, 9, 195, 205, saab
89, 38, 82, 156, 59, 8, 153, 43, 19, 129, 179, 351, 137, 70, 1, 1, 187, 192, saab
83, 42, 71, 152, 64, 7, 149, 45, 19, 142, 172, 331, 158, 74, 2, 2, 184, 190, bus
93, 47, 83, 165, 60, 7, 167, 40, 20, 147, 197, 417, 201, 73, 12, 4, 187, 192, opel
108, 49, 103, 200, 62, 10, 206, 32, 23, 155, 227, 635, 215, 72, 6, 16, 189, 198, saab
96, 48, 83, 177, 59, 8, 171, 39, 21, 152, 195, 438, 196, 67, 15, 0, 195, 201, opel
93, 43, 78, 162, 64, 8, 137, 48, 18, 145, 156, 281, 159, 63, 17, 12, 203, 210, van
99, 52, 104, 177, 55, 10, 210, 32, 24, 166, 219, 657, 215, 73, 3, 2, 187, 194, opel
110, 54, 102, 201, 64, 11, 213, 31, 24, 171, 222, 669, 221, 73, 17, 16, 188, 198, saab
82, 43, 70, 250, 105, 55, 139, 48, 18, 145, 231, 289, 172, 99, 4, 9, 190, 199, van
92, 35, 58, 136, 58, 6, 122, 55, 17, 132, 142, 222, 116, 64, 6, 17, 197, 203, van
102, 54, 98, 201, 61, 6, 225, 29, 25, 165, 246, 766, 231, 79, 9, 14, 188, 187, bus
94, 44, 70, 186, 72, 8, 153, 42, 19, 144, 171, 361, 178, 67, 7, 2, 199, 206, bus
100, 52, 109, 225, 68, 10, 222, 30, 25, 165, 241, 731, 207, 73, 7, 28, 188, 199, opel
96, 46, 74, 202, 74, 5, 163, 39, 20, 149, 185, 408, 191, 70, 7, 8, 196, 200, bus
104, 52, 110, 172, 53, 10, 219, 30, 25, 166, 235, 711, 218, 74, 10, 28, 188, 198, opel
91, 38, 76, 172, 61, 8, 167, 40, 20, 134, 196, 415, 145, 71, 0, 28, 189, 198, opel
105, 46, 100, 195, 61, 9, 193, 34, 22, 150, 207, 557, 161, 65, 5, 9, 194, 202, opel
94, 45, 85, 160, 63, 10, 158, 43, 20, 157, 174, 367, 162, 68, 1, 6, 189, 199, van
91, 37, 76, 138, 55, 8, 132, 51, 18, 135, 157, 256, 124, 69, 0, 12, 191, 192, van
102, 48, 105, 214, 64, 10, 201, 33, 23, 152, 214, 600, 178, 64, 0, 25, 192, 204, saab
85, 36, 72, 127, 56, 7, 127, 54, 18, 125, 144, 233, 123, 70, 3, 30, 184, 194, opel
88, 40, 55, 114, 53, 7, 132, 53, 18, 139, 142, 249, 158, 87, 0, 7, 176, 183, van
86, 37, 77, 144, 54, 7, 154, 43, 19, 127, 179, 352, 145, 71, 14, 13, 186, 191, opel
100, 50, 98, 204, 63, 6, 218, 30, 24, 156, 232, 719, 213, 77, 8, 7, 189, 189, bus
109, 52, 104, 199, 60, 12, 215, 31, 24, 162, 220, 691, 212, 67, 11, 7, 189, 199, saab
87, 39, 74, 165, 66, 6, 145, 45, 19, 134, 173, 318, 139, 70, 3, 21, 195, 200, bus
90, 41, 78, 145, 55, 7, 138, 48, 18, 138, 161, 284, 158, 67, 0, 1, 192, 197, opel
98, 48, 101, 203, 65, 9, 197, 33, 23, 152, 216, 584, 174, 68, 2, 5, 189, 197, saab
96, 46, 88, 174, 68, 10, 155, 43, 19, 148, 173, 354, 182, 69, 14, 15, 194, 202, van
85, 43, 69, 141, 62, 7, 152, 44, 19, 145, 178, 341, 179, 84, 1, 4, 181, 184, bus
80, 43, 68, 123, 53, 7, 150, 46, 19, 147, 169, 327, 176, 81, 7, 14, 179, 184, bus
93, 46, 85, 169, 66, 9, 151, 44, 19, 147, 169, 339, 179, 67, 0, 4, 195, 204, van
100, 36, 73, 199, 73, 6, 162, 40, 20, 127, 189, 401, 125, 72, 6, 19, 200, 204, bus
91, 36, 72, 162, 60, 8, 150, 44, 19, 133, 166, 334, 121, 63, 2, 22, 196, 205, saab
86, 39, 58, 125, 55, 5, 117, 57, 17, 134, 140, 204, 148, 69, 7, 6, 190, 194, van
95, 53, 95, 202, 65, 10, 193, 34, 22, 160, 220, 559, 237, 71, 3, 2, 188, 196, saab
91, 43, 72, 142, 56, 7, 149, 45, 19, 140, 168, 327, 165, 72, 13, 23, 186, 191, saab
81, 45, 68, 137, 60, 7, 152, 45, 19, 151, 167, 333, 179, 81, 3, 13, 179, 183, bus
90, 44, 69, 152, 64, 7, 135, 49, 18, 145, 165, 272, 162, 75, 3, 2, 187, 191, van
102, 52, 98, 225, 71, 10, 214, 31, 24, 164, 228, 682, 199, 71, 0, 16, 187, 196, opel
103, 53, 106, 172, 55, 10, 212, 32, 24, 168, 220, 660, 223, 73, 16, 24, 187, 197, saab
91, 46, 101, 199, 65, 9, 196, 34, 23, 146, 219, 574, 199, 73, 5, 8, 186, 194, opel
91, 36, 83, 162, 61, 8, 142, 47, 19, 128, 163, 298, 137, 63, 0, 31, 193, 200, saab
80, 44, 68, 120, 53, 8, 151, 45, 19, 146, 170, 333, 190, 80, 4, 16, 180, 185, bus
94, 37, 72, 146, 60, 9, 133, 50, 18, 135, 161, 262, 128, 69, 2, 7, 192, 195, van
96, 45, 101, 201, 66, 9, 192, 34, 22, 143, 218, 552, 195, 73, 3, 19, 189, 197, saab
111, 50, 103, 199, 60, 11, 211, 31, 24, 156, 223, 663, 188, 68, 9, 9, 190, 200, saab
88, 42, 64, 151, 62, 8, 130, 51, 18, 142, 150, 253, 161, 63, 3, 2, 203, 210, van
107, 54, 96, 201, 62, 12, 218, 31, 24, 170, 221, 694, 217, 71, 2, 21, 187, 198, saab
87, 37, 52, 116, 54, 6, 115, 58, 17, 126, 135, 196, 144, 74, 11, 22, 186, 190, van
107, 55, 103, 213, 68, 11, 219, 30, 25, 172, 221, 709, 216, 70, 10, 7, 187, 197, saab
93, 37, 70, 126, 52, 9, 127, 53, 18, 137, 156, 238, 119, 71, 2, 13, 191, 190, van
115, 52, 100, 203, 62, 10, 217, 31, 24, 165, 229, 697, 214, 72, 14, 4, 188, 197, saab
90, 39, 85, 160, 59, 7, 163, 41, 20, 131, 189, 396, 158, 71, 7, 13, 186, 192, saab
85, 38, 63, 130, 55, 7, 122, 55, 17, 130, 137, 219, 144, 64, 20, 8, 195, 201, opel
103, 56, 100, 185, 59, 11, 216, 31, 24, 173, 219, 684, 219, 75, 15, 11, 186, 194, opel
89, 44, 80, 191, 66, 6, 162, 40, 20, 143, 189, 396, 180, 66, 13, 11, 194, 199, opel
93, 47, 84, 205, 71, 7, 176, 36, 21, 152, 190, 476, 201, 70, 7, 19, 198, 201, bus
103, 51, 105, 174, 56, 11, 210, 32, 24, 163, 222, 650, 222, 73, 8, 9, 187, 196, saab
79, 38, 55, 120, 55, 5, 142, 48, 19, 128, 153, 295, 145, 81, 4, 2, 180, 183, saab
83, 39, 69, 127, 54, 5, 135, 49, 18, 131, 155, 274, 162, 69, 16, 6, 187, 190, opel
85, 43, 66, 123, 55, 7, 150, 45, 19, 146, 172, 326, 173, 83, 4, 15, 180, 183, bus
90, 48, 85, 157, 64, 11, 161, 43, 20, 167, 175, 375, 186, 74, 3, 16, 185, 195, van
104, 53, 108, 204, 64, 11, 220, 31, 25, 172, 226, 707, 203, 71, 14, 30, 189, 203, saab
95, 43, 96, 202, 65, 10, 189, 35, 22, 143, 217, 534, 166, 71, 6, 27, 190, 197, opel
93, 42, 98, 192, 63, 9, 185, 36, 22, 138, 206, 508, 173, 70, 10, 21, 189, 197, saab
105, 54, 105, 213, 67, 10, 200, 33, 23, 163, 214, 597, 214, 68, 10, 20, 190, 198, opel
86, 39, 84, 149, 57, 8, 156, 43, 20, 133, 185, 358, 157, 74, 0, 23, 183, 190, opel
95, 49, 92, 193, 62, 10, 178, 37, 21, 154, 200, 478, 171, 64, 2, 0, 198, 206, opel
99, 57, 100, 177, 54, 13, 224, 30, 25, 188, 223, 726, 213, 72, 4, 7, 185, 198, opel
89, 42, 66, 125, 53, 7, 131, 51, 18, 144, 162, 254, 162, 73, 10, 17, 188, 191, van
95, 49, 82, 139, 56, 11, 159, 43, 20, 162, 173, 365, 185, 75, 7, 10, 182, 191, van
97, 37, 70, 173, 66, 7, 151, 43, 19, 129, 167, 346, 119, 65, 0, 16, 201, 208, bus
100, 47, 70, 185, 70, 7, 162, 40, 20, 153, 179, 406, 172, 68, 9, 6, 200, 205, bus
108, 49, 109, 204, 61, 11, 212, 31, 24, 159, 229, 665, 215, 71, 16, 11, 190, 199, saab
82, 36, 51, 114, 53, 4, 135, 50, 18, 126, 150, 268, 144, 86, 15, 4, 181, 182, saab
94, 46, 77, 169, 60, 8, 158, 42, 20, 148, 181, 373, 181, 67, 12, 2, 193, 199, saab
93, 39, 87, 183, 64, 8, 169, 40, 20, 134, 200, 422, 149, 72, 7, 25, 188, 195, saab
85, 36, 66, 123, 55, 5, 120, 56, 17, 128, 140, 212, 131, 73, 1, 18, 186, 190, van
