@relation unknow
@attribute COMPACTNESS integer [73, 119]
@attribute CIRCULARITY integer [33, 59]
@attribute DISTANCECIRCULARITY integer [40, 112]
@attribute RADIUSRATIO integer [104, 333]
@attribute PRAXISASPECTRATIO integer [47, 138]
@attribute MAXLENGTHASPECTRATIO integer [2, 55]
@attribute SCATTERRATIO integer [112, 265]
@attribute ELONGATEDNESS integer [26, 61]
@attribute PRAXISRECTANGULAR integer [17, 29]
@attribute LENGTHRECTANGULAR integer [118, 188]
@attribute MAJORVARIANCE integer [130, 320]
@attribute MINORVARIANCE integer [184, 1018]
@attribute GYRATIONRADIUS integer [109, 268]
@attribute MAJORSKEWNESS integer [59, 135]
@attribute MINORSKEWNESS integer [0, 22]
@attribute MINORKURTOSIS integer [0, 41]
@attribute MAJORKURTOSIS integer [176, 206]
@attribute HOLLOWSRATIO integer [181, 211]
@attribute class {van, saab, bus, opel}
@inputs COMPACTNESS, CIRCULARITY, DISTANCECIRCULARITY, RADIUSRATIO, PRAXISASPECTRATIO, MAXLENGTHASPECTRATIO, SCATTERRATIO, ELONGATEDNESS, PRAXISRECTANGULAR, LENGTHRECTANGULAR, MAJORVARIANCE, MINORVARIANCE, GYRATIONRADIUS, MAJORSKEWNESS, MINORSKEWNESS, MINORKURTOSIS, MAJORKURTOSIS, HOLLOWSRATIO
@outputs class
@data
91, 41, 84, 141, 57, 9, 149, 45, 19, 143, 170, 330, 158, 72, 9, 14, 189, 199, van
93, 41, 82, 159, 63, 9, 144, 46, 19, 143, 160, 309, 127, 63, 6, 10, 199, 207, van
107, 57, 106, 172, 50, 6, 255, 26, 28, 169, 280, 957, 264, 85, 5, 9, 181, 183, bus
86, 34, 62, 140, 61, 7, 122, 54, 17, 127, 141, 223, 112, 64, 2, 14, 200, 208, van
93, 44, 98, 197, 62, 11, 183, 36, 22, 146, 202, 505, 152, 64, 4, 14, 195, 204, saab
86, 36, 70, 143, 61, 9, 133, 50, 18, 130, 153, 266, 127, 66, 2, 10, 194, 202, van
88, 46, 74, 171, 68, 6, 152, 43, 19, 148, 180, 349, 192, 71, 5, 11, 189, 195, bus
94, 49, 79, 203, 71, 5, 174, 37, 21, 154, 196, 465, 206, 71, 6, 2, 197, 199, bus
96, 55, 103, 201, 65, 9, 204, 32, 23, 166, 227, 624, 246, 74, 6, 2, 186, 194, opel
89, 36, 51, 109, 52, 6, 118, 57, 17, 129, 137, 206, 125, 80, 2, 14, 181, 185, van
104, 54, 100, 186, 61, 10, 216, 31, 24, 173, 225, 686, 220, 74, 5, 11, 185, 195, saab
84, 47, 75, 153, 64, 6, 154, 43, 19, 145, 175, 354, 184, 75, 0, 3, 185, 192, bus
87, 39, 70, 148, 61, 7, 143, 46, 18, 136, 164, 307, 141, 69, 1, 2, 192, 199, bus
107, 54, 98, 203, 65, 11, 218, 31, 25, 167, 229, 696, 216, 72, 1, 28, 187, 199, saab
88, 42, 77, 151, 58, 8, 140, 47, 18, 142, 165, 293, 158, 64, 10, 11, 198, 205, saab
101, 48, 107, 222, 68, 10, 208, 32, 24, 154, 232, 641, 204, 70, 5, 38, 190, 202, opel
87, 38, 85, 177, 61, 8, 164, 40, 20, 129, 186, 402, 130, 63, 1, 25, 198, 205, opel
82, 44, 72, 118, 52, 7, 152, 44, 19, 147, 174, 340, 177, 82, 2, 2, 180, 185, bus
90, 48, 86, 306, 126, 49, 153, 44, 19, 156, 272, 346, 200, 118, 0, 15, 185, 194, van
106, 53, 98, 176, 54, 10, 216, 31, 24, 171, 235, 691, 218, 74, 1, 9, 187, 197, saab
81, 45, 68, 169, 73, 6, 151, 44, 19, 146, 173, 336, 186, 75, 7, 0, 183, 189, bus
95, 48, 104, 214, 67, 9, 205, 32, 23, 151, 227, 628, 202, 74, 5, 9, 186, 193, opel
88, 37, 51, 105, 52, 5, 119, 57, 17, 128, 135, 207, 125, 86, 8, 16, 179, 183, van
93, 37, 76, 183, 63, 8, 164, 40, 20, 134, 191, 405, 139, 67, 4, 7, 192, 197, saab
85, 42, 66, 122, 54, 6, 148, 46, 19, 141, 172, 317, 174, 88, 6, 14, 180, 182, bus
89, 47, 81, 147, 64, 11, 156, 44, 20, 163, 170, 352, 188, 76, 6, 13, 184, 193, van
78, 38, 63, 115, 51, 6, 142, 47, 19, 130, 162, 299, 146, 77, 2, 4, 181, 185, saab
92, 38, 71, 174, 66, 7, 154, 43, 19, 133, 181, 355, 130, 70, 4, 24, 189, 195, saab
101, 56, 104, 185, 53, 6, 257, 26, 28, 168, 275, 956, 230, 83, 5, 26, 180, 184, bus
94, 36, 66, 151, 61, 8, 133, 50, 18, 135, 154, 265, 119, 62, 9, 3, 201, 208, van
97, 44, 96, 195, 63, 9, 185, 36, 22, 144, 202, 512, 165, 66, 4, 8, 191, 199, saab
85, 39, 68, 119, 52, 5, 128, 53, 18, 135, 148, 241, 142, 75, 8, 8, 182, 187, van
103, 50, 98, 212, 63, 9, 193, 34, 22, 161, 214, 567, 185, 64, 5, 5, 198, 204, opel
77, 38, 63, 135, 59, 5, 130, 52, 18, 130, 145, 247, 139, 79, 13, 21, 183, 187, opel
96, 40, 70, 120, 50, 8, 137, 50, 18, 141, 162, 269, 139, 80, 10, 13, 183, 183, van
83, 42, 66, 156, 67, 7, 150, 45, 19, 144, 174, 333, 159, 78, 4, 2, 182, 188, bus
81, 43, 68, 125, 57, 8, 149, 46, 19, 146, 169, 323, 172, 83, 6, 18, 179, 184, bus
96, 55, 98, 161, 54, 10, 215, 31, 24, 175, 226, 683, 221, 76, 3, 6, 185, 193, opel
97, 59, 108, 227, 70, 11, 224, 30, 25, 186, 225, 732, 218, 70, 10, 25, 186, 198, opel
101, 53, 103, 203, 63, 9, 195, 34, 22, 162, 210, 571, 210, 68, 5, 5, 191, 198, opel
91, 39, 83, 170, 60, 8, 172, 38, 21, 134, 197, 445, 152, 72, 0, 10, 188, 194, saab
89, 44, 68, 113, 50, 7, 150, 45, 19, 147, 171, 328, 189, 88, 6, 5, 179, 182, bus
79, 40, 80, 133, 55, 7, 147, 47, 19, 135, 172, 311, 144, 76, 8, 30, 181, 193, opel
89, 40, 76, 188, 76, 7, 150, 44, 19, 136, 174, 342, 148, 72, 3, 8, 193, 197, bus
91, 42, 84, 209, 75, 6, 171, 38, 20, 138, 189, 446, 161, 69, 3, 12, 196, 201, bus
80, 37, 57, 116, 55, 6, 125, 54, 18, 125, 142, 229, 132, 81, 8, 5, 178, 184, opel
104, 55, 107, 222, 68, 11, 218, 31, 24, 173, 232, 703, 229, 71, 3, 10, 188, 199, saab
94, 38, 84, 158, 55, 9, 169, 39, 20, 130, 196, 430, 155, 69, 9, 15, 190, 195, opel
104, 52, 100, 191, 59, 9, 197, 33, 23, 158, 218, 583, 234, 70, 10, 10, 191, 198, saab
95, 46, 105, 219, 68, 9, 201, 33, 23, 148, 223, 602, 201, 69, 5, 38, 191, 202, opel
99, 46, 105, 209, 64, 11, 197, 34, 23, 152, 212, 575, 159, 65, 0, 33, 194, 205, opel
99, 48, 79, 199, 68, 6, 185, 35, 22, 153, 202, 524, 171, 74, 5, 8, 195, 195, bus
89, 40, 77, 159, 65, 9, 144, 46, 19, 141, 168, 314, 143, 70, 0, 5, 190, 200, van
94, 48, 83, 162, 64, 10, 156, 43, 19, 153, 177, 357, 187, 74, 4, 14, 185, 196, van
77, 38, 75, 144, 59, 6, 147, 46, 19, 132, 167, 315, 136, 80, 16, 20, 181, 187, opel
100, 45, 100, 209, 65, 8, 201, 32, 23, 147, 231, 611, 189, 72, 5, 5, 189, 195, opel
85, 43, 64, 128, 56, 8, 150, 46, 19, 144, 168, 324, 173, 82, 9, 14, 180, 184, bus
93, 49, 79, 180, 65, 7, 173, 37, 21, 158, 189, 463, 194, 70, 5, 10, 197, 202, bus
92, 40, 82, 163, 63, 9, 146, 45, 19, 140, 165, 319, 137, 64, 9, 0, 199, 206, van
90, 46, 80, 143, 62, 11, 159, 43, 20, 156, 169, 366, 186, 74, 17, 7, 185, 193, van
89, 42, 70, 148, 62, 7, 147, 45, 19, 143, 176, 323, 153, 76, 2, 6, 186, 189, bus
85, 41, 66, 155, 65, 22, 149, 45, 19, 139, 173, 330, 155, 75, 6, 16, 184, 191, bus
98, 39, 68, 121, 49, 7, 134, 51, 18, 142, 164, 261, 134, 75, 4, 1, 186, 186, van
89, 47, 83, 322, 133, 48, 158, 43, 20, 163, 229, 364, 176, 97, 0, 14, 184, 194, van
86, 48, 75, 136, 58, 10, 161, 43, 20, 163, 170, 371, 185, 75, 3, 1, 183, 192, van
88, 37, 63, 130, 58, 5, 125, 54, 18, 130, 141, 230, 145, 74, 14, 20, 184, 188, saab
90, 37, 80, 171, 58, 9, 157, 42, 20, 132, 172, 373, 115, 60, 3, 18, 201, 209, saab
106, 49, 107, 194, 57, 11, 214, 31, 24, 161, 224, 670, 172, 67, 0, 39, 192, 206, opel
80, 43, 68, 120, 54, 8, 150, 45, 19, 145, 171, 329, 176, 85, 4, 8, 179, 183, bus
100, 46, 85, 164, 64, 11, 163, 42, 20, 163, 176, 387, 170, 71, 18, 0, 189, 196, van
91, 40, 76, 171, 67, 7, 149, 44, 19, 135, 169, 332, 144, 68, 4, 17, 192, 200, bus
90, 43, 72, 172, 59, 8, 154, 42, 19, 144, 174, 360, 158, 61, 15, 9, 203, 209, saab
93, 36, 64, 165, 69, 8, 136, 49, 18, 136, 161, 279, 127, 67, 2, 29, 193, 204, van
94, 44, 84, 216, 74, 6, 184, 35, 22, 145, 208, 525, 154, 73, 4, 22, 196, 197, bus
106, 49, 106, 211, 64, 9, 208, 32, 24, 158, 224, 645, 184, 68, 1, 24, 190, 202, saab
110, 56, 103, 223, 64, 5, 250, 26, 27, 169, 280, 928, 239, 85, 4, 6, 184, 183, bus
87, 39, 74, 152, 58, 6, 151, 44, 19, 136, 174, 337, 140, 70, 1, 33, 187, 196, saab
85, 40, 72, 139, 59, 5, 132, 50, 18, 135, 159, 260, 150, 68, 3, 9, 191, 195, saab
82, 45, 68, 139, 64, 6, 147, 46, 19, 143, 169, 320, 184, 80, 0, 1, 181, 184, bus
98, 38, 70, 125, 52, 8, 130, 53, 18, 139, 157, 243, 132, 74, 0, 13, 186, 185, van
106, 54, 103, 161, 47, 4, 247, 27, 27, 166, 266, 892, 242, 85, 4, 11, 181, 183, bus
96, 49, 98, 187, 59, 6, 213, 31, 24, 152, 228, 680, 210, 77, 8, 28, 188, 189, bus
88, 40, 78, 186, 73, 6, 158, 41, 20, 134, 185, 379, 148, 73, 1, 11, 193, 197, bus
78, 36, 60, 116, 56, 6, 123, 55, 17, 124, 141, 221, 121, 78, 3, 16, 178, 185, opel
84, 35, 53, 122, 57, 4, 116, 59, 17, 123, 135, 196, 128, 76, 10, 27, 183, 190, saab
103, 46, 106, 209, 66, 10, 203, 33, 23, 149, 217, 612, 210, 70, 9, 10, 191, 199, saab
91, 42, 81, 193, 69, 5, 169, 38, 20, 137, 184, 434, 156, 68, 3, 23, 198, 204, bus
101, 51, 105, 212, 68, 10, 209, 32, 24, 162, 222, 653, 224, 73, 5, 23, 186, 195, opel
90, 36, 78, 179, 64, 8, 157, 42, 19, 126, 182, 367, 142, 66, 1, 20, 192, 198, opel
87, 40, 81, 162, 68, 10, 146, 46, 19, 139, 167, 317, 157, 70, 0, 13, 189, 199, van
107, 55, 98, 199, 59, 7, 240, 27, 26, 168, 258, 866, 245, 80, 3, 1, 186, 184, bus
103, 55, 100, 194, 62, 11, 212, 31, 24, 175, 217, 666, 219, 73, 10, 14, 187, 194, opel
89, 40, 58, 137, 58, 7, 122, 54, 17, 140, 146, 225, 150, 63, 7, 4, 199, 206, van
87, 47, 81, 149, 62, 9, 147, 45, 19, 152, 171, 325, 181, 72, 0, 6, 188, 198, van
85, 42, 64, 121, 55, 7, 149, 46, 19, 146, 167, 323, 172, 85, 1, 6, 179, 182, bus
101, 56, 100, 168, 55, 11, 214, 31, 24, 175, 219, 681, 224, 74, 2, 3, 185, 192, opel
104, 49, 89, 168, 54, 4, 212, 31, 24, 153, 238, 682, 198, 78, 1, 23, 190, 189, bus
84, 44, 77, 150, 59, 5, 152, 44, 19, 143, 175, 344, 177, 77, 8, 2, 183, 187, saab
88, 44, 85, 139, 56, 11, 157, 43, 20, 155, 176, 363, 175, 76, 5, 16, 184, 195, van
100, 50, 81, 197, 67, 6, 186, 34, 22, 158, 206, 531, 198, 74, 6, 1, 197, 198, bus
94, 35, 66, 147, 62, 9, 131, 50, 18, 127, 159, 258, 115, 66, 8, 7, 196, 201, van
85, 33, 40, 115, 57, 3, 112, 61, 17, 119, 130, 184, 127, 86, 12, 21, 181, 183, saab
81, 44, 68, 120, 53, 6, 151, 45, 19, 147, 170, 333, 178, 86, 4, 5, 179, 183, bus
100, 52, 104, 189, 59, 10, 208, 32, 24, 163, 220, 642, 197, 70, 1, 22, 187, 198, saab
93, 42, 64, 158, 68, 9, 134, 49, 18, 142, 163, 268, 170, 71, 7, 13, 192, 201, van
96, 37, 74, 199, 74, 5, 165, 39, 20, 128, 188, 419, 136, 72, 1, 3, 196, 200, bus
79, 47, 74, 141, 61, 7, 153, 43, 19, 149, 175, 349, 199, 77, 6, 10, 183, 189, bus
85, 42, 59, 132, 58, 7, 149, 46, 19, 144, 166, 320, 172, 83, 8, 4, 179, 182, bus
101, 55, 108, 228, 69, 12, 215, 31, 24, 168, 229, 684, 214, 71, 2, 16, 188, 199, saab
91, 39, 83, 176, 59, 7, 169, 39, 20, 132, 190, 426, 142, 67, 0, 24, 192, 199, saab
103, 55, 103, 211, 65, 11, 212, 31, 24, 165, 229, 673, 249, 72, 5, 16, 188, 196, opel
85, 34, 53, 127, 58, 6, 116, 58, 17, 121, 137, 197, 127, 70, 3, 20, 185, 189, saab
95, 38, 66, 126, 52, 8, 133, 52, 18, 140, 158, 253, 140, 78, 11, 8, 184, 183, van
104, 58, 103, 230, 69, 11, 219, 30, 25, 176, 231, 716, 246, 71, 7, 4, 187, 196, opel
84, 44, 80, 140, 58, 11, 156, 44, 20, 157, 166, 349, 176, 74, 5, 17, 183, 193, van
92, 43, 69, 158, 56, 7, 149, 44, 19, 143, 170, 333, 168, 63, 14, 18, 198, 203, opel
99, 48, 104, 196, 63, 10, 201, 33, 23, 152, 221, 604, 199, 73, 8, 4, 188, 197, saab
91, 39, 88, 189, 63, 9, 175, 38, 21, 132, 197, 457, 156, 69, 0, 23, 191, 198, saab
89, 40, 60, 131, 56, 6, 118, 56, 17, 137, 143, 209, 153, 65, 10, 8, 193, 199, van
86, 39, 60, 140, 60, 7, 119, 55, 17, 134, 140, 212, 141, 61, 7, 8, 200, 207, van
107, 57, 106, 179, 51, 8, 257, 26, 28, 172, 275, 954, 232, 83, 2, 20, 181, 184, bus
87, 44, 70, 179, 75, 6, 146, 45, 19, 141, 167, 326, 178, 69, 6, 1, 194, 201, bus
86, 41, 66, 129, 55, 7, 135, 50, 18, 136, 154, 266, 165, 74, 3, 4, 180, 187, opel
94, 37, 73, 186, 71, 7, 154, 42, 19, 127, 171, 362, 132, 67, 2, 8, 197, 206, bus
100, 44, 93, 193, 62, 8, 186, 35, 22, 147, 202, 521, 151, 66, 0, 2, 193, 198, opel
86, 46, 73, 125, 57, 6, 151, 45, 19, 147, 170, 334, 188, 82, 9, 11, 180, 184, bus
89, 48, 85, 189, 64, 8, 169, 39, 20, 153, 188, 427, 190, 64, 16, 5, 195, 201, saab
83, 41, 70, 155, 65, 7, 144, 46, 19, 141, 168, 309, 147, 71, 4, 12, 188, 195, bus
96, 47, 103, 215, 69, 10, 200, 33, 23, 147, 220, 598, 200, 73, 6, 6, 187, 194, opel
89, 45, 81, 246, 102, 43, 155, 44, 20, 160, 200, 347, 177, 90, 9, 17, 183, 192, van
87, 42, 76, 159, 65, 5, 155, 42, 19, 138, 184, 362, 157, 76, 6, 12, 189, 193, bus
93, 36, 63, 139, 57, 8, 132, 50, 18, 136, 158, 260, 121, 67, 3, 27, 193, 201, van
109, 55, 102, 169, 51, 6, 241, 27, 26, 165, 265, 870, 247, 84, 10, 11, 184, 183, bus
90, 38, 75, 164, 64, 7, 151, 43, 19, 131, 168, 345, 139, 66, 0, 0, 195, 204, bus
98, 52, 86, 207, 69, 5, 192, 33, 22, 161, 212, 570, 221, 75, 4, 6, 194, 195, bus
93, 43, 78, 166, 59, 7, 151, 44, 19, 141, 182, 342, 174, 68, 15, 2, 193, 197, opel
85, 45, 70, 130, 58, 8, 151, 45, 19, 146, 171, 334, 187, 79, 2, 5, 181, 186, bus
86, 45, 73, 152, 63, 6, 149, 44, 19, 145, 170, 335, 176, 71, 6, 1, 189, 196, bus
106, 48, 107, 202, 61, 10, 207, 32, 24, 153, 227, 635, 200, 70, 5, 28, 190, 203, saab
109, 51, 100, 197, 59, 10, 192, 34, 22, 161, 210, 553, 195, 64, 14, 3, 196, 202, opel
90, 50, 90, 188, 61, 10, 181, 36, 21, 158, 211, 492, 220, 69, 6, 19, 191, 199, saab
93, 45, 83, 142, 56, 10, 157, 43, 20, 155, 180, 364, 188, 75, 1, 21, 184, 197, van
82, 41, 70, 155, 64, 7, 148, 45, 19, 138, 172, 328, 152, 72, 5, 17, 187, 195, bus
96, 52, 104, 222, 67, 9, 198, 33, 23, 163, 217, 589, 226, 67, 12, 20, 192, 201, opel
90, 42, 63, 126, 55, 7, 152, 45, 19, 142, 173, 336, 173, 81, 0, 15, 180, 184, bus
93, 40, 62, 117, 49, 7, 131, 52, 18, 145, 160, 249, 156, 78, 8, 6, 184, 184, van
105, 54, 100, 220, 69, 10, 221, 30, 25, 170, 232, 718, 202, 73, 0, 13, 187, 199, saab
113, 57, 109, 194, 56, 6, 260, 26, 28, 175, 288, 982, 261, 85, 11, 21, 182, 183, bus
98, 51, 96, 203, 66, 10, 188, 35, 22, 157, 207, 533, 231, 68, 10, 1, 191, 199, saab
82, 44, 63, 123, 54, 7, 151, 45, 19, 147, 166, 329, 185, 81, 3, 4, 179, 182, bus
89, 44, 82, 136, 54, 6, 149, 45, 19, 144, 170, 332, 168, 68, 10, 14, 188, 193, opel
89, 38, 80, 169, 59, 7, 161, 41, 20, 131, 186, 389, 137, 68, 5, 15, 192, 197, saab
99, 57, 109, 220, 66, 11, 221, 30, 25, 176, 234, 725, 236, 70, 10, 25, 188, 200, opel
86, 42, 65, 125, 54, 7, 150, 45, 19, 140, 171, 327, 172, 85, 2, 8, 180, 182, bus
107, 57, 102, 184, 55, 7, 234, 28, 26, 171, 243, 822, 229, 77, 7, 11, 187, 187, bus
109, 54, 103, 205, 63, 11, 222, 30, 25, 175, 229, 720, 213, 71, 6, 14, 187, 200, saab
89, 44, 76, 125, 54, 10, 156, 44, 20, 151, 163, 352, 176, 76, 12, 12, 184, 193, van
97, 45, 91, 161, 63, 10, 151, 45, 19, 148, 166, 334, 171, 65, 18, 20, 197, 205, van
87, 41, 73, 158, 64, 7, 151, 44, 19, 138, 175, 341, 152, 73, 3, 8, 190, 194, bus
89, 40, 72, 155, 63, 7, 146, 45, 19, 135, 175, 321, 145, 72, 4, 10, 192, 196, bus
86, 40, 75, 146, 62, 6, 140, 48, 18, 135, 158, 290, 162, 72, 3, 21, 183, 190, opel
83, 37, 54, 131, 61, 4, 135, 50, 18, 127, 152, 271, 141, 85, 3, 6, 180, 183, saab
99, 55, 101, 219, 68, 10, 224, 30, 25, 178, 228, 737, 213, 74, 11, 20, 187, 196, opel
117, 52, 110, 228, 65, 12, 212, 31, 24, 163, 228, 668, 220, 66, 21, 25, 194, 205, saab
97, 46, 101, 210, 66, 8, 192, 35, 22, 151, 208, 546, 169, 66, 1, 32, 191, 200, opel
88, 38, 58, 137, 60, 5, 148, 46, 19, 131, 163, 319, 157, 86, 12, 0, 180, 183, saab
98, 50, 90, 192, 63, 9, 177, 37, 21, 155, 195, 472, 197, 65, 10, 1, 193, 201, saab
93, 42, 88, 188, 62, 10, 183, 36, 21, 141, 208, 504, 168, 70, 3, 12, 189, 197, opel
109, 49, 109, 193, 59, 10, 207, 32, 24, 156, 225, 635, 213, 70, 13, 31, 191, 202, saab
101, 46, 105, 195, 61, 10, 198, 34, 23, 150, 213, 578, 195, 66, 7, 38, 192, 205, saab
89, 47, 85, 147, 58, 10, 153, 44, 19, 151, 175, 349, 186, 74, 13, 7, 186, 197, van
108, 54, 105, 203, 62, 11, 202, 33, 23, 164, 216, 608, 235, 68, 12, 3, 190, 200, saab
90, 47, 85, 149, 60, 10, 155, 43, 19, 155, 179, 355, 186, 75, 1, 5, 185, 196, van
84, 45, 68, 148, 64, 6, 146, 46, 19, 142, 168, 317, 180, 75, 5, 1, 183, 187, bus
89, 47, 81, 156, 57, 8, 161, 41, 20, 149, 187, 388, 197, 72, 9, 15, 187, 193, opel
97, 47, 87, 164, 64, 9, 156, 43, 20, 149, 173, 359, 182, 68, 1, 13, 192, 202, van
87, 37, 60, 132, 57, 6, 128, 52, 18, 129, 154, 243, 132, 71, 1, 14, 186, 192, saab
82, 36, 54, 117, 53, 7, 125, 54, 18, 126, 146, 229, 128, 78, 1, 5, 180, 184, saab
106, 54, 100, 227, 67, 4, 250, 27, 27, 162, 280, 923, 262, 88, 5, 11, 182, 182, bus
100, 51, 109, 224, 67, 9, 217, 30, 24, 162, 238, 704, 206, 72, 6, 18, 189, 199, opel
88, 44, 71, 145, 56, 8, 142, 48, 19, 143, 159, 296, 174, 68, 7, 18, 188, 197, opel
94, 49, 87, 159, 64, 10, 157, 43, 20, 158, 179, 363, 203, 75, 4, 0, 183, 194, van
99, 43, 89, 195, 63, 8, 186, 35, 22, 144, 210, 521, 166, 68, 6, 13, 191, 199, saab
90, 47, 85, 145, 58, 9, 152, 44, 19, 155, 175, 345, 184, 73, 4, 2, 186, 197, van
86, 42, 65, 113, 50, 8, 152, 45, 19, 141, 169, 332, 171, 85, 4, 16, 179, 183, bus
90, 49, 83, 187, 63, 7, 176, 37, 21, 154, 205, 467, 222, 70, 1, 2, 189, 195, saab
108, 57, 106, 177, 51, 5, 256, 26, 28, 170, 285, 966, 261, 87, 11, 2, 182, 181, bus
98, 38, 70, 186, 68, 6, 164, 39, 20, 136, 189, 413, 129, 71, 3, 17, 200, 203, bus
87, 42, 64, 150, 64, 10, 133, 50, 18, 141, 157, 265, 159, 67, 7, 0, 193, 201, van
107, 53, 108, 213, 64, 12, 206, 32, 23, 163, 216, 627, 202, 65, 21, 22, 194, 205, saab
88, 40, 73, 173, 68, 7, 150, 44, 19, 137, 174, 341, 151, 69, 2, 20, 196, 200, bus
91, 38, 75, 136, 53, 6, 144, 47, 19, 131, 165, 305, 149, 69, 1, 7, 186, 191, saab
86, 45, 71, 155, 66, 7, 146, 45, 19, 144, 167, 322, 176, 72, 5, 6, 189, 196, bus
86, 38, 86, 175, 60, 9, 170, 39, 21, 134, 191, 433, 138, 68, 1, 28, 191, 199, saab
89, 45, 77, 188, 64, 9, 161, 41, 20, 151, 190, 390, 174, 66, 4, 2, 194, 201, saab
80, 43, 71, 133, 60, 7, 150, 45, 19, 146, 170, 330, 176, 81, 6, 15, 180, 184, bus
88, 36, 78, 160, 62, 6, 140, 48, 18, 123, 161, 287, 129, 66, 4, 35, 194, 202, opel
85, 45, 82, 133, 56, 11, 159, 43, 20, 156, 170, 362, 173, 76, 10, 21, 183, 193, van
93, 34, 72, 144, 56, 6, 133, 50, 18, 123, 158, 263, 125, 63, 5, 20, 200, 206, saab
90, 34, 66, 158, 59, 7, 140, 47, 18, 124, 165, 298, 117, 61, 1, 3, 201, 207, saab
91, 41, 93, 197, 65, 9, 183, 36, 21, 137, 202, 504, 153, 66, 11, 24, 193, 200, opel
89, 36, 69, 142, 57, 7, 135, 50, 18, 126, 154, 266, 128, 66, 3, 36, 193, 203, opel
86, 38, 89, 176, 59, 9, 169, 39, 20, 132, 190, 428, 148, 67, 7, 33, 193, 202, opel
112, 50, 104, 197, 58, 11, 208, 32, 24, 159, 223, 639, 186, 67, 15, 22, 191, 202, saab
84, 37, 70, 145, 62, 9, 136, 48, 18, 134, 159, 280, 140, 68, 11, 9, 194, 202, van
85, 42, 70, 130, 56, 7, 150, 45, 19, 145, 177, 328, 172, 82, 10, 14, 181, 185, bus
85, 37, 68, 145, 60, 6, 130, 51, 18, 130, 150, 253, 121, 65, 3, 14, 195, 203, van
93, 42, 64, 123, 51, 7, 135, 51, 18, 144, 164, 262, 155, 78, 16, 12, 185, 185, van
84, 40, 71, 131, 55, 7, 150, 45, 19, 134, 167, 330, 165, 80, 12, 1, 180, 186, opel
90, 47, 73, 136, 58, 11, 161, 42, 20, 153, 172, 376, 185, 77, 11, 8, 183, 191, van
91, 36, 60, 126, 56, 6, 119, 56, 17, 130, 139, 211, 118, 67, 6, 14, 192, 198, van
99, 50, 88, 204, 64, 10, 185, 35, 22, 159, 209, 517, 193, 66, 12, 11, 194, 201, opel
102, 53, 101, 238, 72, 4, 238, 28, 26, 163, 267, 844, 242, 85, 7, 22, 184, 184, bus
101, 52, 101, 197, 62, 9, 188, 35, 22, 162, 208, 527, 203, 67, 14, 15, 193, 202, saab
95, 57, 104, 228, 74, 10, 212, 31, 24, 175, 224, 670, 223, 74, 0, 4, 186, 193, opel
101, 53, 91, 194, 65, 6, 204, 32, 23, 161, 231, 636, 214, 78, 5, 14, 192, 192, bus
91, 39, 82, 164, 68, 10, 143, 46, 19, 137, 164, 308, 158, 68, 13, 9, 191, 201, van
91, 46, 75, 185, 75, 7, 154, 42, 19, 147, 178, 362, 192, 72, 8, 8, 192, 199, bus
92, 38, 74, 178, 62, 9, 161, 41, 20, 135, 181, 388, 132, 63, 7, 29, 197, 206, opel
95, 43, 71, 159, 64, 6, 145, 45, 19, 141, 169, 322, 171, 67, 8, 4, 195, 200, bus
106, 52, 101, 213, 64, 11, 201, 33, 23, 158, 214, 607, 204, 65, 2, 4, 192, 204, saab
103, 57, 105, 221, 69, 11, 218, 30, 24, 173, 226, 706, 250, 73, 10, 2, 187, 195, opel
85, 40, 66, 121, 52, 4, 152, 44, 19, 133, 170, 340, 163, 87, 13, 3, 180, 183, opel
100, 49, 80, 206, 70, 6, 183, 35, 21, 156, 206, 517, 198, 73, 3, 13, 198, 199, bus
78, 43, 70, 147, 65, 8, 147, 46, 19, 145, 169, 319, 168, 77, 1, 12, 181, 186, bus
96, 54, 104, 175, 58, 10, 215, 31, 24, 175, 221, 682, 222, 75, 13, 23, 186, 194, opel
105, 51, 108, 201, 62, 11, 220, 30, 25, 163, 232, 711, 202, 72, 12, 16, 189, 200, saab
104, 55, 109, 230, 67, 12, 218, 30, 24, 174, 230, 706, 226, 67, 8, 22, 191, 202, opel
105, 50, 93, 173, 54, 4, 222, 30, 25, 159, 254, 735, 206, 83, 4, 12, 186, 184, bus
101, 55, 101, 183, 57, 13, 225, 30, 25, 177, 225, 741, 204, 71, 5, 10, 186, 198, opel
89, 46, 78, 150, 63, 11, 160, 43, 20, 160, 170, 367, 176, 73, 5, 9, 185, 194, van
86, 42, 64, 122, 54, 6, 148, 46, 19, 143, 170, 319, 171, 87, 1, 3, 179, 182, bus
104, 55, 100, 201, 66, 10, 214, 31, 24, 173, 224, 680, 221, 74, 1, 1, 185, 194, saab
94, 46, 79, 181, 62, 8, 167, 40, 20, 148, 190, 418, 193, 67, 12, 15, 191, 198, opel
83, 46, 71, 156, 70, 6, 151, 44, 19, 147, 174, 338, 198, 80, 3, 11, 181, 186, bus
93, 45, 81, 177, 64, 7, 160, 41, 20, 147, 180, 383, 188, 70, 11, 11, 192, 199, saab
82, 39, 86, 140, 54, 7, 153, 45, 19, 134, 174, 338, 139, 71, 11, 18, 183, 189, opel
102, 51, 108, 193, 57, 10, 212, 31, 24, 162, 219, 663, 184, 66, 7, 21, 191, 201, opel
108, 54, 109, 189, 57, 11, 220, 31, 25, 174, 229, 709, 214, 70, 12, 23, 189, 201, saab
102, 54, 98, 177, 56, 10, 219, 31, 25, 171, 219, 706, 223, 72, 5, 17, 186, 196, opel
106, 54, 105, 164, 48, 5, 247, 27, 27, 165, 269, 891, 243, 84, 12, 1, 181, 182, bus
106, 55, 98, 224, 68, 11, 215, 31, 24, 170, 222, 679, 214, 68, 2, 29, 189, 201, opel
94, 43, 82, 136, 54, 10, 155, 43, 19, 149, 176, 359, 161, 74, 1, 6, 186, 197, van
102, 54, 98, 167, 53, 10, 217, 31, 24, 174, 228, 692, 223, 72, 0, 31, 187, 198, opel
105, 54, 96, 185, 57, 10, 219, 30, 25, 170, 231, 706, 217, 75, 5, 12, 187, 195, opel
97, 46, 94, 209, 67, 10, 195, 34, 22, 147, 224, 573, 194, 70, 0, 14, 188, 197, opel
101, 51, 112, 201, 59, 11, 214, 32, 24, 162, 223, 667, 194, 65, 0, 36, 190, 206, saab
95, 46, 92, 159, 63, 11, 160, 42, 20, 157, 176, 372, 171, 70, 7, 21, 189, 200, van
89, 38, 74, 138, 59, 7, 136, 49, 18, 133, 167, 278, 128, 72, 7, 7, 189, 193, van
107, 54, 108, 228, 68, 12, 218, 31, 25, 170, 223, 700, 224, 67, 13, 25, 190, 204, saab
89, 40, 89, 174, 58, 8, 177, 37, 21, 133, 202, 471, 155, 70, 7, 18, 189, 196, saab
93, 40, 73, 139, 58, 6, 136, 49, 18, 138, 166, 275, 137, 73, 0, 0, 187, 188, van
89, 36, 69, 162, 63, 6, 140, 48, 18, 131, 164, 291, 126, 66, 1, 38, 193, 204, saab
90, 43, 81, 231, 97, 46, 150, 45, 19, 149, 200, 332, 164, 91, 5, 9, 186, 196, van
105, 52, 107, 207, 60, 11, 218, 31, 24, 167, 221, 701, 197, 66, 0, 20, 191, 203, opel
86, 43, 61, 119, 53, 8, 150, 46, 19, 144, 169, 326, 172, 85, 8, 8, 179, 182, bus
88, 48, 90, 178, 60, 8, 175, 38, 21, 152, 200, 460, 198, 68, 13, 16, 192, 199, saab
86, 40, 66, 139, 59, 7, 122, 54, 17, 139, 145, 225, 143, 63, 7, 11, 202, 208, van
92, 45, 74, 187, 74, 7, 157, 41, 19, 143, 179, 375, 183, 70, 8, 6, 195, 201, bus
96, 37, 74, 187, 68, 8, 159, 42, 20, 134, 183, 378, 134, 69, 3, 16, 190, 197, saab
88, 43, 70, 177, 74, 19, 152, 44, 19, 143, 180, 342, 168, 76, 1, 9, 186, 189, bus
88, 44, 84, 135, 55, 12, 155, 44, 20, 158, 176, 351, 164, 75, 7, 11, 183, 195, van
92, 40, 66, 111, 48, 7, 139, 50, 19, 140, 159, 277, 148, 85, 12, 19, 182, 183, van
88, 44, 70, 151, 61, 8, 143, 46, 18, 143, 163, 311, 173, 68, 7, 8, 196, 203, bus
94, 39, 75, 184, 72, 8, 155, 42, 19, 133, 175, 365, 145, 70, 4, 5, 192, 200, bus
79, 39, 72, 127, 53, 9, 142, 48, 19, 135, 165, 295, 144, 77, 7, 21, 181, 189, opel
113, 48, 98, 208, 62, 9, 203, 33, 23, 151, 216, 613, 183, 64, 17, 29, 193, 204, saab
108, 56, 102, 246, 75, 6, 239, 28, 26, 167, 264, 855, 228, 82, 9, 13, 186, 185, bus
86, 40, 66, 138, 59, 4, 137, 49, 18, 133, 162, 279, 151, 74, 6, 14, 186, 190, saab
85, 43, 66, 121, 54, 7, 150, 46, 19, 147, 169, 324, 175, 87, 0, 5, 179, 182, bus
105, 55, 96, 181, 56, 9, 219, 30, 25, 175, 231, 713, 216, 74, 4, 5, 187, 194, opel
88, 39, 88, 194, 69, 8, 168, 40, 20, 133, 199, 416, 151, 74, 3, 22, 186, 192, opel
89, 42, 75, 140, 55, 6, 145, 46, 19, 139, 170, 312, 166, 71, 15, 26, 191, 198, opel
98, 35, 70, 182, 68, 5, 155, 41, 19, 124, 184, 371, 117, 71, 3, 22, 202, 205, bus
108, 54, 103, 212, 65, 11, 208, 32, 24, 162, 228, 648, 240, 71, 9, 0, 189, 197, saab
86, 43, 69, 123, 54, 6, 150, 46, 19, 144, 174, 325, 177, 87, 3, 7, 180, 182, bus
105, 53, 108, 206, 63, 12, 222, 31, 25, 168, 226, 712, 201, 71, 15, 35, 189, 203, saab
96, 45, 87, 169, 67, 10, 154, 44, 19, 149, 167, 351, 174, 67, 9, 8, 192, 201, van
104, 55, 105, 216, 68, 11, 205, 32, 23, 169, 221, 623, 216, 71, 9, 18, 189, 196, opel
109, 54, 103, 220, 66, 11, 214, 31, 24, 167, 229, 677, 212, 70, 1, 23, 188, 201, saab
109, 53, 103, 210, 63, 11, 219, 30, 25, 172, 229, 707, 212, 71, 6, 3, 188, 199, saab
99, 54, 100, 199, 62, 9, 200, 33, 23, 166, 222, 600, 241, 70, 2, 7, 189, 198, opel
92, 46, 82, 170, 58, 8, 165, 40, 20, 149, 181, 409, 164, 61, 8, 11, 200, 208, opel
108, 53, 104, 181, 56, 11, 220, 31, 25, 167, 226, 712, 214, 72, 15, 18, 189, 199, saab
84, 38, 74, 138, 57, 8, 139, 49, 18, 127, 160, 282, 127, 72, 9, 20, 183, 191, opel
89, 38, 78, 153, 61, 7, 146, 46, 19, 127, 166, 314, 142, 69, 0, 9, 187, 194, opel
104, 55, 105, 223, 70, 10, 223, 30, 25, 177, 237, 737, 218, 75, 14, 11, 188, 196, opel
84, 44, 65, 128, 55, 8, 150, 46, 19, 148, 169, 325, 176, 82, 1, 11, 179, 183, bus
80, 36, 69, 127, 56, 7, 128, 53, 18, 124, 147, 240, 133, 70, 2, 21, 183, 191, opel
79, 43, 72, 141, 62, 8, 153, 44, 19, 144, 175, 344, 174, 78, 0, 8, 182, 188, bus
83, 40, 59, 116, 53, 7, 132, 52, 18, 137, 145, 250, 157, 84, 12, 6, 177, 183, van
88, 42, 66, 133, 57, 6, 123, 54, 17, 144, 147, 227, 160, 66, 8, 4, 193, 198, van
96, 43, 82, 161, 55, 5, 186, 34, 22, 141, 215, 534, 162, 75, 0, 6, 195, 196, bus
93, 39, 63, 146, 58, 7, 128, 52, 18, 134, 149, 246, 158, 63, 9, 7, 198, 204, saab
88, 40, 79, 183, 62, 7, 176, 38, 21, 138, 200, 462, 150, 66, 0, 29, 189, 199, opel
97, 53, 105, 225, 71, 12, 221, 30, 25, 167, 226, 713, 202, 70, 3, 20, 186, 200, saab
84, 37, 70, 150, 61, 7, 137, 49, 18, 140, 156, 278, 121, 64, 0, 23, 196, 205, van
85, 38, 72, 130, 53, 9, 134, 51, 18, 132, 145, 261, 123, 65, 1, 24, 188, 198, opel
87, 42, 60, 116, 51, 6, 150, 46, 19, 141, 169, 324, 171, 85, 2, 14, 178, 182, bus
103, 56, 105, 183, 59, 10, 210, 32, 24, 173, 217, 648, 218, 72, 13, 22, 188, 196, opel
92, 37, 75, 191, 71, 6, 161, 40, 20, 128, 180, 393, 135, 69, 1, 14, 195, 202, bus
85, 33, 50, 104, 53, 4, 115, 59, 17, 118, 136, 193, 127, 83, 1, 30, 179, 185, saab
92, 42, 69, 153, 58, 8, 140, 48, 18, 138, 165, 290, 151, 64, 10, 21, 199, 206, opel
97, 55, 96, 170, 54, 10, 216, 31, 24, 173, 219, 685, 218, 75, 0, 4, 184, 193, opel
104, 53, 101, 190, 63, 10, 213, 32, 24, 166, 218, 664, 202, 74, 13, 21, 188, 198, saab
90, 42, 63, 144, 59, 7, 131, 50, 18, 142, 154, 259, 162, 65, 15, 3, 197, 204, van
86, 40, 63, 135, 56, 5, 133, 50, 18, 135, 152, 262, 166, 70, 9, 2, 187, 191, saab
102, 52, 101, 213, 64, 10, 203, 33, 23, 157, 214, 616, 186, 65, 0, 19, 193, 203, opel
81, 38, 53, 123, 58, 6, 134, 51, 18, 128, 147, 259, 148, 83, 10, 6, 177, 184, opel
86, 44, 65, 129, 56, 6, 152, 45, 19, 150, 168, 331, 177, 83, 4, 13, 178, 183, bus
108, 55, 105, 230, 68, 11, 218, 30, 24, 171, 228, 709, 210, 69, 14, 4, 190, 197, opel
95, 46, 104, 208, 66, 9, 191, 35, 22, 148, 210, 543, 169, 68, 0, 28, 190, 200, saab
96, 46, 88, 160, 64, 9, 151, 44, 19, 148, 173, 339, 182, 70, 15, 11, 192, 199, van
86, 44, 77, 155, 60, 7, 152, 44, 19, 141, 174, 345, 161, 72, 9, 0, 187, 192, opel
90, 38, 79, 185, 69, 6, 160, 40, 20, 130, 178, 393, 133, 66, 2, 14, 198, 205, bus
105, 53, 105, 184, 57, 11, 211, 31, 24, 168, 224, 661, 218, 71, 0, 15, 186, 197, saab
85, 40, 66, 136, 58, 6, 142, 48, 19, 137, 164, 295, 164, 77, 2, 22, 182, 186, saab
97, 37, 78, 181, 62, 8, 161, 41, 20, 131, 182, 389, 117, 62, 2, 28, 203, 211, opel
97, 41, 92, 197, 63, 10, 179, 37, 21, 140, 197, 481, 136, 63, 4, 3, 197, 204, opel
100, 47, 88, 190, 60, 10, 171, 38, 21, 155, 186, 440, 169, 59, 15, 18, 201, 210, saab
89, 45, 85, 149, 59, 11, 158, 43, 20, 158, 177, 362, 173, 75, 12, 16, 183, 193, van
96, 50, 94, 215, 67, 9, 187, 35, 22, 158, 214, 525, 214, 67, 8, 6, 193, 201, saab
88, 35, 60, 143, 59, 7, 128, 52, 18, 129, 147, 246, 109, 62, 1, 6, 202, 209, van
87, 41, 66, 140, 58, 6, 148, 46, 19, 136, 164, 318, 178, 79, 19, 2, 181, 185, saab
89, 47, 83, 169, 61, 8, 164, 40, 20, 150, 189, 402, 190, 72, 7, 10, 187, 193, saab
110, 53, 104, 223, 66, 10, 211, 32, 24, 164, 223, 659, 210, 67, 5, 16, 190, 203, saab
94, 46, 91, 175, 70, 12, 157, 43, 20, 155, 172, 358, 192, 69, 15, 21, 190, 200, van
103, 41, 83, 194, 63, 9, 175, 38, 21, 142, 199, 455, 138, 65, 7, 30, 197, 206, opel
97, 47, 88, 183, 60, 7, 197, 33, 23, 148, 214, 596, 201, 74, 8, 0, 192, 191, bus
92, 37, 80, 180, 67, 8, 154, 43, 19, 129, 180, 353, 144, 69, 6, 9, 190, 195, saab
96, 46, 70, 194, 70, 6, 167, 39, 20, 148, 183, 427, 171, 69, 17, 10, 200, 203, bus
90, 46, 73, 137, 58, 11, 161, 43, 20, 158, 170, 373, 186, 76, 0, 9, 182, 193, van
110, 56, 109, 199, 57, 5, 251, 27, 27, 169, 272, 928, 268, 82, 11, 10, 183, 183, bus
106, 57, 107, 235, 67, 6, 262, 26, 28, 171, 285, 987, 260, 86, 9, 31, 180, 184, bus
89, 35, 52, 121, 57, 4, 122, 55, 17, 125, 139, 220, 128, 82, 5, 13, 181, 184, saab
94, 40, 85, 186, 62, 9, 169, 39, 20, 139, 184, 430, 133, 61, 2, 9, 200, 210, saab
90, 46, 75, 133, 55, 11, 160, 43, 20, 161, 173, 369, 171, 77, 0, 16, 182, 192, van
89, 38, 82, 156, 59, 8, 153, 43, 19, 129, 179, 351, 137, 70, 1, 1, 187, 192, saab
106, 53, 98, 192, 58, 11, 217, 31, 24, 166, 228, 693, 191, 71, 11, 24, 188, 198, opel
108, 49, 103, 200, 62, 10, 206, 32, 23, 155, 227, 635, 215, 72, 6, 16, 189, 198, saab
96, 48, 83, 177, 59, 8, 171, 39, 21, 152, 195, 438, 196, 67, 15, 0, 195, 201, opel
110, 54, 102, 201, 64, 11, 213, 31, 24, 171, 222, 669, 221, 73, 17, 16, 188, 198, saab
94, 49, 82, 137, 56, 10, 159, 43, 20, 160, 176, 367, 186, 76, 10, 7, 183, 192, van
95, 42, 96, 197, 65, 9, 178, 37, 21, 141, 199, 474, 149, 67, 1, 29, 193, 200, opel
102, 54, 98, 201, 61, 6, 225, 29, 25, 165, 246, 766, 231, 79, 9, 14, 188, 187, bus
100, 54, 102, 206, 65, 10, 198, 33, 23, 164, 224, 587, 240, 72, 4, 11, 187, 196, saab
105, 45, 100, 195, 61, 10, 198, 33, 23, 149, 214, 586, 186, 67, 8, 5, 192, 200, saab
107, 53, 108, 211, 63, 11, 219, 31, 25, 168, 228, 704, 198, 69, 10, 21, 190, 203, saab
104, 52, 110, 172, 53, 10, 219, 30, 25, 166, 235, 711, 218, 74, 10, 28, 188, 198, opel
104, 53, 101, 199, 65, 11, 213, 31, 24, 168, 216, 667, 221, 72, 12, 12, 187, 198, saab
91, 38, 76, 172, 61, 8, 167, 40, 20, 134, 196, 415, 145, 71, 0, 28, 189, 198, opel
105, 54, 108, 234, 70, 12, 215, 31, 24, 168, 226, 687, 228, 68, 4, 22, 189, 201, saab
94, 45, 85, 163, 68, 10, 157, 44, 20, 156, 170, 357, 176, 73, 17, 11, 187, 195, van
94, 45, 85, 160, 63, 10, 158, 43, 20, 157, 174, 367, 162, 68, 1, 6, 189, 199, van
91, 37, 76, 138, 55, 8, 132, 51, 18, 135, 157, 256, 124, 69, 0, 12, 191, 192, van
102, 48, 105, 214, 64, 10, 201, 33, 23, 152, 214, 600, 178, 64, 0, 25, 192, 204, saab
103, 48, 96, 232, 71, 10, 205, 32, 23, 153, 226, 633, 197, 71, 2, 15, 188, 196, opel
101, 55, 107, 200, 61, 11, 225, 30, 25, 178, 228, 730, 204, 74, 8, 35, 187, 201, opel
103, 52, 103, 170, 52, 7, 236, 28, 26, 160, 254, 816, 250, 82, 3, 23, 183, 184, bus
85, 45, 73, 167, 69, 8, 143, 46, 18, 148, 173, 307, 176, 71, 2, 0, 190, 199, van
88, 40, 55, 114, 53, 7, 132, 53, 18, 139, 142, 249, 158, 87, 0, 7, 176, 183, van
102, 51, 104, 217, 67, 10, 204, 32, 23, 162, 220, 621, 195, 68, 3, 19, 188, 197, saab
105, 51, 93, 160, 51, 7, 217, 30, 24, 165, 240, 703, 208, 81, 9, 25, 188, 188, bus
100, 50, 98, 204, 63, 6, 218, 30, 24, 156, 232, 719, 213, 77, 8, 7, 189, 189, bus
90, 41, 78, 145, 55, 7, 138, 48, 18, 138, 161, 284, 158, 67, 0, 1, 192, 197, opel
98, 48, 101, 203, 65, 9, 197, 33, 23, 152, 216, 584, 174, 68, 2, 5, 189, 197, saab
96, 46, 88, 174, 68, 10, 155, 43, 19, 148, 173, 354, 182, 69, 14, 15, 194, 202, van
85, 43, 69, 141, 62, 7, 152, 44, 19, 145, 178, 341, 179, 84, 1, 4, 181, 184, bus
91, 42, 66, 142, 58, 9, 134, 50, 18, 142, 163, 268, 164, 69, 6, 5, 191, 197, van
80, 43, 68, 123, 53, 7, 150, 46, 19, 147, 169, 327, 176, 81, 7, 14, 179, 184, bus
93, 46, 85, 169, 66, 9, 151, 44, 19, 147, 169, 339, 179, 67, 0, 4, 195, 204, van
100, 36, 73, 199, 73, 6, 162, 40, 20, 127, 189, 401, 125, 72, 6, 19, 200, 204, bus
91, 41, 64, 148, 61, 8, 129, 51, 18, 142, 161, 249, 153, 68, 6, 12, 194, 201, van
86, 39, 58, 125, 55, 5, 117, 57, 17, 134, 140, 204, 148, 69, 7, 6, 190, 194, van
107, 45, 92, 197, 62, 10, 188, 35, 22, 148, 202, 526, 159, 64, 12, 20, 195, 203, opel
115, 51, 100, 201, 60, 12, 196, 34, 23, 162, 207, 573, 184, 62, 22, 1, 198, 208, saab
90, 44, 69, 152, 64, 7, 135, 49, 18, 145, 165, 272, 162, 75, 3, 2, 187, 191, van
102, 52, 98, 225, 71, 10, 214, 31, 24, 164, 228, 682, 199, 71, 0, 16, 187, 196, opel
84, 43, 70, 123, 54, 8, 151, 45, 19, 146, 173, 332, 176, 81, 1, 12, 181, 184, bus
88, 39, 70, 166, 66, 7, 148, 44, 19, 134, 167, 332, 143, 69, 5, 13, 193, 201, bus
91, 46, 101, 199, 65, 9, 196, 34, 23, 146, 219, 574, 199, 73, 5, 8, 186, 194, opel
91, 36, 83, 162, 61, 8, 142, 47, 19, 128, 163, 298, 137, 63, 0, 31, 193, 200, saab
80, 44, 68, 120, 53, 8, 151, 45, 19, 146, 170, 333, 190, 80, 4, 16, 180, 185, bus
87, 42, 70, 139, 59, 7, 149, 45, 19, 142, 177, 327, 156, 78, 6, 9, 185, 188, bus
94, 37, 72, 146, 60, 9, 133, 50, 18, 135, 161, 262, 128, 69, 2, 7, 192, 195, van
97, 38, 75, 188, 68, 6, 171, 37, 20, 129, 199, 450, 137, 74, 2, 6, 197, 199, bus
96, 45, 101, 201, 66, 9, 192, 34, 22, 143, 218, 552, 195, 73, 3, 19, 189, 197, saab
96, 39, 64, 111, 48, 8, 134, 52, 18, 141, 160, 258, 139, 80, 7, 20, 183, 184, van
88, 42, 64, 151, 62, 8, 130, 51, 18, 142, 150, 253, 161, 63, 3, 2, 203, 210, van
107, 54, 96, 201, 62, 12, 218, 31, 24, 170, 221, 694, 217, 71, 2, 21, 187, 198, saab
87, 37, 52, 116, 54, 6, 115, 58, 17, 126, 135, 196, 144, 74, 11, 22, 186, 190, van
85, 43, 66, 123, 56, 6, 148, 46, 19, 145, 166, 319, 171, 85, 6, 11, 179, 182, bus
107, 55, 103, 213, 68, 11, 219, 30, 25, 172, 221, 709, 216, 70, 10, 7, 187, 197, saab
115, 52, 100, 203, 62, 10, 217, 31, 24, 165, 229, 697, 214, 72, 14, 4, 188, 197, saab
85, 43, 66, 120, 54, 5, 148, 46, 19, 145, 168, 320, 174, 87, 8, 2, 179, 181, bus
98, 46, 88, 191, 63, 6, 192, 34, 22, 147, 215, 563, 174, 73, 2, 26, 194, 197, bus
83, 40, 53, 114, 53, 6, 132, 53, 18, 140, 142, 247, 157, 86, 8, 7, 176, 183, van
88, 41, 80, 147, 62, 8, 146, 45, 19, 144, 169, 318, 161, 71, 4, 16, 188, 197, van
81, 43, 68, 148, 64, 7, 150, 45, 19, 144, 175, 330, 171, 80, 1, 2, 182, 185, bus
88, 45, 82, 155, 56, 8, 154, 43, 19, 149, 180, 357, 170, 69, 3, 0, 188, 193, saab
83, 46, 68, 139, 59, 6, 150, 44, 19, 146, 172, 336, 183, 74, 5, 3, 185, 191, bus
79, 38, 55, 120, 55, 5, 142, 48, 19, 128, 153, 295, 145, 81, 4, 2, 180, 183, saab
90, 48, 77, 132, 56, 10, 157, 44, 20, 164, 169, 354, 187, 78, 1, 3, 182, 191, van
85, 43, 66, 123, 55, 7, 150, 45, 19, 146, 172, 326, 173, 83, 4, 15, 180, 183, bus
81, 45, 68, 154, 69, 22, 151, 45, 19, 147, 186, 335, 186, 88, 1, 10, 180, 185, bus
90, 48, 85, 157, 64, 11, 161, 43, 20, 167, 175, 375, 186, 74, 3, 16, 185, 195, van
93, 42, 98, 192, 63, 9, 185, 36, 22, 138, 206, 508, 173, 70, 10, 21, 189, 197, saab
95, 41, 82, 170, 65, 9, 145, 46, 19, 145, 163, 314, 140, 64, 4, 8, 199, 207, van
105, 54, 105, 213, 67, 10, 200, 33, 23, 163, 214, 597, 214, 68, 10, 20, 190, 198, opel
106, 55, 96, 196, 60, 12, 221, 30, 25, 173, 225, 717, 214, 72, 9, 13, 186, 196, opel
99, 57, 100, 177, 54, 13, 224, 30, 25, 188, 223, 726, 213, 72, 4, 7, 185, 198, opel
89, 42, 66, 125, 53, 7, 131, 51, 18, 144, 162, 254, 162, 73, 10, 17, 188, 191, van
82, 36, 51, 114, 53, 4, 135, 50, 18, 126, 150, 268, 144, 86, 15, 4, 181, 182, saab
111, 58, 105, 183, 51, 6, 265, 26, 29, 174, 285, 1018, 255, 85, 4, 8, 181, 183, bus
87, 45, 66, 139, 58, 8, 140, 47, 18, 148, 168, 294, 175, 73, 3, 12, 188, 196, van
93, 34, 66, 140, 56, 7, 130, 51, 18, 120, 151, 251, 114, 62, 5, 29, 201, 207, opel
93, 39, 87, 183, 64, 8, 169, 40, 20, 134, 200, 422, 149, 72, 7, 25, 188, 195, saab
