@relation unknow
@attribute COMPACTNESS integer [73, 119]
@attribute CIRCULARITY integer [33, 59]
@attribute DISTANCECIRCULARITY integer [40, 112]
@attribute RADIUSRATIO integer [104, 333]
@attribute PRAXISASPECTRATIO integer [47, 138]
@attribute MAXLENGTHASPECTRATIO integer [2, 55]
@attribute SCATTERRATIO integer [112, 265]
@attribute ELONGATEDNESS integer [26, 61]
@attribute PRAXISRECTANGULAR integer [17, 29]
@attribute LENGTHRECTANGULAR integer [118, 188]
@attribute MAJORVARIANCE integer [130, 320]
@attribute MINORVARIANCE integer [184, 1018]
@attribute GYRATIONRADIUS integer [109, 268]
@attribute MAJORSKEWNESS integer [59, 135]
@attribute MINORSKEWNESS integer [0, 22]
@attribute MINORKURTOSIS integer [0, 41]
@attribute MAJORKURTOSIS integer [176, 206]
@attribute HOLLOWSRATIO integer [181, 211]
@attribute class {van, saab, bus, opel}
@inputs COMPACTNESS, CIRCULARITY, DISTANCECIRCULARITY, RADIUSRATIO, PRAXISASPECTRATIO, MAXLENGTHASPECTRATIO, SCATTERRATIO, ELONGATEDNESS, PRAXISRECTANGULAR, LENGTHRECTANGULAR, MAJORVARIANCE, MINORVARIANCE, GYRATIONRADIUS, MAJORSKEWNESS, MINORSKEWNESS, MINORKURTOSIS, MAJORKURTOSIS, HOLLOWSRATIO
@outputs class
@data
95, 48, 83, 178, 72, 10, 162, 42, 20, 159, 176, 379, 184, 70, 6, 16, 187, 197, van
91, 41, 84, 141, 57, 9, 149, 45, 19, 143, 170, 330, 158, 72, 9, 14, 189, 199, van
85, 44, 70, 205, 103, 52, 149, 45, 19, 144, 241, 325, 188, 127, 9, 11, 180, 183, bus
107, 57, 106, 172, 50, 6, 255, 26, 28, 169, 280, 957, 264, 85, 5, 9, 181, 183, bus
86, 34, 62, 140, 61, 7, 122, 54, 17, 127, 141, 223, 112, 64, 2, 14, 200, 208, van
86, 36, 70, 143, 61, 9, 133, 50, 18, 130, 153, 266, 127, 66, 2, 10, 194, 202, van
90, 34, 66, 136, 55, 6, 123, 54, 17, 118, 148, 224, 118, 65, 5, 26, 196, 202, saab
88, 46, 74, 171, 68, 6, 152, 43, 19, 148, 180, 349, 192, 71, 5, 11, 189, 195, bus
94, 49, 79, 203, 71, 5, 174, 37, 21, 154, 196, 465, 206, 71, 6, 2, 197, 199, bus
104, 54, 100, 186, 61, 10, 216, 31, 24, 173, 225, 686, 220, 74, 5, 11, 185, 195, saab
84, 47, 75, 153, 64, 6, 154, 43, 19, 145, 175, 354, 184, 75, 0, 3, 185, 192, bus
84, 37, 53, 121, 59, 5, 123, 55, 17, 125, 141, 221, 133, 82, 7, 1, 179, 183, van
83, 36, 54, 119, 57, 6, 128, 53, 18, 125, 143, 238, 139, 82, 6, 3, 179, 183, saab
89, 43, 85, 160, 64, 11, 155, 43, 19, 151, 173, 356, 174, 72, 5, 9, 185, 196, van
88, 42, 77, 151, 58, 8, 140, 47, 18, 142, 165, 293, 158, 64, 10, 11, 198, 205, saab
82, 44, 72, 118, 52, 7, 152, 44, 19, 147, 174, 340, 177, 82, 2, 2, 180, 185, bus
106, 53, 98, 176, 54, 10, 216, 31, 24, 171, 235, 691, 218, 74, 1, 9, 187, 197, saab
81, 45, 68, 169, 73, 6, 151, 44, 19, 146, 173, 336, 186, 75, 7, 0, 183, 189, bus
88, 37, 51, 105, 52, 5, 119, 57, 17, 128, 135, 207, 125, 86, 8, 16, 179, 183, van
94, 49, 87, 137, 54, 11, 158, 43, 20, 162, 178, 366, 186, 75, 5, 5, 183, 194, van
93, 37, 76, 183, 63, 8, 164, 40, 20, 134, 191, 405, 139, 67, 4, 7, 192, 197, saab
91, 43, 70, 133, 55, 8, 130, 51, 18, 146, 159, 253, 156, 70, 1, 8, 190, 194, van
91, 45, 79, 176, 59, 9, 163, 40, 20, 148, 184, 404, 179, 62, 0, 10, 199, 208, saab
78, 38, 63, 115, 51, 6, 142, 47, 19, 130, 162, 299, 146, 77, 2, 4, 181, 185, saab
92, 38, 71, 174, 66, 7, 154, 43, 19, 133, 181, 355, 130, 70, 4, 24, 189, 195, saab
98, 55, 101, 228, 70, 9, 210, 31, 24, 168, 236, 661, 245, 72, 1, 6, 188, 197, opel
101, 42, 62, 175, 67, 6, 149, 43, 19, 139, 169, 341, 165, 65, 7, 11, 202, 209, bus
101, 56, 104, 185, 53, 6, 257, 26, 28, 168, 275, 956, 230, 83, 5, 26, 180, 184, bus
85, 39, 68, 119, 52, 5, 128, 53, 18, 135, 148, 241, 142, 75, 8, 8, 182, 187, van
77, 38, 63, 135, 59, 5, 130, 52, 18, 130, 145, 247, 139, 79, 13, 21, 183, 187, opel
96, 40, 70, 120, 50, 8, 137, 50, 18, 141, 162, 269, 139, 80, 10, 13, 183, 183, van
89, 41, 75, 143, 56, 7, 146, 46, 19, 137, 170, 317, 156, 76, 18, 5, 184, 188, opel
81, 43, 68, 125, 57, 8, 149, 46, 19, 146, 169, 323, 172, 83, 6, 18, 179, 184, bus
98, 49, 84, 219, 74, 7, 190, 34, 22, 154, 208, 558, 209, 74, 4, 7, 195, 195, bus
97, 59, 108, 227, 70, 11, 224, 30, 25, 186, 225, 732, 218, 70, 10, 25, 186, 198, opel
92, 39, 91, 191, 62, 8, 176, 37, 21, 137, 196, 466, 151, 67, 3, 23, 192, 200, opel
101, 53, 103, 203, 63, 9, 195, 34, 22, 162, 210, 571, 210, 68, 5, 5, 191, 198, opel
91, 39, 83, 170, 60, 8, 172, 38, 21, 134, 197, 445, 152, 72, 0, 10, 188, 194, saab
89, 44, 68, 113, 50, 7, 150, 45, 19, 147, 171, 328, 189, 88, 6, 5, 179, 182, bus
94, 36, 68, 127, 54, 7, 127, 52, 18, 132, 155, 242, 116, 66, 1, 2, 195, 196, van
79, 40, 80, 133, 55, 7, 147, 47, 19, 135, 172, 311, 144, 76, 8, 30, 181, 193, opel
89, 40, 76, 188, 76, 7, 150, 44, 19, 136, 174, 342, 148, 72, 3, 8, 193, 197, bus
110, 58, 106, 180, 51, 6, 261, 26, 28, 171, 278, 998, 257, 83, 9, 13, 181, 182, bus
91, 42, 84, 209, 75, 6, 171, 38, 20, 138, 189, 446, 161, 69, 3, 12, 196, 201, bus
80, 37, 57, 116, 55, 6, 125, 54, 18, 125, 142, 229, 132, 81, 8, 5, 178, 184, opel
94, 38, 84, 158, 55, 9, 169, 39, 20, 130, 196, 430, 155, 69, 9, 15, 190, 195, opel
104, 52, 100, 191, 59, 9, 197, 33, 23, 158, 218, 583, 234, 70, 10, 10, 191, 198, saab
94, 48, 87, 162, 64, 10, 157, 43, 20, 161, 179, 363, 186, 75, 4, 15, 184, 195, van
84, 45, 66, 154, 65, 6, 145, 46, 19, 144, 168, 312, 177, 73, 2, 3, 184, 188, bus
82, 45, 66, 252, 126, 52, 148, 45, 19, 144, 237, 326, 185, 119, 1, 1, 181, 185, bus
95, 42, 85, 174, 66, 9, 153, 44, 19, 144, 168, 347, 150, 65, 11, 5, 196, 204, van
94, 42, 68, 150, 64, 7, 128, 52, 18, 143, 154, 246, 159, 69, 14, 5, 192, 196, van
92, 38, 60, 130, 62, 5, 114, 58, 17, 132, 135, 194, 137, 72, 14, 5, 190, 194, van
102, 45, 83, 198, 65, 5, 194, 33, 22, 146, 225, 576, 167, 79, 0, 27, 193, 191, bus
108, 53, 103, 202, 64, 10, 220, 30, 25, 168, 224, 711, 214, 73, 11, 10, 188, 199, saab
80, 44, 68, 135, 59, 8, 150, 45, 19, 145, 170, 329, 173, 80, 7, 12, 180, 185, bus
89, 40, 77, 159, 65, 9, 144, 46, 19, 141, 168, 314, 143, 70, 0, 5, 190, 200, van
94, 48, 83, 162, 64, 10, 156, 43, 19, 153, 177, 357, 187, 74, 4, 14, 185, 196, van
93, 43, 85, 133, 54, 10, 155, 44, 19, 153, 174, 351, 165, 75, 12, 13, 184, 196, van
95, 47, 88, 162, 64, 11, 159, 43, 20, 157, 176, 371, 185, 71, 12, 13, 189, 198, van
89, 37, 54, 119, 53, 5, 134, 50, 18, 127, 151, 266, 146, 79, 16, 14, 184, 185, saab
90, 36, 57, 130, 57, 6, 121, 56, 17, 127, 137, 216, 132, 68, 22, 23, 190, 195, saab
90, 46, 80, 143, 62, 11, 159, 43, 20, 156, 169, 366, 186, 74, 17, 7, 185, 193, van
85, 41, 66, 155, 65, 22, 149, 45, 19, 139, 173, 330, 155, 75, 6, 16, 184, 191, bus
100, 48, 95, 209, 68, 7, 199, 32, 23, 150, 216, 605, 200, 73, 7, 11, 192, 194, bus
100, 46, 104, 184, 60, 9, 197, 34, 23, 147, 222, 578, 198, 73, 13, 13, 189, 197, saab
86, 36, 77, 165, 60, 7, 150, 45, 19, 128, 174, 331, 131, 66, 0, 32, 196, 203, saab
102, 54, 100, 163, 53, 10, 213, 31, 24, 173, 219, 669, 201, 76, 12, 27, 187, 195, opel
87, 42, 64, 150, 64, 10, 133, 50, 18, 142, 157, 264, 159, 67, 7, 1, 193, 201, van
91, 42, 80, 162, 66, 8, 148, 44, 19, 145, 171, 331, 147, 70, 3, 5, 189, 199, van
90, 37, 80, 171, 58, 9, 157, 42, 20, 132, 172, 373, 115, 60, 3, 18, 201, 209, saab
80, 43, 68, 120, 54, 8, 150, 45, 19, 145, 171, 329, 176, 85, 4, 8, 179, 183, bus
95, 45, 80, 186, 62, 7, 164, 40, 20, 145, 188, 406, 178, 65, 11, 18, 199, 204, opel
100, 46, 85, 164, 64, 11, 163, 42, 20, 163, 176, 387, 170, 71, 18, 0, 189, 196, van
91, 40, 76, 171, 67, 7, 149, 44, 19, 135, 169, 332, 144, 68, 4, 17, 192, 200, bus
93, 36, 64, 165, 69, 8, 136, 49, 18, 136, 161, 279, 127, 67, 2, 29, 193, 204, van
94, 44, 84, 216, 74, 6, 184, 35, 22, 145, 208, 525, 154, 73, 4, 22, 196, 197, bus
106, 49, 106, 211, 64, 9, 208, 32, 24, 158, 224, 645, 184, 68, 1, 24, 190, 202, saab
89, 40, 79, 154, 64, 9, 144, 46, 19, 139, 168, 311, 149, 71, 8, 7, 188, 197, van
110, 56, 103, 223, 64, 5, 250, 26, 27, 169, 280, 928, 239, 85, 4, 6, 184, 183, bus
85, 36, 78, 149, 55, 7, 147, 45, 19, 128, 168, 321, 134, 64, 10, 24, 197, 203, opel
93, 42, 70, 131, 56, 7, 127, 53, 18, 145, 156, 240, 152, 74, 5, 4, 189, 190, van
91, 45, 75, 154, 57, 6, 150, 44, 19, 146, 170, 335, 180, 66, 16, 2, 193, 198, opel
98, 54, 104, 186, 59, 10, 213, 32, 24, 172, 223, 665, 217, 73, 1, 26, 186, 195, opel
103, 54, 91, 179, 57, 11, 220, 31, 25, 170, 220, 707, 198, 72, 1, 32, 186, 198, opel
82, 45, 68, 139, 64, 6, 147, 46, 19, 143, 169, 320, 184, 80, 0, 1, 181, 184, bus
98, 38, 70, 125, 52, 8, 130, 53, 18, 139, 157, 243, 132, 74, 0, 13, 186, 185, van
108, 51, 103, 197, 60, 11, 211, 31, 24, 160, 222, 661, 187, 67, 7, 3, 190, 200, opel
94, 45, 81, 166, 67, 9, 145, 46, 19, 147, 164, 313, 179, 66, 11, 14, 194, 202, van
96, 49, 98, 187, 59, 6, 213, 31, 24, 152, 228, 680, 210, 77, 8, 28, 188, 189, bus
84, 39, 90, 180, 60, 7, 177, 37, 21, 131, 209, 469, 145, 71, 4, 38, 190, 198, opel
93, 37, 73, 174, 68, 7, 151, 43, 19, 131, 175, 347, 135, 68, 1, 22, 196, 205, bus
78, 36, 60, 116, 56, 6, 123, 55, 17, 124, 141, 221, 121, 78, 3, 16, 178, 185, opel
101, 51, 105, 212, 68, 10, 209, 32, 24, 162, 222, 653, 224, 73, 5, 23, 186, 195, opel
107, 55, 98, 199, 59, 7, 240, 27, 26, 168, 258, 866, 245, 80, 3, 1, 186, 184, bus
92, 37, 86, 167, 60, 7, 158, 42, 20, 131, 181, 373, 144, 68, 9, 21, 190, 196, saab
82, 44, 72, 136, 61, 7, 147, 46, 19, 143, 173, 317, 183, 81, 6, 17, 181, 185, bus
93, 47, 85, 163, 66, 11, 156, 44, 20, 158, 172, 355, 178, 74, 7, 15, 183, 195, van
90, 36, 74, 171, 60, 8, 157, 42, 19, 128, 177, 367, 123, 61, 6, 21, 197, 204, saab
89, 40, 58, 137, 58, 7, 122, 54, 17, 140, 146, 225, 150, 63, 7, 4, 199, 206, van
86, 46, 70, 149, 65, 8, 149, 45, 19, 146, 170, 331, 185, 77, 6, 6, 183, 188, bus
101, 56, 100, 168, 55, 11, 214, 31, 24, 175, 219, 681, 224, 74, 2, 3, 185, 192, opel
86, 37, 69, 150, 63, 8, 138, 48, 18, 134, 163, 284, 124, 71, 1, 6, 189, 195, van
90, 39, 86, 169, 62, 7, 162, 41, 20, 131, 194, 388, 147, 74, 1, 22, 185, 191, opel
83, 44, 68, 144, 61, 8, 147, 45, 19, 143, 170, 325, 180, 74, 1, 1, 185, 191, bus
85, 39, 57, 126, 56, 6, 114, 58, 17, 135, 134, 195, 145, 64, 17, 7, 197, 202, van
88, 44, 85, 139, 56, 11, 157, 43, 20, 155, 176, 363, 175, 76, 5, 16, 184, 195, van
81, 44, 72, 139, 60, 6, 153, 44, 19, 146, 180, 347, 178, 81, 1, 15, 182, 186, bus
93, 41, 79, 159, 63, 8, 144, 46, 19, 150, 165, 309, 134, 67, 4, 9, 195, 203, van
105, 54, 106, 215, 68, 10, 208, 32, 24, 166, 217, 640, 218, 69, 14, 23, 189, 199, saab
85, 35, 47, 110, 55, 3, 117, 57, 17, 122, 136, 203, 139, 89, 5, 9, 180, 184, van
85, 33, 40, 115, 57, 3, 112, 61, 17, 119, 130, 184, 127, 86, 12, 21, 181, 183, saab
85, 45, 65, 128, 56, 8, 151, 45, 19, 145, 170, 332, 186, 81, 1, 10, 179, 184, bus
100, 55, 101, 189, 57, 10, 222, 30, 25, 177, 225, 731, 211, 71, 7, 17, 188, 197, opel
79, 47, 74, 141, 61, 7, 153, 43, 19, 149, 175, 349, 199, 77, 6, 10, 183, 189, bus
89, 36, 77, 172, 62, 8, 157, 42, 19, 125, 174, 367, 126, 63, 5, 22, 198, 205, opel
85, 42, 59, 132, 58, 7, 149, 46, 19, 144, 166, 320, 172, 83, 8, 4, 179, 182, bus
101, 55, 108, 228, 69, 12, 215, 31, 24, 168, 229, 684, 214, 71, 2, 16, 188, 199, saab
85, 47, 75, 121, 53, 9, 157, 44, 20, 165, 168, 358, 176, 77, 1, 7, 182, 191, van
95, 36, 73, 191, 73, 6, 156, 41, 19, 126, 184, 374, 124, 71, 2, 19, 199, 204, bus
103, 55, 103, 211, 65, 11, 212, 31, 24, 165, 229, 673, 249, 72, 5, 16, 188, 196, opel
85, 34, 53, 127, 58, 6, 116, 58, 17, 121, 137, 197, 127, 70, 3, 20, 185, 189, saab
95, 38, 66, 126, 52, 8, 133, 52, 18, 140, 158, 253, 140, 78, 11, 8, 184, 183, van
84, 44, 80, 140, 58, 11, 156, 44, 20, 157, 166, 349, 176, 74, 5, 17, 183, 193, van
94, 43, 68, 170, 67, 6, 142, 46, 18, 142, 164, 310, 177, 65, 10, 8, 198, 203, bus
93, 47, 85, 161, 65, 12, 155, 43, 19, 157, 179, 354, 178, 76, 2, 9, 184, 196, van
91, 36, 77, 157, 56, 7, 155, 42, 19, 126, 177, 361, 123, 65, 8, 15, 195, 201, saab
83, 37, 54, 118, 55, 4, 129, 52, 18, 127, 146, 245, 140, 81, 4, 13, 180, 184, saab
89, 40, 60, 131, 56, 6, 118, 56, 17, 137, 143, 209, 153, 65, 10, 8, 193, 199, van
80, 45, 71, 128, 56, 7, 151, 45, 19, 147, 171, 337, 176, 79, 3, 16, 181, 187, bus
86, 42, 65, 116, 53, 6, 152, 45, 19, 141, 175, 335, 172, 85, 5, 4, 179, 183, bus
86, 39, 60, 140, 60, 7, 119, 55, 17, 134, 140, 212, 141, 61, 7, 8, 200, 207, van
83, 37, 62, 113, 53, 6, 122, 55, 17, 129, 143, 218, 135, 79, 0, 7, 181, 185, van
93, 47, 88, 200, 66, 7, 173, 38, 21, 151, 197, 452, 205, 66, 0, 3, 195, 202, saab
96, 45, 80, 162, 63, 9, 146, 46, 19, 148, 161, 316, 161, 64, 5, 10, 199, 207, van
83, 46, 73, 137, 59, 6, 148, 45, 19, 146, 167, 327, 183, 75, 8, 0, 185, 191, bus
109, 54, 109, 225, 68, 11, 214, 31, 24, 169, 226, 675, 212, 68, 11, 32, 189, 202, saab
86, 46, 73, 125, 57, 6, 151, 45, 19, 147, 170, 334, 188, 82, 9, 11, 180, 184, bus
116, 53, 110, 231, 67, 12, 217, 31, 24, 165, 231, 692, 222, 67, 16, 28, 192, 206, saab
83, 41, 70, 155, 65, 7, 144, 46, 19, 141, 168, 309, 147, 71, 4, 12, 188, 195, bus
88, 43, 84, 136, 55, 11, 154, 44, 19, 150, 174, 350, 164, 73, 6, 2, 185, 196, van
96, 47, 103, 215, 69, 10, 200, 33, 23, 147, 220, 598, 200, 73, 6, 6, 187, 194, opel
88, 37, 57, 132, 62, 6, 135, 50, 18, 125, 151, 265, 144, 83, 16, 16, 180, 184, saab
98, 38, 66, 130, 55, 7, 130, 51, 18, 138, 160, 251, 123, 69, 3, 12, 191, 194, van
93, 36, 63, 139, 57, 8, 132, 50, 18, 136, 158, 260, 121, 67, 3, 27, 193, 201, van
90, 38, 75, 164, 64, 7, 151, 43, 19, 131, 168, 345, 139, 66, 0, 0, 195, 204, bus
82, 37, 66, 126, 54, 7, 132, 52, 18, 127, 148, 252, 142, 72, 17, 7, 183, 187, saab
98, 40, 77, 171, 61, 6, 172, 37, 21, 139, 197, 457, 141, 72, 4, 17, 199, 201, bus
106, 53, 98, 193, 60, 10, 215, 31, 24, 169, 224, 681, 218, 73, 8, 21, 188, 197, saab
94, 37, 72, 193, 72, 6, 158, 41, 19, 133, 184, 385, 127, 70, 0, 14, 200, 204, bus
85, 45, 70, 130, 58, 8, 151, 45, 19, 146, 171, 334, 187, 79, 2, 5, 181, 186, bus
86, 45, 73, 152, 63, 6, 149, 44, 19, 145, 170, 335, 176, 71, 6, 1, 189, 196, bus
109, 48, 107, 215, 62, 10, 205, 32, 23, 158, 222, 624, 168, 65, 9, 32, 195, 206, opel
82, 41, 70, 155, 64, 7, 148, 45, 19, 138, 172, 328, 152, 72, 5, 17, 187, 195, bus
96, 52, 104, 222, 67, 9, 198, 33, 23, 163, 217, 589, 226, 67, 12, 20, 192, 201, opel
91, 41, 66, 131, 56, 9, 126, 53, 18, 144, 159, 237, 155, 72, 3, 10, 191, 194, van
95, 45, 105, 208, 64, 10, 187, 36, 22, 150, 202, 520, 158, 64, 7, 32, 198, 211, saab
89, 37, 51, 111, 54, 5, 120, 56, 17, 127, 138, 213, 147, 82, 7, 4, 181, 183, van
105, 54, 100, 220, 69, 10, 221, 30, 25, 170, 232, 718, 202, 73, 0, 13, 187, 199, saab
98, 51, 96, 203, 66, 10, 188, 35, 22, 157, 207, 533, 231, 68, 10, 1, 191, 199, saab
82, 44, 63, 123, 54, 7, 151, 45, 19, 147, 166, 329, 185, 81, 3, 4, 179, 182, bus
89, 44, 82, 136, 54, 6, 149, 45, 19, 144, 170, 332, 168, 68, 10, 14, 188, 193, opel
93, 43, 88, 170, 66, 9, 150, 45, 19, 147, 164, 334, 143, 65, 2, 17, 196, 206, van
98, 44, 78, 160, 63, 8, 142, 47, 18, 148, 160, 300, 171, 63, 19, 2, 201, 207, van
104, 52, 96, 188, 59, 9, 188, 35, 22, 161, 206, 530, 205, 67, 11, 8, 193, 200, opel
89, 44, 76, 125, 54, 10, 156, 44, 20, 151, 163, 352, 176, 76, 12, 12, 184, 193, van
99, 51, 88, 188, 62, 5, 203, 32, 23, 158, 222, 625, 219, 77, 8, 26, 191, 190, bus
97, 45, 91, 161, 63, 10, 151, 45, 19, 148, 166, 334, 171, 65, 18, 20, 197, 205, van
87, 41, 73, 158, 64, 7, 151, 44, 19, 138, 175, 341, 152, 73, 3, 8, 190, 194, bus
86, 40, 75, 146, 62, 6, 140, 48, 18, 135, 158, 290, 162, 72, 3, 21, 183, 190, opel
83, 37, 54, 131, 61, 4, 135, 50, 18, 127, 152, 271, 141, 85, 3, 6, 180, 183, saab
102, 54, 101, 190, 58, 10, 222, 30, 25, 171, 224, 728, 203, 71, 13, 6, 189, 198, opel
99, 55, 101, 219, 68, 10, 224, 30, 25, 178, 228, 737, 213, 74, 11, 20, 187, 196, opel
101, 54, 106, 188, 57, 7, 236, 28, 26, 164, 256, 833, 253, 81, 6, 14, 185, 185, bus
117, 52, 110, 228, 65, 12, 212, 31, 24, 163, 228, 668, 220, 66, 21, 25, 194, 205, saab
95, 44, 84, 158, 62, 10, 145, 46, 19, 148, 163, 312, 166, 64, 10, 6, 199, 206, van
97, 46, 101, 210, 66, 8, 192, 35, 22, 151, 208, 546, 169, 66, 1, 32, 191, 200, opel
88, 38, 58, 137, 60, 5, 148, 46, 19, 131, 163, 319, 157, 86, 12, 0, 180, 183, saab
81, 47, 69, 146, 64, 6, 151, 44, 19, 147, 171, 340, 195, 75, 5, 0, 183, 188, bus
91, 45, 76, 171, 69, 7, 150, 44, 19, 144, 170, 340, 179, 69, 12, 1, 195, 201, bus
109, 49, 109, 193, 59, 10, 207, 32, 24, 156, 225, 635, 213, 70, 13, 31, 191, 202, saab
87, 45, 82, 164, 60, 8, 156, 42, 19, 144, 181, 366, 174, 70, 2, 2, 190, 196, opel
101, 46, 105, 195, 61, 10, 198, 34, 23, 150, 213, 578, 195, 66, 7, 38, 192, 205, saab
89, 47, 85, 147, 58, 10, 153, 44, 19, 151, 175, 349, 186, 74, 13, 7, 186, 197, van
87, 45, 77, 153, 59, 7, 154, 44, 19, 145, 181, 350, 172, 75, 15, 14, 184, 189, opel
108, 54, 105, 203, 62, 11, 202, 33, 23, 164, 216, 608, 235, 68, 12, 3, 190, 200, saab
90, 47, 85, 149, 60, 10, 155, 43, 19, 155, 179, 355, 186, 75, 1, 5, 185, 196, van
84, 45, 68, 148, 64, 6, 146, 46, 19, 142, 168, 317, 180, 75, 5, 1, 183, 187, bus
89, 47, 81, 156, 57, 8, 161, 41, 20, 149, 187, 388, 197, 72, 9, 15, 187, 193, opel
96, 41, 77, 177, 64, 5, 177, 36, 21, 134, 205, 485, 148, 74, 0, 4, 196, 198, bus
97, 45, 72, 187, 71, 5, 161, 40, 20, 144, 178, 399, 186, 70, 7, 7, 196, 203, bus
87, 36, 53, 117, 58, 4, 118, 57, 17, 125, 138, 205, 138, 85, 9, 15, 180, 183, van
87, 37, 60, 132, 57, 6, 128, 52, 18, 129, 154, 243, 132, 71, 1, 14, 186, 192, saab
82, 36, 54, 117, 53, 7, 125, 54, 18, 126, 146, 229, 128, 78, 1, 5, 180, 184, saab
99, 43, 89, 195, 63, 8, 186, 35, 22, 144, 210, 521, 166, 68, 6, 13, 191, 199, saab
94, 47, 85, 333, 138, 49, 155, 43, 19, 155, 320, 354, 187, 135, 12, 9, 188, 196, van
100, 57, 107, 207, 63, 11, 227, 30, 25, 180, 234, 756, 205, 72, 6, 19, 186, 198, opel
86, 42, 65, 113, 50, 8, 152, 45, 19, 141, 169, 332, 171, 85, 4, 16, 179, 183, bus
93, 44, 90, 166, 65, 10, 153, 44, 19, 156, 170, 348, 143, 66, 9, 17, 194, 203, van
97, 37, 76, 169, 60, 8, 161, 41, 20, 131, 189, 391, 136, 72, 0, 0, 188, 192, opel
108, 57, 106, 177, 51, 5, 256, 26, 28, 170, 285, 966, 261, 87, 11, 2, 182, 181, bus
98, 38, 70, 186, 68, 6, 164, 39, 20, 136, 189, 413, 129, 71, 3, 17, 200, 203, bus
87, 42, 64, 150, 64, 10, 133, 50, 18, 141, 157, 265, 159, 67, 7, 0, 193, 201, van
107, 53, 108, 213, 64, 12, 206, 32, 23, 163, 216, 627, 202, 65, 21, 22, 194, 205, saab
101, 52, 105, 162, 53, 10, 212, 31, 24, 163, 226, 669, 204, 74, 12, 11, 186, 194, opel
80, 38, 64, 130, 59, 8, 134, 51, 18, 126, 152, 259, 135, 76, 1, 23, 179, 188, opel
91, 38, 75, 136, 53, 6, 144, 47, 19, 131, 165, 305, 149, 69, 1, 7, 186, 191, saab
86, 45, 71, 155, 66, 7, 146, 45, 19, 144, 167, 322, 176, 72, 5, 6, 189, 196, bus
86, 38, 86, 175, 60, 9, 170, 39, 21, 134, 191, 433, 138, 68, 1, 28, 191, 199, saab
89, 45, 77, 188, 64, 9, 161, 41, 20, 151, 190, 390, 174, 66, 4, 2, 194, 201, saab
88, 36, 78, 160, 62, 6, 140, 48, 18, 123, 161, 287, 129, 66, 4, 35, 194, 202, opel
101, 53, 108, 184, 54, 12, 216, 31, 24, 172, 220, 685, 187, 68, 4, 24, 190, 201, opel
96, 36, 74, 183, 70, 6, 149, 43, 19, 127, 178, 341, 127, 69, 0, 17, 201, 205, bus
96, 39, 58, 117, 51, 6, 133, 52, 18, 139, 154, 255, 150, 86, 6, 0, 181, 182, van
98, 48, 101, 195, 61, 11, 207, 31, 23, 152, 227, 650, 193, 71, 5, 7, 189, 196, opel
90, 34, 66, 158, 59, 7, 140, 47, 18, 124, 165, 298, 117, 61, 1, 3, 201, 207, saab
91, 41, 93, 197, 65, 9, 183, 36, 21, 137, 202, 504, 153, 66, 11, 24, 193, 200, opel
86, 38, 89, 176, 59, 9, 169, 39, 20, 132, 190, 428, 148, 67, 7, 33, 193, 202, opel
112, 50, 104, 197, 58, 11, 208, 32, 24, 159, 223, 639, 186, 67, 15, 22, 191, 202, saab
84, 38, 83, 141, 54, 7, 149, 45, 19, 132, 177, 327, 149, 74, 6, 29, 185, 191, saab
85, 42, 70, 130, 56, 7, 150, 45, 19, 145, 177, 328, 172, 82, 10, 14, 181, 185, bus
104, 51, 105, 168, 54, 10, 208, 32, 24, 162, 220, 641, 221, 72, 9, 20, 187, 197, saab
85, 37, 68, 145, 60, 6, 130, 51, 18, 130, 150, 253, 121, 65, 3, 14, 195, 203, van
93, 42, 64, 123, 51, 7, 135, 51, 18, 144, 164, 262, 155, 78, 16, 12, 185, 185, van
84, 40, 71, 131, 55, 7, 150, 45, 19, 134, 167, 330, 165, 80, 12, 1, 180, 186, opel
90, 47, 73, 136, 58, 11, 161, 42, 20, 153, 172, 376, 185, 77, 11, 8, 183, 191, van
99, 50, 88, 204, 64, 10, 185, 35, 22, 159, 209, 517, 193, 66, 12, 11, 194, 201, opel
102, 53, 101, 238, 72, 4, 238, 28, 26, 163, 267, 844, 242, 85, 7, 22, 184, 184, bus
95, 57, 104, 228, 74, 10, 212, 31, 24, 175, 224, 670, 223, 74, 0, 4, 186, 193, opel
91, 39, 82, 164, 68, 10, 143, 46, 19, 137, 164, 308, 158, 68, 13, 9, 191, 201, van
106, 52, 101, 213, 64, 11, 201, 33, 23, 158, 214, 607, 204, 65, 2, 4, 192, 204, saab
81, 43, 68, 139, 62, 7, 149, 46, 19, 145, 172, 323, 171, 83, 1, 14, 180, 184, bus
83, 45, 73, 161, 68, 8, 142, 46, 18, 144, 169, 305, 179, 71, 10, 3, 191, 199, van
97, 47, 81, 183, 64, 8, 168, 39, 20, 150, 193, 426, 182, 70, 11, 2, 192, 198, opel
85, 40, 66, 121, 52, 4, 152, 44, 19, 133, 170, 340, 163, 87, 13, 3, 180, 183, opel
100, 49, 80, 206, 70, 6, 183, 35, 21, 156, 206, 517, 198, 73, 3, 13, 198, 199, bus
78, 43, 70, 147, 65, 8, 147, 46, 19, 145, 169, 319, 168, 77, 1, 12, 181, 186, bus
92, 40, 62, 144, 59, 8, 127, 52, 17, 139, 149, 241, 150, 62, 13, 1, 204, 210, van
91, 44, 66, 151, 63, 7, 137, 48, 18, 146, 166, 280, 167, 72, 1, 9, 188, 194, van
105, 50, 93, 173, 54, 4, 222, 30, 25, 159, 254, 735, 206, 83, 4, 12, 186, 184, bus
107, 56, 105, 202, 61, 11, 221, 30, 25, 179, 234, 725, 212, 72, 15, 1, 189, 196, opel
104, 55, 100, 201, 66, 10, 214, 31, 24, 173, 224, 680, 221, 74, 1, 1, 185, 194, saab
90, 48, 78, 143, 60, 11, 161, 43, 20, 159, 172, 374, 186, 75, 2, 2, 184, 193, van
104, 57, 103, 222, 72, 12, 221, 30, 25, 177, 223, 718, 218, 72, 11, 12, 186, 195, opel
93, 45, 81, 177, 64, 7, 160, 41, 20, 147, 180, 383, 188, 70, 11, 11, 192, 199, saab
108, 54, 109, 189, 57, 11, 220, 31, 25, 174, 229, 709, 214, 70, 12, 23, 189, 201, saab
97, 45, 76, 175, 60, 9, 157, 42, 20, 149, 180, 370, 169, 63, 16, 12, 198, 206, saab
85, 43, 66, 130, 57, 6, 151, 45, 19, 143, 173, 333, 168, 86, 4, 9, 180, 183, bus
94, 43, 82, 136, 54, 10, 155, 43, 19, 149, 176, 359, 161, 74, 1, 6, 186, 197, van
88, 36, 53, 113, 57, 3, 118, 57, 17, 128, 137, 204, 136, 88, 7, 14, 180, 183, van
105, 54, 96, 185, 57, 10, 219, 30, 25, 170, 231, 706, 217, 75, 5, 12, 187, 195, opel
86, 36, 66, 128, 57, 8, 131, 52, 18, 127, 148, 252, 139, 76, 5, 27, 183, 187, opel
97, 46, 94, 209, 67, 10, 195, 34, 22, 147, 224, 573, 194, 70, 0, 14, 188, 197, opel
93, 35, 78, 162, 60, 8, 150, 45, 19, 125, 172, 331, 137, 67, 2, 33, 191, 198, opel
101, 55, 105, 182, 59, 10, 215, 31, 24, 177, 221, 678, 223, 74, 12, 26, 186, 195, opel
103, 54, 107, 189, 56, 11, 223, 30, 25, 174, 225, 729, 200, 70, 0, 29, 187, 201, opel
89, 38, 74, 138, 59, 7, 136, 49, 18, 133, 167, 278, 128, 72, 7, 7, 189, 193, van
76, 38, 58, 125, 58, 5, 133, 51, 18, 127, 152, 259, 145, 87, 0, 21, 177, 184, opel
89, 40, 89, 174, 58, 8, 177, 37, 21, 133, 202, 471, 155, 70, 7, 18, 189, 196, saab
89, 36, 69, 162, 63, 6, 140, 48, 18, 131, 164, 291, 126, 66, 1, 38, 193, 204, saab
90, 43, 81, 231, 97, 46, 150, 45, 19, 149, 200, 332, 164, 91, 5, 9, 186, 196, van
105, 52, 107, 207, 60, 11, 218, 31, 24, 167, 221, 701, 197, 66, 0, 20, 191, 203, opel
92, 45, 76, 162, 57, 7, 159, 41, 20, 147, 184, 381, 177, 69, 8, 10, 190, 195, saab
109, 49, 103, 186, 57, 11, 206, 32, 23, 156, 212, 630, 186, 65, 12, 21, 192, 201, opel
86, 43, 61, 119, 53, 8, 150, 46, 19, 144, 169, 326, 172, 85, 8, 8, 179, 182, bus
88, 48, 90, 178, 60, 8, 175, 38, 21, 152, 200, 460, 198, 68, 13, 16, 192, 199, saab
104, 49, 105, 209, 61, 11, 207, 32, 24, 157, 217, 637, 168, 64, 0, 19, 193, 207, saab
90, 39, 57, 114, 48, 7, 135, 51, 18, 139, 155, 261, 151, 85, 12, 8, 183, 182, van
98, 44, 88, 176, 67, 10, 158, 43, 20, 149, 173, 367, 154, 66, 14, 9, 194, 202, van
86, 40, 66, 139, 59, 7, 122, 54, 17, 139, 145, 225, 143, 63, 7, 11, 202, 208, van
109, 55, 96, 191, 57, 6, 241, 28, 26, 170, 267, 857, 242, 85, 8, 9, 184, 184, bus
92, 45, 74, 187, 74, 7, 157, 41, 19, 143, 179, 375, 183, 70, 8, 6, 195, 201, bus
88, 34, 58, 140, 59, 6, 127, 52, 18, 130, 148, 243, 113, 63, 4, 10, 199, 206, van
88, 43, 70, 177, 74, 19, 152, 44, 19, 143, 180, 342, 168, 76, 1, 9, 186, 189, bus
88, 44, 84, 135, 55, 12, 155, 44, 20, 158, 176, 351, 164, 75, 7, 11, 183, 195, van
88, 44, 70, 151, 61, 8, 143, 46, 18, 143, 163, 311, 173, 68, 7, 8, 196, 203, bus
90, 39, 89, 181, 62, 8, 175, 38, 21, 132, 200, 458, 154, 70, 11, 15, 189, 195, saab
86, 45, 66, 126, 57, 8, 148, 46, 19, 145, 170, 321, 186, 86, 0, 7, 179, 182, bus
87, 49, 86, 190, 64, 9, 177, 37, 21, 153, 197, 471, 209, 67, 11, 7, 192, 199, opel
85, 43, 66, 121, 54, 7, 150, 46, 19, 147, 169, 324, 175, 87, 0, 5, 179, 182, bus
101, 56, 101, 231, 72, 10, 217, 31, 24, 171, 232, 698, 216, 72, 2, 6, 187, 197, saab
88, 39, 88, 194, 69, 8, 168, 40, 20, 133, 199, 416, 151, 74, 3, 22, 186, 192, opel
89, 42, 75, 140, 55, 6, 145, 46, 19, 139, 170, 312, 166, 71, 15, 26, 191, 198, opel
101, 48, 85, 191, 60, 11, 175, 38, 21, 153, 192, 458, 187, 62, 5, 22, 197, 210, saab
86, 43, 69, 123, 54, 6, 150, 46, 19, 144, 174, 325, 177, 87, 3, 7, 180, 182, bus
97, 35, 66, 151, 64, 8, 128, 52, 18, 129, 148, 246, 112, 66, 6, 2, 195, 200, van
94, 43, 69, 161, 59, 7, 152, 43, 19, 143, 175, 349, 187, 67, 12, 11, 193, 198, saab
96, 45, 87, 169, 67, 10, 154, 44, 19, 149, 167, 351, 174, 67, 9, 8, 192, 201, van
89, 47, 80, 131, 54, 11, 160, 43, 20, 163, 175, 369, 174, 77, 1, 7, 182, 193, van
104, 55, 105, 216, 68, 11, 205, 32, 23, 169, 221, 623, 216, 71, 9, 18, 189, 196, opel
109, 53, 103, 210, 63, 11, 219, 30, 25, 172, 229, 707, 212, 71, 6, 3, 188, 199, saab
84, 38, 66, 138, 62, 6, 126, 54, 18, 132, 144, 232, 139, 70, 4, 7, 185, 190, opel
85, 42, 66, 120, 53, 7, 149, 45, 19, 145, 173, 325, 163, 85, 5, 4, 180, 182, bus
104, 54, 101, 197, 64, 11, 213, 31, 24, 172, 218, 669, 222, 74, 14, 4, 187, 196, saab
85, 35, 64, 129, 57, 6, 116, 57, 17, 125, 138, 200, 123, 65, 1, 23, 196, 203, van
98, 55, 108, 168, 53, 11, 224, 30, 25, 178, 231, 737, 217, 73, 8, 30, 187, 198, opel
79, 43, 72, 141, 62, 8, 153, 44, 19, 144, 175, 344, 174, 78, 0, 8, 182, 188, bus
83, 40, 59, 116, 53, 7, 132, 52, 18, 137, 145, 250, 157, 84, 12, 6, 177, 183, van
90, 40, 83, 178, 61, 8, 178, 37, 21, 132, 199, 472, 157, 71, 1, 14, 187, 193, opel
96, 43, 82, 161, 55, 5, 186, 34, 22, 141, 215, 534, 162, 75, 0, 6, 195, 196, bus
93, 39, 78, 164, 66, 8, 139, 48, 18, 140, 157, 290, 126, 64, 4, 7, 201, 208, van
88, 40, 79, 183, 62, 7, 176, 38, 21, 138, 200, 462, 150, 66, 0, 29, 189, 199, opel
97, 53, 105, 225, 71, 12, 221, 30, 25, 167, 226, 713, 202, 70, 3, 20, 186, 200, saab
84, 37, 70, 150, 61, 7, 137, 49, 18, 140, 156, 278, 121, 64, 0, 23, 196, 205, van
87, 42, 60, 116, 51, 6, 150, 46, 19, 141, 169, 324, 171, 85, 2, 14, 178, 182, bus
103, 56, 105, 183, 59, 10, 210, 32, 24, 173, 217, 648, 218, 72, 13, 22, 188, 196, opel
90, 49, 85, 141, 57, 11, 159, 43, 20, 167, 173, 365, 186, 75, 1, 11, 182, 192, van
80, 34, 42, 110, 57, 3, 114, 59, 17, 119, 131, 191, 121, 87, 4, 7, 179, 183, opel
92, 37, 75, 191, 71, 6, 161, 40, 20, 128, 180, 393, 135, 69, 1, 14, 195, 202, bus
85, 33, 50, 104, 53, 4, 115, 59, 17, 118, 136, 193, 127, 83, 1, 30, 179, 185, saab
88, 34, 69, 152, 57, 5, 138, 48, 18, 122, 158, 284, 120, 62, 9, 29, 204, 210, opel
92, 42, 69, 153, 58, 8, 140, 48, 18, 138, 165, 290, 151, 64, 10, 21, 199, 206, opel
83, 37, 49, 112, 55, 5, 122, 55, 17, 128, 144, 219, 146, 85, 8, 16, 180, 184, van
98, 39, 68, 136, 56, 8, 131, 52, 18, 144, 159, 251, 134, 72, 4, 10, 186, 187, van
108, 56, 103, 234, 73, 10, 221, 30, 25, 174, 232, 718, 214, 73, 8, 3, 187, 197, saab
96, 40, 100, 178, 58, 8, 181, 37, 21, 134, 205, 486, 160, 68, 5, 34, 192, 202, saab
83, 44, 70, 166, 69, 5, 143, 46, 18, 143, 166, 306, 170, 69, 7, 6, 188, 193, bus
88, 44, 71, 165, 70, 7, 144, 46, 19, 141, 167, 312, 172, 71, 4, 4, 188, 193, bus
98, 51, 84, 207, 72, 7, 184, 35, 21, 161, 199, 520, 198, 72, 9, 11, 196, 199, bus
90, 42, 63, 144, 59, 7, 131, 50, 18, 142, 154, 259, 162, 65, 15, 3, 197, 204, van
103, 49, 107, 179, 54, 12, 208, 32, 24, 159, 214, 644, 183, 66, 1, 12, 191, 200, opel
86, 44, 70, 140, 64, 6, 148, 45, 19, 145, 170, 322, 185, 82, 10, 1, 181, 183, bus
102, 52, 101, 213, 64, 10, 203, 33, 23, 157, 214, 616, 186, 65, 0, 19, 193, 203, opel
81, 38, 53, 123, 58, 6, 134, 51, 18, 128, 147, 259, 148, 83, 10, 6, 177, 184, opel
97, 41, 62, 133, 56, 7, 130, 52, 18, 143, 158, 247, 157, 78, 5, 7, 184, 186, van
96, 41, 69, 153, 56, 7, 141, 47, 18, 141, 162, 297, 169, 61, 11, 8, 202, 209, saab
97, 49, 76, 203, 73, 7, 178, 36, 21, 157, 194, 487, 186, 72, 0, 7, 197, 200, bus
91, 52, 98, 196, 62, 9, 193, 34, 22, 161, 216, 562, 244, 69, 3, 1, 190, 199, opel
84, 43, 76, 180, 75, 7, 155, 43, 19, 143, 180, 359, 173, 77, 5, 12, 185, 190, bus
96, 46, 88, 160, 64, 9, 151, 44, 19, 148, 173, 339, 182, 70, 15, 11, 192, 199, van
90, 38, 79, 185, 69, 6, 160, 40, 20, 130, 178, 393, 133, 66, 2, 14, 198, 205, bus
98, 55, 104, 213, 67, 9, 206, 32, 23, 167, 223, 629, 220, 72, 5, 19, 187, 196, saab
97, 41, 92, 197, 63, 10, 179, 37, 21, 140, 197, 481, 136, 63, 4, 3, 197, 204, opel
100, 47, 88, 190, 60, 10, 171, 38, 21, 155, 186, 440, 169, 59, 15, 18, 201, 210, saab
88, 35, 60, 143, 59, 7, 128, 52, 18, 129, 147, 246, 109, 62, 1, 6, 202, 209, van
90, 47, 85, 161, 64, 10, 163, 42, 20, 160, 177, 389, 185, 73, 9, 0, 185, 195, van
94, 46, 91, 175, 70, 12, 157, 43, 20, 155, 172, 358, 192, 69, 15, 21, 190, 200, van
85, 44, 66, 125, 58, 6, 148, 45, 19, 145, 170, 323, 185, 84, 8, 1, 180, 183, bus
103, 41, 83, 194, 63, 9, 175, 38, 21, 142, 199, 455, 138, 65, 7, 30, 197, 206, opel
97, 47, 88, 183, 60, 7, 197, 33, 23, 148, 214, 596, 201, 74, 8, 0, 192, 191, bus
92, 37, 80, 180, 67, 8, 154, 43, 19, 129, 180, 353, 144, 69, 6, 9, 190, 195, saab
86, 45, 70, 122, 56, 7, 148, 45, 19, 144, 170, 324, 186, 84, 9, 5, 180, 183, bus
89, 41, 76, 183, 73, 7, 157, 42, 19, 136, 181, 373, 153, 74, 8, 12, 191, 195, bus
110, 56, 109, 199, 57, 5, 251, 27, 27, 169, 272, 928, 268, 82, 11, 10, 183, 183, bus
99, 38, 74, 184, 66, 6, 164, 39, 20, 131, 193, 414, 137, 71, 2, 22, 200, 202, bus
85, 42, 66, 120, 53, 7, 149, 46, 19, 143, 169, 321, 160, 85, 10, 7, 180, 182, bus
105, 51, 105, 197, 60, 11, 191, 35, 22, 162, 207, 545, 194, 64, 18, 4, 196, 205, saab
94, 40, 85, 186, 62, 9, 169, 39, 20, 139, 184, 430, 133, 61, 2, 9, 200, 210, saab
90, 46, 75, 133, 55, 11, 160, 43, 20, 161, 173, 369, 171, 77, 0, 16, 182, 192, van
100, 43, 92, 197, 62, 10, 180, 36, 21, 143, 200, 489, 153, 64, 6, 9, 195, 205, saab
92, 41, 66, 125, 52, 7, 139, 50, 18, 143, 160, 275, 161, 81, 7, 19, 182, 184, van
83, 42, 71, 152, 64, 7, 149, 45, 19, 142, 172, 331, 158, 74, 2, 2, 184, 190, bus
106, 53, 98, 192, 58, 11, 217, 31, 24, 166, 228, 693, 191, 71, 11, 24, 188, 198, opel
108, 49, 103, 200, 62, 10, 206, 32, 23, 155, 227, 635, 215, 72, 6, 16, 189, 198, saab
93, 43, 78, 162, 64, 8, 137, 48, 18, 145, 156, 281, 159, 63, 17, 12, 203, 210, van
99, 52, 104, 177, 55, 10, 210, 32, 24, 166, 219, 657, 215, 73, 3, 2, 187, 194, opel
92, 35, 58, 136, 58, 6, 122, 55, 17, 132, 142, 222, 116, 64, 6, 17, 197, 203, van
95, 42, 96, 197, 65, 9, 178, 37, 21, 141, 199, 474, 149, 67, 1, 29, 193, 200, opel
102, 54, 98, 201, 61, 6, 225, 29, 25, 165, 246, 766, 231, 79, 9, 14, 188, 187, bus
107, 53, 108, 211, 63, 11, 219, 31, 25, 168, 228, 704, 198, 69, 10, 21, 190, 203, saab
94, 44, 70, 186, 72, 8, 153, 42, 19, 144, 171, 361, 178, 67, 7, 2, 199, 206, bus
100, 52, 109, 225, 68, 10, 222, 30, 25, 165, 241, 731, 207, 73, 7, 28, 188, 199, opel
104, 52, 110, 172, 53, 10, 219, 30, 25, 166, 235, 711, 218, 74, 10, 28, 188, 198, opel
104, 53, 101, 199, 65, 11, 213, 31, 24, 168, 216, 667, 221, 72, 12, 12, 187, 198, saab
105, 54, 108, 234, 70, 12, 215, 31, 24, 168, 226, 687, 228, 68, 4, 22, 189, 201, saab
94, 45, 85, 163, 68, 10, 157, 44, 20, 156, 170, 357, 176, 73, 17, 11, 187, 195, van
105, 46, 100, 195, 61, 9, 193, 34, 22, 150, 207, 557, 161, 65, 5, 9, 194, 202, opel
94, 45, 85, 160, 63, 10, 158, 43, 20, 157, 174, 367, 162, 68, 1, 6, 189, 199, van
85, 36, 72, 127, 56, 7, 127, 54, 18, 125, 144, 233, 123, 70, 3, 30, 184, 194, opel
101, 55, 107, 200, 61, 11, 225, 30, 25, 178, 228, 730, 204, 74, 8, 35, 187, 201, opel
103, 52, 103, 170, 52, 7, 236, 28, 26, 160, 254, 816, 250, 82, 3, 23, 183, 184, bus
102, 51, 104, 217, 67, 10, 204, 32, 23, 162, 220, 621, 195, 68, 3, 19, 188, 197, saab
109, 52, 104, 199, 60, 12, 215, 31, 24, 162, 220, 691, 212, 67, 11, 7, 189, 199, saab
87, 39, 74, 165, 66, 6, 145, 45, 19, 134, 173, 318, 139, 70, 3, 21, 195, 200, bus
90, 41, 78, 145, 55, 7, 138, 48, 18, 138, 161, 284, 158, 67, 0, 1, 192, 197, opel
98, 48, 101, 203, 65, 9, 197, 33, 23, 152, 216, 584, 174, 68, 2, 5, 189, 197, saab
80, 43, 68, 123, 53, 7, 150, 46, 19, 147, 169, 327, 176, 81, 7, 14, 179, 184, bus
95, 53, 95, 202, 65, 10, 193, 34, 22, 160, 220, 559, 237, 71, 3, 2, 188, 196, saab
91, 43, 72, 142, 56, 7, 149, 45, 19, 140, 168, 327, 165, 72, 13, 23, 186, 191, saab
84, 43, 70, 123, 54, 8, 151, 45, 19, 146, 173, 332, 176, 81, 1, 12, 181, 184, bus
98, 38, 78, 191, 65, 8, 169, 39, 20, 136, 197, 430, 141, 67, 9, 20, 192, 199, saab
88, 39, 70, 166, 66, 7, 148, 44, 19, 134, 167, 332, 143, 69, 5, 13, 193, 201, bus
91, 36, 83, 162, 61, 8, 142, 47, 19, 128, 163, 298, 137, 63, 0, 31, 193, 200, saab
80, 44, 68, 120, 53, 8, 151, 45, 19, 146, 170, 333, 190, 80, 4, 16, 180, 185, bus
92, 52, 93, 204, 67, 9, 189, 35, 22, 161, 214, 536, 240, 72, 2, 5, 188, 195, opel
97, 38, 75, 188, 68, 6, 171, 37, 20, 129, 199, 450, 137, 74, 2, 6, 197, 199, bus
96, 45, 101, 201, 66, 9, 192, 34, 22, 143, 218, 552, 195, 73, 3, 19, 189, 197, saab
106, 53, 98, 154, 47, 4, 237, 28, 26, 164, 263, 838, 222, 82, 4, 17, 185, 184, bus
87, 44, 98, 211, 70, 10, 189, 35, 22, 141, 214, 535, 178, 71, 2, 21, 187, 194, opel
85, 43, 66, 123, 56, 6, 148, 46, 19, 145, 166, 319, 171, 85, 6, 11, 179, 182, bus
107, 55, 103, 213, 68, 11, 219, 30, 25, 172, 221, 709, 216, 70, 10, 7, 187, 197, saab
115, 52, 100, 203, 62, 10, 217, 31, 24, 165, 229, 697, 214, 72, 14, 4, 188, 197, saab
90, 39, 85, 160, 59, 7, 163, 41, 20, 131, 189, 396, 158, 71, 7, 13, 186, 192, saab
100, 51, 104, 163, 52, 10, 206, 32, 23, 164, 217, 631, 193, 69, 5, 21, 188, 196, opel
85, 38, 63, 130, 55, 7, 122, 55, 17, 130, 137, 219, 144, 64, 20, 8, 195, 201, opel
111, 53, 108, 211, 61, 11, 207, 32, 23, 167, 217, 636, 216, 64, 21, 2, 196, 205, saab
103, 56, 100, 185, 59, 11, 216, 31, 24, 173, 219, 684, 219, 75, 15, 11, 186, 194, opel
84, 38, 60, 128, 56, 5, 132, 50, 18, 130, 148, 261, 141, 75, 8, 4, 185, 188, opel
89, 44, 80, 191, 66, 6, 162, 40, 20, 143, 189, 396, 180, 66, 13, 11, 194, 199, opel
104, 52, 101, 206, 62, 10, 198, 33, 23, 161, 207, 587, 204, 64, 2, 5, 195, 204, opel
88, 45, 82, 155, 56, 8, 154, 43, 19, 149, 180, 357, 170, 69, 3, 0, 188, 193, saab
103, 51, 105, 174, 56, 11, 210, 32, 24, 163, 222, 650, 222, 73, 8, 9, 187, 196, saab
79, 38, 55, 120, 55, 5, 142, 48, 19, 128, 153, 295, 145, 81, 4, 2, 180, 183, saab
97, 55, 103, 197, 63, 11, 215, 31, 24, 172, 219, 677, 219, 75, 5, 24, 185, 194, opel
83, 39, 69, 127, 54, 5, 135, 49, 18, 131, 155, 274, 162, 69, 16, 6, 187, 190, opel
104, 53, 108, 204, 64, 11, 220, 31, 25, 172, 226, 707, 203, 71, 14, 30, 189, 203, saab
95, 43, 96, 202, 65, 10, 189, 35, 22, 143, 217, 534, 166, 71, 6, 27, 190, 197, opel
93, 42, 98, 192, 63, 9, 185, 36, 22, 138, 206, 508, 173, 70, 10, 21, 189, 197, saab
87, 38, 71, 123, 53, 8, 137, 49, 18, 127, 158, 277, 145, 75, 0, 9, 181, 186, saab
104, 56, 96, 231, 74, 11, 220, 30, 25, 172, 223, 713, 218, 73, 6, 16, 186, 195, opel
105, 54, 105, 213, 67, 10, 200, 33, 23, 163, 214, 597, 214, 68, 10, 20, 190, 198, opel
106, 55, 96, 196, 60, 12, 221, 30, 25, 173, 225, 717, 214, 72, 9, 13, 186, 196, opel
86, 39, 84, 149, 57, 8, 156, 43, 20, 133, 185, 358, 157, 74, 0, 23, 183, 190, opel
95, 49, 92, 193, 62, 10, 178, 37, 21, 154, 200, 478, 171, 64, 2, 0, 198, 206, opel
99, 57, 100, 177, 54, 13, 224, 30, 25, 188, 223, 726, 213, 72, 4, 7, 185, 198, opel
108, 49, 109, 204, 61, 11, 212, 31, 24, 159, 229, 665, 215, 71, 16, 11, 190, 199, saab
92, 46, 83, 154, 56, 6, 160, 41, 20, 148, 185, 382, 184, 71, 10, 5, 186, 191, saab
82, 36, 51, 114, 53, 4, 135, 50, 18, 126, 150, 268, 144, 86, 15, 4, 181, 182, saab
94, 46, 77, 169, 60, 8, 158, 42, 20, 148, 181, 373, 181, 67, 12, 2, 193, 199, saab
93, 34, 66, 140, 56, 7, 130, 51, 18, 120, 151, 251, 114, 62, 5, 29, 201, 207, opel
93, 39, 87, 183, 64, 8, 169, 40, 20, 134, 200, 422, 149, 72, 7, 25, 188, 195, saab
106, 54, 101, 222, 67, 12, 222, 30, 25, 173, 228, 721, 200, 70, 3, 4, 187, 201, saab
86, 36, 78, 146, 58, 7, 135, 50, 18, 124, 155, 270, 148, 66, 0, 25, 190, 195, saab
