@relation vehicle
@attribute COMPACTNESS integer [73, 119]
@attribute CIRCULARITY integer [33, 59]
@attribute DISTANCECIRCULARITY integer [40, 112]
@attribute RADIUSRATIO integer [104, 333]
@attribute PRAXISASPECTRATIO integer [47, 138]
@attribute MAXLENGTHASPECTRATIO integer [2, 55]
@attribute SCATTERRATIO integer [112, 265]
@attribute ELONGATEDNESS integer [26, 61]
@attribute PRAXISRECTANGULAR integer [17, 29]
@attribute LENGTHRECTANGULAR integer [118, 188]
@attribute MAJORVARIANCE integer [130, 320]
@attribute MINORVARIANCE integer [184, 1018]
@attribute GYRATIONRADIUS integer [109, 268]
@attribute MAJORSKEWNESS integer [59, 135]
@attribute MINORSKEWNESS integer [0, 22]
@attribute MINORKURTOSIS integer [0, 41]
@attribute MAJORKURTOSIS integer [176, 206]
@attribute HOLLOWSRATIO integer [181, 211]
@attribute class {van, saab, bus, opel}
@inputs COMPACTNESS, CIRCULARITY, DISTANCECIRCULARITY, RADIUSRATIO, PRAXISASPECTRATIO, MAXLENGTHASPECTRATIO, SCATTERRATIO, ELONGATEDNESS, PRAXISRECTANGULAR, LENGTHRECTANGULAR, MAJORVARIANCE, MINORVARIANCE, GYRATIONRADIUS, MAJORSKEWNESS, MINORSKEWNESS, MINORKURTOSIS, MAJORKURTOSIS, HOLLOWSRATIO
@outputs class
@data
95, 48, 83, 178, 72, 10, 162, 42, 20, 159, 176, 379, 184, 70, 6, 16, 187, 197, van
107, 57, 106, 172, 50, 6, 255, 26, 28, 169, 280, 957, 264, 85, 5, 9, 181, 183, bus
89, 42, 85, 144, 58, 10, 152, 44, 19, 144, 173, 345, 161, 72, 8, 13, 187, 197, van
85, 45, 80, 154, 64, 9, 147, 45, 19, 148, 169, 324, 174, 71, 1, 4, 188, 199, van
107, 54, 98, 203, 65, 11, 218, 31, 25, 167, 229, 696, 216, 72, 1, 28, 187, 199, saab
100, 46, 90, 172, 67, 9, 157, 43, 20, 150, 170, 363, 184, 67, 17, 7, 192, 200, van
89, 47, 81, 147, 64, 11, 156, 44, 20, 163, 170, 352, 188, 76, 6, 13, 184, 193, van
101, 42, 62, 175, 67, 6, 149, 43, 19, 139, 169, 341, 165, 65, 7, 11, 202, 209, bus
86, 40, 62, 140, 62, 7, 150, 45, 19, 133, 165, 330, 173, 82, 2, 3, 180, 185, saab
104, 52, 94, 208, 66, 5, 208, 31, 24, 161, 227, 666, 218, 76, 11, 4, 193, 191, bus
99, 51, 92, 203, 65, 5, 209, 31, 24, 159, 232, 671, 214, 78, 5, 11, 191, 189, bus
110, 58, 106, 180, 51, 6, 261, 26, 28, 171, 278, 998, 257, 83, 9, 13, 181, 182, bus
89, 47, 83, 322, 133, 48, 158, 43, 20, 163, 229, 364, 176, 97, 0, 14, 184, 194, van
90, 37, 80, 171, 58, 9, 157, 42, 20, 132, 172, 373, 115, 60, 3, 18, 201, 209, saab
104, 50, 96, 211, 65, 10, 187, 35, 22, 156, 207, 527, 195, 65, 3, 7, 195, 206, saab
94, 44, 84, 216, 74, 6, 184, 35, 22, 145, 208, 525, 154, 73, 4, 22, 196, 197, bus
82, 38, 53, 125, 59, 5, 133, 51, 18, 128, 152, 259, 146, 87, 0, 0, 177, 183, opel
92, 36, 78, 165, 57, 8, 153, 43, 19, 128, 169, 349, 124, 60, 4, 19, 203, 211, saab
110, 51, 104, 191, 57, 12, 213, 31, 24, 162, 226, 674, 190, 68, 18, 2, 191, 199, saab
98, 38, 70, 125, 52, 8, 130, 53, 18, 139, 157, 243, 132, 74, 0, 13, 186, 185, van
100, 41, 75, 205, 71, 5, 176, 36, 21, 138, 204, 479, 151, 72, 7, 19, 197, 197, bus
92, 37, 86, 167, 60, 7, 158, 42, 20, 131, 181, 373, 144, 68, 9, 21, 190, 196, saab
86, 37, 69, 150, 63, 8, 138, 48, 18, 134, 163, 284, 124, 71, 1, 6, 189, 195, van
93, 41, 79, 159, 63, 8, 144, 46, 19, 150, 165, 309, 134, 67, 4, 9, 195, 203, van
85, 42, 59, 132, 58, 7, 149, 46, 19, 144, 166, 320, 172, 83, 8, 4, 179, 182, bus
95, 38, 66, 126, 52, 8, 133, 52, 18, 140, 158, 253, 140, 78, 11, 8, 184, 183, van
92, 43, 69, 158, 56, 7, 149, 44, 19, 143, 170, 333, 168, 63, 14, 18, 198, 203, opel
82, 43, 73, 154, 65, 7, 151, 44, 19, 143, 178, 341, 160, 76, 5, 11, 185, 189, bus
88, 43, 84, 136, 55, 11, 154, 44, 19, 150, 174, 350, 164, 73, 6, 2, 185, 196, van
88, 37, 57, 132, 62, 6, 135, 50, 18, 125, 151, 265, 144, 83, 16, 16, 180, 184, saab
87, 42, 76, 159, 65, 5, 155, 42, 19, 138, 184, 362, 157, 76, 6, 12, 189, 193, bus
90, 38, 75, 164, 64, 7, 151, 43, 19, 131, 168, 345, 139, 66, 0, 0, 195, 204, bus
98, 40, 77, 171, 61, 6, 172, 37, 21, 139, 197, 457, 141, 72, 4, 17, 199, 201, bus
89, 36, 68, 149, 60, 8, 133, 50, 18, 134, 153, 265, 119, 62, 6, 18, 201, 209, van
107, 52, 103, 186, 57, 11, 214, 31, 24, 162, 217, 676, 189, 66, 6, 5, 189, 198, opel
98, 51, 96, 203, 66, 10, 188, 35, 22, 157, 207, 533, 231, 68, 10, 1, 191, 199, saab
98, 50, 90, 192, 63, 9, 177, 37, 21, 155, 195, 472, 197, 65, 10, 1, 193, 201, saab
109, 49, 109, 193, 59, 10, 207, 32, 24, 156, 225, 635, 213, 70, 13, 31, 191, 202, saab
82, 37, 59, 134, 63, 7, 135, 51, 18, 128, 151, 264, 143, 82, 11, 24, 179, 185, saab
80, 39, 60, 122, 56, 6, 139, 49, 18, 131, 151, 281, 142, 80, 0, 5, 179, 186, opel
100, 57, 107, 207, 63, 11, 227, 30, 25, 180, 234, 756, 205, 72, 6, 19, 186, 198, opel
108, 57, 106, 177, 51, 5, 256, 26, 28, 170, 285, 966, 261, 87, 11, 2, 182, 181, bus
88, 40, 73, 173, 68, 7, 150, 44, 19, 137, 174, 341, 151, 69, 2, 20, 196, 200, bus
80, 43, 71, 133, 60, 7, 150, 45, 19, 146, 170, 330, 176, 81, 6, 15, 180, 184, bus
86, 38, 89, 176, 59, 9, 169, 39, 20, 132, 190, 428, 148, 67, 7, 33, 193, 202, opel
112, 50, 104, 197, 58, 11, 208, 32, 24, 159, 223, 639, 186, 67, 15, 22, 191, 202, saab
98, 47, 109, 202, 59, 11, 199, 34, 23, 154, 207, 586, 165, 61, 1, 33, 194, 208, saab
92, 38, 74, 178, 62, 9, 161, 41, 20, 135, 181, 388, 132, 63, 7, 29, 197, 206, opel
92, 40, 62, 144, 59, 8, 127, 52, 17, 139, 149, 241, 150, 62, 13, 1, 204, 210, van
86, 36, 66, 128, 57, 8, 131, 52, 18, 127, 148, 252, 139, 76, 5, 27, 183, 187, opel
97, 46, 94, 209, 67, 10, 195, 34, 22, 147, 224, 573, 194, 70, 0, 14, 188, 197, opel
101, 51, 112, 201, 59, 11, 214, 32, 24, 162, 223, 667, 194, 65, 0, 36, 190, 206, saab
89, 38, 74, 138, 59, 7, 136, 49, 18, 133, 167, 278, 128, 72, 7, 7, 189, 193, van
89, 41, 63, 134, 59, 6, 123, 55, 17, 137, 148, 223, 150, 76, 12, 3, 186, 188, van
92, 45, 74, 187, 74, 7, 157, 41, 19, 143, 179, 375, 183, 70, 8, 6, 195, 201, bus
88, 34, 58, 140, 59, 6, 127, 52, 18, 130, 148, 243, 113, 63, 4, 10, 199, 206, van
88, 44, 70, 151, 61, 8, 143, 46, 18, 143, 163, 311, 173, 68, 7, 8, 196, 203, bus
107, 51, 103, 182, 56, 11, 213, 31, 24, 162, 226, 673, 217, 72, 2, 4, 188, 198, saab
86, 45, 66, 126, 57, 8, 148, 46, 19, 145, 170, 321, 186, 86, 0, 7, 179, 182, bus
105, 55, 96, 181, 56, 9, 219, 30, 25, 175, 231, 713, 216, 74, 4, 5, 187, 194, opel
99, 54, 100, 199, 62, 9, 200, 33, 23, 166, 222, 600, 241, 70, 2, 7, 189, 198, opel
89, 38, 78, 153, 61, 7, 146, 46, 19, 127, 166, 314, 142, 69, 0, 9, 187, 194, opel
104, 55, 105, 223, 70, 10, 223, 30, 25, 177, 237, 737, 218, 75, 14, 11, 188, 196, opel
93, 39, 63, 146, 58, 7, 128, 52, 18, 134, 149, 246, 158, 63, 9, 7, 198, 204, saab
84, 36, 75, 136, 55, 6, 140, 48, 18, 125, 166, 290, 138, 71, 4, 36, 189, 195, saab
98, 51, 84, 207, 72, 7, 184, 35, 21, 161, 199, 520, 198, 72, 9, 11, 196, 199, bus
103, 49, 107, 179, 54, 12, 208, 32, 24, 159, 214, 644, 183, 66, 1, 12, 191, 200, opel
108, 55, 105, 230, 68, 11, 218, 30, 24, 171, 228, 709, 210, 69, 14, 4, 190, 197, opel
91, 52, 98, 196, 62, 9, 193, 34, 22, 161, 216, 562, 244, 69, 3, 1, 190, 199, opel
90, 38, 79, 185, 69, 6, 160, 40, 20, 130, 178, 393, 133, 66, 2, 14, 198, 205, bus
110, 46, 100, 197, 61, 9, 193, 34, 22, 149, 209, 561, 160, 65, 11, 7, 194, 203, saab
90, 46, 75, 133, 55, 11, 160, 43, 20, 161, 173, 369, 171, 77, 0, 16, 182, 192, van
93, 47, 83, 165, 60, 7, 167, 40, 20, 147, 197, 417, 201, 73, 12, 4, 187, 192, opel
93, 43, 78, 162, 64, 8, 137, 48, 18, 145, 156, 281, 159, 63, 17, 12, 203, 210, van
105, 46, 100, 195, 61, 9, 193, 34, 22, 150, 207, 557, 161, 65, 5, 9, 194, 202, opel
91, 37, 76, 138, 55, 8, 132, 51, 18, 135, 157, 256, 124, 69, 0, 12, 191, 192, van
96, 44, 68, 190, 70, 7, 155, 41, 19, 145, 179, 372, 166, 67, 5, 7, 202, 206, bus
115, 51, 100, 201, 60, 12, 196, 34, 23, 162, 207, 573, 184, 62, 22, 1, 198, 208, saab
103, 53, 106, 172, 55, 10, 212, 32, 24, 168, 220, 660, 223, 73, 16, 24, 187, 197, saab
84, 43, 70, 123, 54, 8, 151, 45, 19, 146, 173, 332, 176, 81, 1, 12, 181, 184, bus
94, 37, 72, 146, 60, 9, 133, 50, 18, 135, 161, 262, 128, 69, 2, 7, 192, 195, van
100, 51, 104, 163, 52, 10, 206, 32, 23, 164, 217, 631, 193, 69, 5, 21, 188, 196, opel
89, 44, 80, 191, 66, 6, 162, 40, 20, 143, 189, 396, 180, 66, 13, 11, 194, 199, opel
105, 54, 105, 213, 67, 10, 200, 33, 23, 163, 214, 597, 214, 68, 10, 20, 190, 198, opel
