@relation vehicle
@attribute COMPACTNESS integer [73, 119]
@attribute CIRCULARITY integer [33, 59]
@attribute DISTANCECIRCULARITY integer [40, 112]
@attribute RADIUSRATIO integer [104, 333]
@attribute PRAXISASPECTRATIO integer [47, 138]
@attribute MAXLENGTHASPECTRATIO integer [2, 55]
@attribute SCATTERRATIO integer [112, 265]
@attribute ELONGATEDNESS integer [26, 61]
@attribute PRAXISRECTANGULAR integer [17, 29]
@attribute LENGTHRECTANGULAR integer [118, 188]
@attribute MAJORVARIANCE integer [130, 320]
@attribute MINORVARIANCE integer [184, 1018]
@attribute GYRATIONRADIUS integer [109, 268]
@attribute MAJORSKEWNESS integer [59, 135]
@attribute MINORSKEWNESS integer [0, 22]
@attribute MINORKURTOSIS integer [0, 41]
@attribute MAJORKURTOSIS integer [176, 206]
@attribute HOLLOWSRATIO integer [181, 211]
@attribute class {van, saab, bus, opel}
@inputs COMPACTNESS, CIRCULARITY, DISTANCECIRCULARITY, RADIUSRATIO, PRAXISASPECTRATIO, MAXLENGTHASPECTRATIO, SCATTERRATIO, ELONGATEDNESS, PRAXISRECTANGULAR, LENGTHRECTANGULAR, MAJORVARIANCE, MINORVARIANCE, GYRATIONRADIUS, MAJORSKEWNESS, MINORSKEWNESS, MINORKURTOSIS, MAJORKURTOSIS, HOLLOWSRATIO
@outputs class
@data
85, 44, 70, 205, 103, 52, 149, 45, 19, 144, 241, 325, 188, 127, 9, 11, 180, 183, bus
90, 34, 66, 136, 55, 6, 123, 54, 17, 118, 148, 224, 118, 65, 5, 26, 196, 202, saab
81, 45, 68, 169, 73, 6, 151, 44, 19, 146, 173, 336, 186, 75, 7, 0, 183, 189, bus
88, 37, 51, 105, 52, 5, 119, 57, 17, 128, 135, 207, 125, 86, 8, 16, 179, 183, van
94, 36, 66, 151, 61, 8, 133, 50, 18, 135, 154, 265, 119, 62, 9, 3, 201, 208, van
89, 44, 68, 113, 50, 7, 150, 45, 19, 147, 171, 328, 189, 88, 6, 5, 179, 182, bus
102, 54, 100, 163, 53, 10, 213, 31, 24, 173, 219, 669, 201, 76, 12, 27, 187, 195, opel
93, 35, 72, 172, 62, 7, 149, 44, 19, 124, 169, 334, 125, 62, 5, 30, 203, 210, opel
85, 40, 72, 139, 59, 5, 132, 50, 18, 135, 159, 260, 150, 68, 3, 9, 191, 195, saab
96, 49, 98, 187, 59, 6, 213, 31, 24, 152, 228, 680, 210, 77, 8, 28, 188, 189, bus
89, 44, 72, 160, 66, 7, 144, 46, 19, 147, 166, 312, 169, 69, 11, 1, 191, 198, bus
91, 42, 81, 193, 69, 5, 169, 38, 20, 137, 184, 434, 156, 68, 3, 23, 198, 204, bus
98, 45, 76, 166, 60, 7, 157, 42, 20, 148, 184, 371, 186, 69, 13, 10, 190, 196, opel
93, 43, 76, 149, 57, 7, 149, 44, 19, 143, 172, 335, 176, 69, 14, 0, 189, 194, saab
82, 44, 72, 136, 61, 7, 147, 46, 19, 143, 173, 317, 183, 81, 6, 17, 181, 185, bus
86, 46, 70, 149, 65, 8, 149, 45, 19, 146, 170, 331, 185, 77, 6, 6, 183, 188, bus
104, 57, 103, 216, 69, 11, 219, 30, 25, 176, 228, 708, 219, 73, 4, 3, 186, 196, opel
91, 39, 83, 176, 59, 7, 169, 39, 20, 132, 190, 426, 142, 67, 0, 24, 192, 199, saab
99, 48, 104, 196, 63, 10, 201, 33, 23, 152, 221, 604, 199, 73, 8, 4, 188, 197, saab
98, 58, 101, 208, 65, 12, 226, 30, 25, 182, 225, 748, 216, 71, 6, 1, 185, 196, opel
96, 45, 80, 162, 63, 9, 146, 46, 19, 148, 161, 316, 161, 64, 5, 10, 199, 207, van
86, 46, 73, 125, 57, 6, 151, 45, 19, 147, 170, 334, 188, 82, 9, 11, 180, 184, bus
93, 43, 78, 166, 59, 7, 151, 44, 19, 141, 182, 342, 174, 68, 15, 2, 193, 197, opel
86, 45, 73, 152, 63, 6, 149, 44, 19, 145, 170, 335, 176, 71, 6, 1, 189, 196, bus
102, 51, 92, 194, 60, 6, 220, 30, 25, 162, 247, 731, 209, 80, 7, 7, 188, 186, bus
99, 57, 109, 220, 66, 11, 221, 30, 25, 176, 234, 725, 236, 70, 10, 25, 188, 200, opel
83, 37, 54, 131, 61, 4, 135, 50, 18, 127, 152, 271, 141, 85, 3, 6, 180, 183, saab
95, 44, 84, 158, 62, 10, 145, 46, 19, 148, 163, 312, 166, 64, 10, 6, 199, 206, van
89, 40, 69, 147, 58, 6, 132, 50, 18, 137, 155, 260, 151, 61, 16, 6, 203, 209, opel
108, 54, 105, 203, 62, 11, 202, 33, 23, 164, 216, 608, 235, 68, 12, 3, 190, 200, saab
97, 45, 72, 187, 71, 5, 161, 40, 20, 144, 178, 399, 186, 70, 7, 7, 196, 203, bus
105, 56, 98, 209, 64, 11, 217, 31, 24, 173, 225, 696, 216, 72, 2, 19, 188, 199, opel
81, 46, 71, 141, 61, 7, 153, 44, 19, 148, 177, 347, 190, 80, 1, 14, 182, 187, bus
94, 49, 87, 159, 64, 10, 157, 43, 20, 158, 179, 363, 203, 75, 4, 0, 183, 194, van
86, 42, 65, 113, 50, 8, 152, 45, 19, 141, 169, 332, 171, 85, 4, 16, 179, 183, bus
90, 34, 66, 158, 59, 7, 140, 47, 18, 124, 165, 298, 117, 61, 1, 3, 201, 207, saab
102, 53, 101, 238, 72, 4, 238, 28, 26, 163, 267, 844, 242, 85, 7, 22, 184, 184, bus
95, 57, 104, 228, 74, 10, 212, 31, 24, 175, 224, 670, 223, 74, 0, 4, 186, 193, opel
106, 52, 101, 213, 64, 11, 201, 33, 23, 158, 214, 607, 204, 65, 2, 4, 192, 204, saab
103, 57, 105, 221, 69, 11, 218, 30, 24, 173, 226, 706, 250, 73, 10, 2, 187, 195, opel
86, 42, 64, 122, 54, 6, 148, 46, 19, 143, 170, 319, 171, 87, 1, 3, 179, 182, bus
94, 43, 82, 136, 54, 10, 155, 43, 19, 149, 176, 359, 161, 74, 1, 6, 186, 197, van
93, 35, 78, 162, 60, 8, 150, 45, 19, 125, 172, 331, 137, 67, 2, 33, 191, 198, opel
76, 38, 58, 125, 58, 5, 133, 51, 18, 127, 152, 259, 145, 87, 0, 21, 177, 184, opel
89, 36, 69, 162, 63, 6, 140, 48, 18, 131, 164, 291, 126, 66, 1, 38, 193, 204, saab
90, 43, 81, 231, 97, 46, 150, 45, 19, 149, 200, 332, 164, 91, 5, 9, 186, 196, van
105, 52, 107, 207, 60, 11, 218, 31, 24, 167, 221, 701, 197, 66, 0, 20, 191, 203, opel
92, 45, 76, 162, 57, 7, 159, 41, 20, 147, 184, 381, 177, 69, 8, 10, 190, 195, saab
88, 48, 90, 178, 60, 8, 175, 38, 21, 152, 200, 460, 198, 68, 13, 16, 192, 199, saab
93, 39, 86, 180, 59, 9, 167, 39, 20, 134, 186, 418, 129, 63, 6, 17, 197, 204, saab
79, 39, 72, 127, 53, 9, 142, 48, 19, 135, 165, 295, 144, 77, 7, 21, 181, 189, opel
87, 49, 86, 190, 64, 9, 177, 37, 21, 153, 197, 471, 209, 67, 11, 7, 192, 199, opel
101, 56, 101, 231, 72, 10, 217, 31, 24, 171, 232, 698, 216, 72, 2, 6, 187, 197, saab
98, 35, 70, 182, 68, 5, 155, 41, 19, 124, 184, 371, 117, 71, 3, 22, 202, 205, bus
108, 54, 103, 212, 65, 11, 208, 32, 24, 162, 228, 648, 240, 71, 9, 0, 189, 197, saab
89, 50, 83, 195, 65, 6, 178, 37, 21, 156, 207, 481, 210, 71, 1, 6, 189, 194, opel
100, 51, 109, 231, 70, 11, 220, 30, 25, 163, 238, 722, 206, 73, 11, 19, 189, 198, opel
97, 53, 105, 225, 71, 12, 221, 30, 25, 167, 226, 713, 202, 70, 3, 20, 186, 200, saab
103, 56, 105, 183, 59, 10, 210, 32, 24, 173, 217, 648, 218, 72, 13, 22, 188, 196, opel
90, 49, 85, 141, 57, 11, 159, 43, 20, 167, 173, 365, 186, 75, 1, 11, 182, 192, van
97, 55, 96, 170, 54, 10, 216, 31, 24, 173, 219, 685, 218, 75, 0, 4, 184, 193, opel
96, 40, 100, 178, 58, 8, 181, 37, 21, 134, 205, 486, 160, 68, 5, 34, 192, 202, saab
104, 53, 101, 190, 63, 10, 213, 32, 24, 166, 218, 664, 202, 74, 13, 21, 188, 198, saab
84, 43, 76, 180, 75, 7, 155, 43, 19, 143, 180, 359, 173, 77, 5, 12, 185, 190, bus
89, 45, 85, 149, 59, 11, 158, 43, 20, 158, 177, 362, 173, 75, 12, 16, 183, 193, van
95, 51, 96, 196, 63, 9, 190, 35, 22, 161, 208, 543, 235, 68, 13, 0, 191, 198, opel
90, 46, 73, 137, 58, 11, 161, 43, 20, 158, 170, 373, 186, 76, 0, 9, 182, 193, van
92, 41, 66, 125, 52, 7, 139, 50, 18, 143, 160, 275, 161, 81, 7, 19, 182, 184, van
92, 35, 58, 136, 58, 6, 122, 55, 17, 132, 142, 222, 116, 64, 6, 17, 197, 203, van
94, 49, 82, 137, 56, 10, 159, 43, 20, 160, 176, 367, 186, 76, 10, 7, 183, 192, van
94, 45, 85, 160, 63, 10, 158, 43, 20, 157, 174, 367, 162, 68, 1, 6, 189, 199, van
103, 52, 103, 170, 52, 7, 236, 28, 26, 160, 254, 816, 250, 82, 3, 23, 183, 184, bus
91, 42, 66, 142, 58, 9, 134, 50, 18, 142, 163, 268, 164, 69, 6, 5, 191, 197, van
85, 36, 51, 115, 56, 5, 119, 57, 17, 124, 139, 207, 127, 81, 13, 5, 181, 184, van
100, 36, 73, 199, 73, 6, 162, 40, 20, 127, 189, 401, 125, 72, 6, 19, 200, 204, bus
91, 36, 72, 162, 60, 8, 150, 44, 19, 133, 166, 334, 121, 63, 2, 22, 196, 205, saab
91, 41, 64, 148, 61, 8, 129, 51, 18, 142, 161, 249, 153, 68, 6, 12, 194, 201, van
91, 36, 83, 162, 61, 8, 142, 47, 19, 128, 163, 298, 137, 63, 0, 31, 193, 200, saab
93, 37, 70, 126, 52, 9, 127, 53, 18, 137, 156, 238, 119, 71, 2, 13, 191, 190, van
98, 46, 88, 191, 63, 6, 192, 34, 22, 147, 215, 563, 174, 73, 2, 26, 194, 197, bus
104, 53, 108, 204, 64, 11, 220, 31, 25, 172, 226, 707, 203, 71, 14, 30, 189, 203, saab
93, 42, 98, 192, 63, 9, 185, 36, 22, 138, 206, 508, 173, 70, 10, 21, 189, 197, saab
104, 56, 96, 231, 74, 11, 220, 30, 25, 172, 223, 713, 218, 73, 6, 16, 186, 195, opel
89, 42, 66, 125, 53, 7, 131, 51, 18, 144, 162, 254, 162, 73, 10, 17, 188, 191, van
87, 45, 66, 139, 58, 8, 140, 47, 18, 148, 168, 294, 175, 73, 3, 12, 188, 196, van
