@relation unknow
@attribute at1 real [11.0, 14.9]
@attribute at2 real [0.7, 5.8]
@attribute at3 real [1.3, 3.3]
@attribute at4 real [10.6, 30.0]
@attribute at5 real [70.0, 162.0]
@attribute at6 real [0.9, 3.9]
@attribute at7 real [0.3, 5.1]
@attribute at8 real [0.1, 0.7]
@attribute at9 real [0.4, 3.6]
@attribute at10 real [1.2, 13.0]
@attribute at11 real [0.4, 1.8]
@attribute at12 real [1.2, 4.0]
@attribute at13 real [278.0, 1680.0]
@attribute class {1, 2, 3}
@inputs at1, at2, at3, at4, at5, at6, at7, at8, at9, at10, at11, at12, at13
@outputs class
@data
14.2, 1.76, 2.45, 15.2, 112.0, 3.27, 3.39, 0.34, 1.97, 6.75, 1.05, 2.85, 1450.0, 1
14.06, 2.15, 2.61, 17.6, 121.0, 2.6, 2.51, 0.31, 1.25, 5.05, 1.06, 3.58, 1295.0, 1
14.83, 1.64, 2.17, 14.0, 97.0, 2.8, 2.98, 0.29, 1.98, 5.2, 1.08, 2.85, 1045.0, 1
13.86, 1.35, 2.27, 16.0, 98.0, 2.98, 3.15, 0.22, 1.85, 7.22, 1.01, 3.55, 1045.0, 1
14.12, 1.48, 2.32, 16.8, 95.0, 2.2, 2.43, 0.26, 1.57, 5.0, 1.17, 2.82, 1280.0, 1
13.75, 1.73, 2.41, 16.0, 89.0, 2.6, 2.76, 0.29, 1.81, 5.6, 1.15, 2.9, 1320.0, 1
14.38, 1.87, 2.38, 12.0, 102.0, 3.3, 3.64, 0.29, 2.96, 7.5, 1.2, 3.0, 1547.0, 1
13.63, 1.81, 2.7, 17.2, 112.0, 2.85, 2.91, 0.3, 1.46, 7.3, 1.28, 2.88, 1310.0, 1
13.83, 1.57, 2.62, 20.0, 115.0, 2.95, 3.4, 0.4, 1.72, 6.6, 1.13, 2.57, 1130.0, 1
14.06, 1.63, 2.28, 16.0, 126.0, 3.0, 3.17, 0.24, 2.1, 5.65, 1.09, 3.71, 780.0, 1
12.85, 1.6, 2.52, 17.8, 95.0, 2.48, 2.37, 0.26, 1.46, 3.93, 1.09, 3.63, 1015.0, 1
13.39, 1.77, 2.62, 16.1, 93.0, 2.85, 2.94, 0.34, 1.45, 4.8, 0.92, 3.22, 1195.0, 1
13.87, 1.9, 2.8, 19.4, 107.0, 2.95, 2.97, 0.37, 1.76, 4.5, 1.25, 3.4, 915.0, 1
14.02, 1.68, 2.21, 16.0, 96.0, 2.65, 2.33, 0.26, 1.98, 4.7, 1.04, 3.59, 1035.0, 1
13.58, 1.66, 2.36, 19.1, 106.0, 2.86, 3.19, 0.22, 1.95, 6.9, 1.09, 2.88, 1515.0, 1
13.88, 1.89, 2.59, 15.0, 101.0, 3.25, 3.56, 0.17, 1.7, 5.43, 0.88, 3.56, 1095.0, 1
13.24, 3.98, 2.29, 17.5, 103.0, 2.64, 2.63, 0.32, 1.66, 4.36, 0.82, 3.0, 680.0, 1
13.05, 1.77, 2.1, 17.0, 107.0, 3.0, 3.0, 0.28, 2.03, 5.04, 0.88, 3.35, 885.0, 1
14.21, 4.04, 2.44, 18.9, 111.0, 2.85, 2.65, 0.3, 1.25, 5.24, 0.87, 3.33, 1080.0, 1
13.83, 1.65, 2.6, 17.2, 94.0, 2.45, 2.99, 0.22, 2.29, 5.6, 1.24, 3.37, 1265.0, 1
13.56, 1.73, 2.46, 20.5, 116.0, 2.96, 2.78, 0.2, 2.45, 6.25, 0.98, 3.03, 1120.0, 1
13.29, 1.97, 2.68, 16.8, 102.0, 3.0, 3.23, 0.31, 1.66, 6.0, 1.07, 2.84, 1270.0, 1
13.72, 1.43, 2.5, 16.7, 108.0, 3.4, 3.67, 0.19, 2.04, 6.8, 0.89, 2.87, 1285.0, 1
12.33, 1.1, 2.28, 16.0, 101.0, 2.05, 1.09, 0.63, 0.41, 3.27, 1.25, 1.67, 680.0, 2
12.64, 1.36, 2.02, 16.8, 100.0, 2.02, 1.41, 0.53, 0.62, 5.75, 0.98, 1.59, 450.0, 2
13.67, 1.25, 1.92, 18.0, 94.0, 2.1, 1.79, 0.32, 0.73, 3.8, 1.23, 2.46, 630.0, 2
12.37, 1.21, 2.56, 18.1, 98.0, 2.42, 2.65, 0.37, 2.08, 4.6, 1.19, 2.3, 678.0, 2
12.37, 1.17, 1.92, 19.6, 78.0, 2.11, 2.0, 0.27, 1.04, 4.68, 1.12, 3.48, 510.0, 2
12.29, 1.61, 2.21, 20.4, 103.0, 1.1, 1.02, 0.37, 1.46, 3.05, 0.906, 1.82, 870.0, 2
11.66, 1.88, 1.92, 16.0, 97.0, 1.61, 1.57, 0.34, 1.15, 3.8, 1.23, 2.14, 428.0, 2
11.84, 2.89, 2.23, 18.0, 112.0, 1.72, 1.32, 0.43, 0.95, 2.65, 0.96, 2.52, 500.0, 2
12.33, 0.99, 1.95, 14.8, 136.0, 1.9, 1.85, 0.35, 2.76, 3.4, 1.06, 2.31, 750.0, 2
12.72, 1.81, 2.2, 18.8, 86.0, 2.2, 2.53, 0.26, 1.77, 3.9, 1.16, 3.14, 714.0, 2
11.84, 0.89, 2.58, 18.0, 94.0, 2.2, 2.21, 0.22, 2.35, 3.05, 0.79, 3.08, 520.0, 2
12.67, 0.98, 2.24, 18.0, 99.0, 2.2, 1.94, 0.3, 1.46, 2.62, 1.23, 3.16, 450.0, 2
11.64, 2.06, 2.46, 21.6, 84.0, 1.95, 1.69, 0.48, 1.35, 2.8, 1.0, 2.75, 680.0, 2
12.08, 1.83, 2.32, 18.5, 81.0, 1.6, 1.5, 0.52, 1.64, 2.4, 1.08, 2.27, 480.0, 2
12.0, 1.51, 2.42, 22.0, 86.0, 1.45, 1.25, 0.5, 1.63, 3.6, 1.05, 2.65, 450.0, 2
12.29, 2.83, 2.22, 18.0, 88.0, 2.45, 2.25, 0.25, 1.99, 2.15, 1.15, 3.3, 290.0, 2
11.62, 1.99, 2.28, 18.0, 98.0, 3.02, 2.26, 0.17, 1.35, 3.25, 1.16, 2.96, 345.0, 2
12.29, 1.41, 1.98, 16.0, 85.0, 2.55, 2.5, 0.29, 1.77, 2.9, 1.23, 2.74, 428.0, 2
12.37, 1.07, 2.1, 18.5, 88.0, 3.52, 3.75, 0.24, 1.95, 4.5, 1.04, 2.77, 660.0, 2
12.08, 2.08, 1.7, 17.5, 97.0, 2.23, 2.17, 0.26, 1.4, 3.3, 1.27, 2.96, 710.0, 2
12.42, 2.55, 2.27, 22.0, 90.0, 1.68, 1.84, 0.66, 1.42, 2.7, 0.86, 3.3, 315.0, 2
12.22, 1.29, 1.94, 19.0, 92.0, 2.36, 2.04, 0.39, 2.08, 2.7, 0.86, 3.02, 312.0, 2
11.46, 3.74, 1.82, 19.5, 107.0, 3.18, 2.58, 0.24, 3.58, 2.9, 0.75, 2.81, 562.0, 2
11.76, 2.68, 2.92, 20.0, 103.0, 1.75, 2.03, 0.6, 1.05, 3.8, 1.23, 2.5, 607.0, 2
11.41, 0.74, 2.5, 21.0, 88.0, 2.48, 2.01, 0.42, 1.44, 3.08, 1.1, 2.31, 434.0, 2
12.77, 3.43, 1.98, 16.0, 80.0, 1.63, 1.25, 0.43, 0.83, 3.4, 0.7, 2.12, 372.0, 2
12.0, 3.43, 2.0, 19.0, 87.0, 2.0, 1.64, 0.37, 1.87, 1.28, 0.93, 3.05, 564.0, 2
11.45, 2.4, 2.42, 20.0, 96.0, 2.9, 2.79, 0.32, 1.83, 3.25, 0.8, 3.39, 625.0, 2
11.56, 2.05, 3.23, 28.5, 119.0, 3.18, 5.08, 0.47, 1.87, 6.0, 0.93, 3.69, 465.0, 2
12.42, 4.43, 2.73, 26.5, 102.0, 2.2, 2.13, 0.43, 1.71, 2.08, 0.92, 3.12, 365.0, 2
13.05, 5.8, 2.13, 21.5, 86.0, 2.62, 2.65, 0.3, 2.01, 2.6, 0.73, 3.1, 380.0, 2
11.87, 4.31, 2.39, 21.0, 82.0, 2.86, 3.03, 0.21, 2.91, 2.8, 0.75, 3.64, 380.0, 2
12.43, 1.53, 2.29, 21.5, 86.0, 2.74, 3.15, 0.39, 1.77, 3.94, 0.69, 2.84, 352.0, 2
12.04, 4.3, 2.38, 22.0, 80.0, 2.1, 1.75, 0.42, 1.35, 2.6, 0.79, 2.57, 580.0, 2
12.81, 2.31, 2.4, 24.0, 98.0, 1.15, 1.09, 0.27, 0.83, 5.7, 0.66, 1.36, 560.0, 3
12.51, 1.24, 2.25, 17.5, 85.0, 2.0, 0.58, 0.6, 1.25, 5.45, 0.75, 1.51, 650.0, 3
12.25, 4.72, 2.54, 21.0, 89.0, 1.38, 0.47, 0.53, 0.8, 3.85, 0.75, 1.27, 720.0, 3
12.53, 5.51, 2.64, 25.0, 96.0, 1.79, 0.6, 0.63, 1.1, 5.0, 0.82, 1.69, 515.0, 3
13.49, 3.59, 2.19, 19.5, 88.0, 1.62, 0.48, 0.58, 0.88, 5.7, 0.81, 1.82, 580.0, 3
12.84, 2.96, 2.61, 24.0, 101.0, 2.32, 0.6, 0.53, 0.81, 4.92, 0.89, 2.15, 590.0, 3
12.93, 2.81, 2.7, 21.0, 96.0, 1.54, 0.5, 0.53, 0.75, 4.6, 0.77, 2.31, 600.0, 3
13.88, 5.04, 2.23, 20.0, 80.0, 0.98, 0.34, 0.4, 0.68, 4.9, 0.58, 1.33, 415.0, 3
12.87, 4.61, 2.48, 21.5, 86.0, 1.7, 0.65, 0.47, 0.86, 7.65, 0.54, 1.86, 625.0, 3
13.08, 3.9, 2.36, 21.5, 113.0, 1.41, 1.39, 0.34, 1.14, 9.4, 0.57, 1.33, 550.0, 3
13.23, 3.3, 2.28, 18.5, 98.0, 1.8, 0.83, 0.61, 1.87, 10.52, 0.56, 1.51, 675.0, 3
12.45, 3.03, 2.64, 27.0, 97.0, 1.9, 0.58, 0.63, 1.14, 7.5, 0.67, 1.73, 880.0, 3
14.34, 1.68, 2.7, 25.0, 98.0, 2.8, 1.31, 0.53, 2.7, 13.0, 0.57, 1.96, 660.0, 3
13.48, 1.67, 2.64, 22.5, 89.0, 2.6, 1.1, 0.52, 2.29, 11.75, 0.57, 1.78, 620.0, 3
13.69, 3.26, 2.54, 20.0, 107.0, 1.83, 0.56, 0.5, 0.8, 5.88, 0.96, 1.82, 680.0, 3
13.73, 4.36, 2.26, 22.5, 88.0, 1.28, 0.47, 0.52, 1.15, 6.62, 0.78, 1.75, 520.0, 3
13.45, 3.7, 2.6, 23.0, 111.0, 1.7, 0.92, 0.43, 1.46, 10.68, 0.85, 1.56, 695.0, 3
13.58, 2.58, 2.69, 24.5, 105.0, 1.55, 0.84, 0.39, 1.54, 8.66, 0.74, 1.8, 750.0, 3
12.2, 3.03, 2.32, 19.0, 96.0, 1.25, 0.49, 0.4, 0.73, 5.5, 0.66, 1.83, 510.0, 3
14.16, 2.51, 2.48, 20.0, 91.0, 1.68, 0.7, 0.44, 1.24, 9.7, 0.62, 1.71, 660.0, 3
13.27, 4.28, 2.26, 20.0, 120.0, 1.59, 0.69, 0.43, 1.35, 10.2, 0.59, 1.56, 835.0, 3
14.13, 4.1, 2.74, 24.5, 96.0, 2.05, 0.76, 0.56, 1.35, 9.2, 0.61, 1.6, 560.0, 3
13.07, 1.5, 2.1, 15.5, 98.0, 2.4, 2.64, 0.28, 1.37, 3.7, 1.18, 2.69, 1020.0, 1
13.74, 1.67, 2.25, 16.4, 118.0, 2.6, 2.9, 0.21, 1.62, 5.85, 0.92, 3.2, 1060.0, 1
13.11, 1.01, 1.7, 15.0, 78.0, 2.98, 3.18, 0.26, 2.28, 5.3, 1.12, 3.18, 502.0, 2
13.49, 1.66, 2.24, 24.0, 87.0, 1.88, 1.84, 0.27, 1.03, 3.74, 0.98, 2.78, 472.0, 2
13.05, 3.86, 2.32, 22.5, 85.0, 1.65, 1.59, 0.61, 1.62, 4.8, 0.84, 2.01, 515.0, 2
11.82, 1.72, 1.88, 19.5, 86.0, 2.5, 1.64, 0.37, 1.42, 2.06, 0.94, 2.44, 415.0, 2
11.82, 1.47, 1.99, 20.8, 86.0, 1.98, 1.6, 0.3, 1.53, 1.95, 0.95, 3.33, 495.0, 2
11.79, 2.13, 2.78, 28.5, 92.0, 2.13, 2.24, 0.58, 1.76, 3.0, 0.97, 2.44, 466.0, 2
12.7, 3.55, 2.36, 21.5, 106.0, 1.7, 1.2, 0.17, 0.84, 5.0, 0.78, 1.29, 600.0, 3
12.36, 3.83, 2.38, 21.0, 88.0, 2.3, 0.92, 0.5, 1.04, 7.65, 0.56, 1.58, 520.0, 3
