@relation unknow
@attribute at1 real [11.0, 14.9]
@attribute at2 real [0.7, 5.8]
@attribute at3 real [1.3, 3.3]
@attribute at4 real [10.6, 30.0]
@attribute at5 real [70.0, 162.0]
@attribute at6 real [0.9, 3.9]
@attribute at7 real [0.3, 5.1]
@attribute at8 real [0.1, 0.7]
@attribute at9 real [0.4, 3.6]
@attribute at10 real [1.2, 13.0]
@attribute at11 real [0.4, 1.8]
@attribute at12 real [1.2, 4.0]
@attribute at13 real [278.0, 1680.0]
@attribute class {1, 2, 3}
@inputs at1, at2, at3, at4, at5, at6, at7, at8, at9, at10, at11, at12, at13
@outputs class
@data
14.23, 1.71, 2.43, 15.6, 127.0, 2.8, 3.06, 0.28, 2.29, 5.64, 1.04, 3.92, 1065.0, 1
13.2, 1.78, 2.14, 11.2, 100.0, 2.65, 2.76, 0.26, 1.28, 4.38, 1.05, 3.4, 1050.0, 1
14.37, 1.95, 2.5, 16.8, 113.0, 3.85, 3.49, 0.24, 2.18, 7.8, 0.86, 3.45, 1480.0, 1
13.24, 2.59, 2.87, 21.0, 118.0, 2.8, 2.69, 0.39, 1.82, 4.32, 1.04, 2.93, 735.0, 1
14.39, 1.87, 2.45, 14.6, 96.0, 2.5, 2.52, 0.3, 1.98, 5.25, 1.02, 3.58, 1290.0, 1
14.06, 2.15, 2.61, 17.6, 121.0, 2.6, 2.51, 0.31, 1.25, 5.05, 1.06, 3.58, 1295.0, 1
14.83, 1.64, 2.17, 14.0, 97.0, 2.8, 2.98, 0.29, 1.98, 5.2, 1.08, 2.85, 1045.0, 1
14.75, 1.73, 2.39, 11.4, 91.0, 3.1, 3.69, 0.43, 2.81, 5.4, 1.25, 2.73, 1150.0, 1
14.3, 1.92, 2.72, 20.0, 120.0, 2.8, 3.14, 0.33, 1.97, 6.2, 1.07, 2.65, 1280.0, 1
13.64, 3.1, 2.56, 15.2, 116.0, 2.7, 3.03, 0.17, 1.66, 5.1, 0.96, 3.36, 845.0, 1
13.87, 1.9, 2.8, 19.4, 107.0, 2.95, 2.97, 0.37, 1.76, 4.5, 1.25, 3.4, 915.0, 1
13.73, 1.5, 2.7, 22.5, 101.0, 3.0, 3.25, 0.29, 2.38, 5.7, 1.19, 2.71, 1285.0, 1
13.58, 1.66, 2.36, 19.1, 106.0, 2.86, 3.19, 0.22, 1.95, 6.9, 1.09, 2.88, 1515.0, 1
13.51, 1.8, 2.65, 19.0, 110.0, 2.35, 2.53, 0.29, 1.54, 4.2, 1.1, 2.87, 1095.0, 1
13.41, 3.84, 2.12, 18.8, 90.0, 2.45, 2.68, 0.27, 1.48, 4.28, 0.91, 3.0, 1035.0, 1
13.24, 3.98, 2.29, 17.5, 103.0, 2.64, 2.63, 0.32, 1.66, 4.36, 0.82, 3.0, 680.0, 1
13.05, 1.77, 2.1, 17.0, 107.0, 3.0, 3.0, 0.28, 2.03, 5.04, 0.88, 3.35, 885.0, 1
13.9, 1.68, 2.12, 16.0, 101.0, 3.1, 3.39, 0.21, 2.14, 6.1, 0.91, 3.33, 985.0, 1
14.1, 2.02, 2.4, 18.8, 103.0, 2.75, 2.92, 0.32, 2.38, 6.2, 1.07, 2.75, 1060.0, 1
13.05, 1.73, 2.04, 12.4, 92.0, 2.72, 3.27, 0.17, 2.91, 7.2, 1.12, 2.91, 1150.0, 1
13.82, 1.75, 2.42, 14.0, 111.0, 3.88, 3.74, 0.32, 1.87, 7.05, 1.01, 3.26, 1190.0, 1
13.77, 1.9, 2.68, 17.1, 115.0, 3.0, 2.79, 0.39, 1.68, 6.3, 1.13, 2.93, 1375.0, 1
13.56, 1.73, 2.46, 20.5, 116.0, 2.96, 2.78, 0.2, 2.45, 6.25, 0.98, 3.03, 1120.0, 1
14.22, 1.7, 2.3, 16.3, 118.0, 3.2, 3.0, 0.26, 2.03, 6.38, 0.94, 3.31, 970.0, 1
12.33, 1.1, 2.28, 16.0, 101.0, 2.05, 1.09, 0.63, 0.41, 3.27, 1.25, 1.67, 680.0, 2
13.67, 1.25, 1.92, 18.0, 94.0, 2.1, 1.79, 0.32, 0.73, 3.8, 1.23, 2.46, 630.0, 2
12.37, 1.13, 2.16, 19.0, 87.0, 3.5, 3.1, 0.19, 1.87, 4.45, 1.22, 2.87, 420.0, 2
12.37, 1.17, 1.92, 19.6, 78.0, 2.11, 2.0, 0.27, 1.04, 4.68, 1.12, 3.48, 510.0, 2
12.21, 1.19, 1.75, 16.8, 151.0, 1.85, 1.28, 0.14, 2.5, 2.85, 1.28, 3.07, 718.0, 2
11.96, 1.09, 2.3, 21.0, 101.0, 3.38, 2.14, 0.13, 1.65, 3.21, 0.99, 3.13, 886.0, 2
11.84, 2.89, 2.23, 18.0, 112.0, 1.72, 1.32, 0.43, 0.95, 2.65, 0.96, 2.52, 500.0, 2
12.33, 0.99, 1.95, 14.8, 136.0, 1.9, 1.85, 0.35, 2.76, 3.4, 1.06, 2.31, 750.0, 2
12.7, 3.87, 2.4, 23.0, 101.0, 2.83, 2.55, 0.43, 1.95, 2.57, 1.19, 3.13, 463.0, 2
12.0, 0.92, 2.0, 19.0, 86.0, 2.42, 2.26, 0.3, 1.43, 2.5, 1.38, 3.12, 278.0, 2
12.72, 1.81, 2.2, 18.8, 86.0, 2.2, 2.53, 0.26, 1.77, 3.9, 1.16, 3.14, 714.0, 2
11.84, 0.89, 2.58, 18.0, 94.0, 2.2, 2.21, 0.22, 2.35, 3.05, 0.79, 3.08, 520.0, 2
12.67, 0.98, 2.24, 18.0, 99.0, 2.2, 1.94, 0.3, 1.46, 2.62, 1.23, 3.16, 450.0, 2
12.08, 1.33, 2.3, 23.6, 70.0, 2.2, 1.59, 0.42, 1.38, 1.74, 1.07, 3.21, 625.0, 2
12.69, 1.53, 2.26, 20.7, 80.0, 1.38, 1.46, 0.58, 1.62, 3.05, 0.96, 2.06, 495.0, 2
12.29, 2.83, 2.22, 18.0, 88.0, 2.45, 2.25, 0.25, 1.99, 2.15, 1.15, 3.3, 290.0, 2
12.47, 1.52, 2.2, 19.0, 162.0, 2.5, 2.27, 0.32, 3.28, 2.6, 1.16, 2.63, 937.0, 2
11.81, 2.12, 2.74, 21.5, 134.0, 1.6, 0.99, 0.14, 1.56, 2.5, 0.95, 2.26, 625.0, 2
12.6, 1.34, 1.9, 18.5, 88.0, 1.45, 1.36, 0.29, 1.35, 2.45, 1.04, 2.77, 562.0, 2
12.51, 1.73, 1.98, 20.5, 85.0, 2.2, 1.92, 0.32, 1.48, 2.94, 1.04, 3.57, 672.0, 2
12.42, 2.55, 2.27, 22.0, 90.0, 1.68, 1.84, 0.66, 1.42, 2.7, 0.86, 3.3, 315.0, 2
11.61, 1.35, 2.7, 20.0, 94.0, 2.74, 2.92, 0.29, 2.49, 2.65, 0.96, 3.26, 680.0, 2
11.46, 3.74, 1.82, 19.5, 107.0, 3.18, 2.58, 0.24, 3.58, 2.9, 0.75, 2.81, 562.0, 2
12.52, 2.43, 2.17, 21.0, 88.0, 2.55, 2.27, 0.26, 1.22, 2.0, 0.9, 2.78, 325.0, 2
11.41, 0.74, 2.5, 21.0, 88.0, 2.48, 2.01, 0.42, 1.44, 3.08, 1.1, 2.31, 434.0, 2
12.08, 1.39, 2.5, 22.5, 84.0, 2.56, 2.29, 0.43, 1.04, 2.9, 0.93, 3.19, 385.0, 2
12.42, 1.61, 2.19, 22.5, 108.0, 2.0, 2.09, 0.34, 1.61, 2.06, 1.06, 2.96, 345.0, 2
12.77, 3.43, 1.98, 16.0, 80.0, 1.63, 1.25, 0.43, 0.83, 3.4, 0.7, 2.12, 372.0, 2
11.45, 2.4, 2.42, 20.0, 96.0, 2.9, 2.79, 0.32, 1.83, 3.25, 0.8, 3.39, 625.0, 2
11.87, 4.31, 2.39, 21.0, 82.0, 2.86, 3.03, 0.21, 2.91, 2.8, 0.75, 3.64, 380.0, 2
12.07, 2.16, 2.17, 21.0, 85.0, 2.6, 2.65, 0.37, 1.35, 2.76, 0.86, 3.28, 378.0, 2
12.37, 1.63, 2.3, 24.5, 88.0, 2.22, 2.45, 0.4, 1.9, 2.12, 0.89, 2.78, 342.0, 2
12.04, 4.3, 2.38, 22.0, 80.0, 2.1, 1.75, 0.42, 1.35, 2.6, 0.79, 2.57, 580.0, 2
12.86, 1.35, 2.32, 18.0, 122.0, 1.51, 1.25, 0.21, 0.94, 4.1, 0.76, 1.29, 630.0, 3
12.25, 4.72, 2.54, 21.0, 89.0, 1.38, 0.47, 0.53, 0.8, 3.85, 0.75, 1.27, 720.0, 3
13.49, 3.59, 2.19, 19.5, 88.0, 1.62, 0.48, 0.58, 0.88, 5.7, 0.81, 1.82, 580.0, 3
12.84, 2.96, 2.61, 24.0, 101.0, 2.32, 0.6, 0.53, 0.81, 4.92, 0.89, 2.15, 590.0, 3
13.36, 2.56, 2.35, 20.0, 89.0, 1.4, 0.5, 0.37, 0.64, 5.6, 0.7, 2.47, 780.0, 3
13.52, 3.17, 2.72, 23.5, 97.0, 1.55, 0.52, 0.5, 0.55, 4.35, 0.89, 2.06, 520.0, 3
12.25, 3.88, 2.2, 18.5, 112.0, 1.38, 0.78, 0.29, 1.14, 8.21, 0.65, 2.0, 855.0, 3
12.87, 4.61, 2.48, 21.5, 86.0, 1.7, 0.65, 0.47, 0.86, 7.65, 0.54, 1.86, 625.0, 3
13.08, 3.9, 2.36, 21.5, 113.0, 1.41, 1.39, 0.34, 1.14, 9.4, 0.57, 1.33, 550.0, 3
13.5, 3.12, 2.62, 24.0, 123.0, 1.4, 1.57, 0.22, 1.25, 8.6, 0.59, 1.3, 500.0, 3
13.11, 1.9, 2.75, 25.5, 116.0, 2.2, 1.28, 0.26, 1.56, 7.1, 0.61, 1.33, 425.0, 3
13.17, 5.19, 2.32, 22.0, 93.0, 1.74, 0.63, 0.61, 1.55, 7.9, 0.6, 1.48, 725.0, 3
13.84, 4.12, 2.38, 19.5, 89.0, 1.8, 0.83, 0.48, 1.56, 9.01, 0.57, 1.64, 480.0, 3
12.45, 3.03, 2.64, 27.0, 97.0, 1.9, 0.58, 0.63, 1.14, 7.5, 0.67, 1.73, 880.0, 3
14.34, 1.68, 2.7, 25.0, 98.0, 2.8, 1.31, 0.53, 2.7, 13.0, 0.57, 1.96, 660.0, 3
13.48, 1.67, 2.64, 22.5, 89.0, 2.6, 1.1, 0.52, 2.29, 11.75, 0.57, 1.78, 620.0, 3
13.78, 2.76, 2.3, 22.0, 90.0, 1.35, 0.68, 0.41, 1.03, 9.58, 0.7, 1.68, 615.0, 3
12.77, 2.39, 2.28, 19.5, 86.0, 1.39, 0.51, 0.48, 0.64, 9.899999, 0.57, 1.63, 470.0, 3
13.71, 5.65, 2.45, 20.5, 95.0, 1.68, 0.61, 0.52, 1.06, 7.7, 0.64, 1.74, 740.0, 3
13.27, 4.28, 2.26, 20.0, 120.0, 1.59, 0.69, 0.43, 1.35, 10.2, 0.59, 1.56, 835.0, 3
13.17, 2.59, 2.37, 20.0, 120.0, 1.65, 0.68, 0.53, 1.46, 9.3, 0.6, 1.62, 840.0, 3
14.13, 4.1, 2.74, 24.5, 96.0, 2.05, 0.76, 0.56, 1.35, 9.2, 0.61, 1.6, 560.0, 3
13.07, 1.5, 2.1, 15.5, 98.0, 2.4, 2.64, 0.28, 1.37, 3.7, 1.18, 2.69, 1020.0, 1
13.11, 1.01, 1.7, 15.0, 78.0, 2.98, 3.18, 0.26, 2.28, 5.3, 1.12, 3.18, 502.0, 2
13.49, 1.66, 2.24, 24.0, 87.0, 1.88, 1.84, 0.27, 1.03, 3.74, 0.98, 2.78, 472.0, 2
12.72, 1.75, 2.28, 22.5, 84.0, 1.38, 1.76, 0.48, 1.63, 3.3, 0.88, 2.42, 488.0, 2
11.82, 1.47, 1.99, 20.8, 86.0, 1.98, 1.6, 0.3, 1.53, 1.95, 0.95, 3.33, 495.0, 2
11.79, 2.13, 2.78, 28.5, 92.0, 2.13, 2.24, 0.58, 1.76, 3.0, 0.97, 2.44, 466.0, 2
12.7, 3.55, 2.36, 21.5, 106.0, 1.7, 1.2, 0.17, 0.84, 5.0, 0.78, 1.29, 600.0, 3
12.36, 3.83, 2.38, 21.0, 88.0, 2.3, 0.92, 0.5, 1.04, 7.65, 0.56, 1.58, 520.0, 3
12.82, 3.37, 2.3, 19.5, 88.0, 1.48, 0.66, 0.4, 0.97, 10.26, 0.72, 1.75, 685.0, 3
13.4, 3.91, 2.48, 23.0, 102.0, 1.8, 0.75, 0.43, 1.41, 7.3, 0.7, 1.56, 750.0, 3
