@relation Friedman_Benchmark_problem
@attribute input1 real [0.001211673, 0.99971881]
@attribute input2 real [1.60284E-4, 0.999677453]
@attribute input3 real [6.54566E-4, 0.999061886]
@attribute input4 real [2.12289E-4, 0.999480216]
@attribute input5 real [4.29891E-4, 0.999539431]
@attribute output real [0.664014955, 28.5903858]
@inputs input1, input2, input3, input4, input5
@outputs output
@data
0.238363493, 0.179191104, 0.047163047, 0.399608062, 0.762100051, 12.003820700
0.640609220, 0.634481283, 0.452011278, 0.414092508, 0.013848486, 14.247690660
0.448830118, 0.171920065, 0.638288591, 0.843578678, 0.997520276, 15.982036930
0.521595545, 0.801170492, 0.506732998, 0.836100705, 0.556350173, 20.321975500
0.992996929, 0.434171449, 0.209130182, 0.078846108, 0.558954991, 16.356435460
0.155760785, 0.938000888, 0.318048384, 0.764503173, 0.396991738, 14.586041880
0.791048122, 0.094938060, 0.598009755, 0.265127012, 0.023712227, 6.471277403
0.052115965, 0.042216124, 0.815884795, 0.015894773, 0.313891926, 0.956075976
0.142980150, 0.419378914, 0.931637471, 0.822932803, 0.234382352, 15.135399760
0.114825756, 0.915080280, 0.214756135, 0.331330511, 0.208277663, 8.067076362
0.527532136, 0.104436805, 0.885191621, 0.678239052, 0.197058514, 12.052848180
0.390843655, 0.686858878, 0.852363442, 0.272691619, 0.315721263, 14.280246870
0.490454181, 0.961842773, 0.469204447, 0.268204666, 0.249354601, 14.289193440
0.436442829, 0.516352221, 0.306488043, 0.230400099, 0.970695389, 13.743141090
0.438404937, 0.786215169, 0.630506609, 0.416735581, 0.971471003, 18.162183040
0.765918533, 0.297238225, 0.387938956, 0.159810315, 0.708429493, 12.225453180
0.564784130, 0.956269036, 0.729525958, 0.885756780, 0.228660217, 21.810556350
0.364099843, 0.035883635, 0.624511094, 0.534783389, 0.318985493, 7.668048802
0.189591752, 0.191924623, 0.103053400, 0.298767070, 0.402722139, 7.896092069
0.121085360, 0.390646623, 0.751809666, 0.734058843, 0.403221466, 12.613329780
0.382603875, 0.763985652, 0.314419256, 0.122835800, 0.581721123, 11.664889580
0.857952694, 0.164734938, 0.073153304, 0.649924495, 0.119794393, 14.116058510
0.859943044, 0.711966906, 0.438311301, 0.866612474, 0.212432114, 19.030018900
0.740039016, 0.134505860, 0.193376889, 0.365754413, 0.285420758, 10.358818520
0.427334406, 0.062529991, 0.318373140, 0.953934844, 0.805434219, 16.079849960
0.683078772, 0.727944814, 0.357343228, 0.679170327, 0.343104108, 18.418106970
0.089107936, 0.340361645, 0.903037662, 0.944207293, 0.271154705, 14.276760870
0.195481826, 0.038339425, 0.742817968, 0.426593066, 0.781825556, 10.684851840
0.035865780, 0.449148509, 0.298831401, 0.034518682, 0.219300867, 2.225445244
0.027331964, 0.638546321, 0.374743689, 0.569093048, 0.274152969, 7.964327679
0.140198779, 0.103533598, 0.014795485, 0.517784073, 0.368709474, 13.052394390
0.827438144, 0.481335312, 0.405423979, 0.880221109, 0.862836447, 24.736986350
0.847760156, 0.063817730, 0.965255288, 0.983509854, 0.261605228, 18.556955520
0.154620563, 0.739880395, 0.576683053, 0.815586062, 0.082038126, 13.109343440
0.040898721, 0.877667663, 0.785441713, 0.034391714, 0.972354045, 6.574744694
0.455978497, 0.376150649, 0.386853249, 0.497087536, 0.108020536, 9.151690401
0.590389914, 0.430674851, 0.869041807, 0.070911615, 0.634302531, 13.229208640
0.404723739, 0.003164391, 0.288808624, 0.600822877, 0.892802954, 11.553458420
0.039560427, 0.734281914, 0.594001454, 0.899610703, 0.288039995, 11.694991440
0.184005965, 0.333911721, 0.558342553, 0.693536675, 0.435013560, 11.718523020
0.770760942, 0.854541287, 0.661311071, 0.947355682, 0.191475813, 16.421063140
0.641468775, 0.076169285, 0.269877336, 0.676642587, 0.518170711, 11.747742140
0.583207559, 0.892761865, 0.025603404, 0.662359421, 0.243202237, 23.258277060
0.802482941, 0.396292317, 0.198171363, 0.452286913, 0.121095523, 15.040372070
0.252185631, 0.926410734, 0.491148100, 0.776818822, 0.348982621, 15.471964500
0.747083636, 0.319717820, 0.160040797, 0.971994032, 0.164713198, 21.658704830
0.005622506, 0.429959927, 0.847766931, 0.130351691, 0.395279459, 5.294451700
0.401486244, 0.207730690, 0.334435045, 0.697906177, 0.347891304, 12.162796990
0.149639180, 0.817713201, 0.972676002, 0.862340707, 0.259406119, 18.441252190
0.994293205, 0.164896879, 0.663575757, 0.188836723, 0.776780108, 10.679284280
0.199097672, 0.549562878, 0.468348899, 0.865861295, 0.835100487, 16.086650190
0.108199881, 0.842358312, 0.012308204, 0.090199079, 0.056479970, 9.298347874
0.637978660, 0.799748803, 0.544318636, 0.964656013, 0.098034634, 19.168344020
0.626057498, 0.722015939, 0.129860034, 0.566717728, 0.946128950, 23.942040930
0.177027277, 0.796218776, 0.875921535, 0.636724693, 0.484534001, 16.973239950
0.726268031, 0.889660090, 0.563071896, 0.140422463, 0.300336136, 12.286698550
0.010139130, 0.787718719, 0.396869310, 0.864817754, 0.586484332, 12.457985250
0.469194038, 0.165978543, 0.286595795, 0.868629425, 0.020905372, 11.616683480
0.206590435, 0.135992245, 0.791160900, 0.202528136, 0.240147207, 5.414611504
0.210073934, 0.347436914, 0.389259494, 0.128814021, 0.293827337, 4.279413568
0.914466732, 0.189104986, 0.411397800, 0.549120651, 0.125239568, 10.113554160
0.116757566, 0.887383580, 0.205468917, 0.121564385, 0.095153360, 6.846979910
0.063759507, 0.393446766, 0.252014862, 0.249282418, 0.413958864, 5.384894955
0.967855599, 0.521165184, 0.574595094, 0.309743639, 0.203602005, 15.345939620
0.467808884, 0.562373001, 0.276567017, 0.375998002, 0.887708064, 16.944753470
0.845853269, 0.336280328, 0.820427614, 0.630922785, 0.503999895, 18.911596710
0.215567295, 0.297733613, 0.253144385, 0.342327471, 0.209415213, 8.717971319
0.884234697, 0.280287197, 0.911893405, 0.916457295, 0.738423070, 23.308778970
0.457227182, 0.639479300, 0.537534014, 0.332883040, 0.455659614, 10.601203500
0.992207680, 0.682948275, 0.446333159, 0.649280848, 0.798535687, 17.683368730
0.376733074, 0.106851395, 0.598874165, 0.754502690, 0.182248357, 11.324043600
0.676781853, 0.885904151, 0.675996340, 0.171380255, 0.336812687, 13.716991750
0.257298384, 0.138754304, 0.917342111, 0.428200087, 0.564382680, 13.352508170
0.309811484, 0.869915904, 0.655416166, 0.053489547, 0.532165343, 9.301524115
0.521259413, 0.500020314, 0.910833112, 0.503318029, 0.297686204, 17.685677990
0.276301806, 0.771362777, 0.765158097, 0.828998801, 0.808555575, 19.269783970
0.019052036, 0.321368622, 0.372566244, 0.184408928, 0.291411817, 5.959279973
0.005358870, 0.840788356, 0.593770024, 0.626730254, 0.329155431, 6.770687721
0.714726199, 0.537325488, 0.284947191, 0.677692527, 0.829631387, 20.702968180
0.044367632, 0.945838454, 0.290788166, 0.041905374, 0.764005912, 5.984382867
0.047411205, 0.836776036, 0.188780989, 0.229423627, 0.380771693, 7.505254322
0.548106134, 0.161670937, 0.981603345, 0.537777411, 0.723283913, 18.310894750
0.678117829, 0.006525348, 0.296765545, 0.745742500, 0.148417059, 7.411490033
0.158721125, 0.011496923, 0.122606313, 0.327931431, 0.825913608, 10.553008370
0.115425356, 0.803747898, 0.819437991, 0.911834526, 0.338205328, 15.510281900
0.352273424, 0.888620372, 0.351999219, 0.195655032, 0.739394829, 14.131550380
0.659555095, 0.701910919, 0.678460795, 0.374797223, 0.094855042, 14.311459040
0.765642011, 0.581521838, 0.337299622, 0.830910616, 0.584486700, 20.501159110
0.214744663, 0.218659458, 0.665861626, 0.638352088, 0.467178880, 11.088210220
0.577508646, 0.923741555, 0.277143264, 0.035327113, 0.158904457, 11.404536140
0.084549336, 0.570359053, 0.707583904, 0.392845717, 0.349113727, 8.292473176
0.195521082, 0.423870780, 0.046259104, 0.521991404, 0.688904790, 16.208782340
0.377372756, 0.389163938, 0.190361284, 0.749496154, 0.013050527, 13.778223170
0.522995779, 0.552871092, 0.958324326, 0.914535234, 0.861863614, 25.389520960
0.989973376, 0.739856505, 0.342067001, 0.651347935, 0.099394724, 14.713805830
0.631652430, 0.669841337, 0.723096147, 0.738584090, 0.845670619, 21.218584420
0.771953190, 0.563607784, 0.403376078, 0.767786961, 0.647075185, 21.552373880
0.517044967, 0.109949497, 0.025341640, 0.091577305, 0.592042513, 9.923715370
0.695712228, 0.801113810, 0.950053053, 0.682360211, 0.670959735, 22.398417480
0.612114734, 0.790125912, 0.037905019, 0.476519590, 0.110222857, 21.243930870
0.742462799, 0.938473297, 0.957576619, 0.571299181, 0.940582312, 21.893482050
0.906567979, 0.615451734, 0.562809689, 0.565277973, 0.806302321, 18.826406760
0.891769048, 0.275150939, 0.468694684, 0.261815969, 0.505957467, 11.367370100
0.256507486, 0.371347625, 0.216349972, 0.984404067, 0.043666755, 16.444071090
0.260808714, 0.613702418, 0.382769512, 0.390699522, 0.271333386, 9.953308406
0.453723281, 0.227671328, 0.171434479, 0.869348282, 0.080805246, 14.598181620
0.501855145, 0.930710069, 0.714913445, 0.376269310, 0.552216840, 17.520188390
0.497189030, 0.104785853, 0.313192495, 0.074822065, 0.038829034, 2.228410859
0.331926454, 0.061027230, 0.559750553, 0.521512801, 0.988541846, 10.452585070
0.013624108, 0.013694942, 0.709353322, 0.770298892, 0.316741630, 9.532768339
0.317863759, 0.951299895, 0.927591766, 0.090060497, 0.695471780, 17.795900560
0.508866383, 0.788074777, 0.893709391, 0.331260399, 0.519705091, 18.316163600
0.082362454, 0.092983295, 0.400267323, 0.236705944, 0.900404847, 7.812646362
0.523655533, 0.032320432, 0.630286024, 0.250373241, 0.126924826, 4.650543935
0.332616048, 0.833535594, 0.364399699, 0.980771809, 0.371259431, 19.631995680
0.406454860, 0.004505338, 0.458250203, 0.686575222, 0.066579661, 6.287360779
0.580976992, 0.986368095, 0.332388881, 0.602530652, 0.664857837, 20.269937090
0.505968196, 0.324976353, 0.804087541, 0.155063316, 0.088158187, 8.158757905
0.261997675, 0.290489581, 0.109506762, 0.677232439, 0.311114454, 13.668990600
0.045672624, 0.762171870, 0.501259876, 0.084566615, 0.740050941, 6.491599412
0.833938966, 0.325911077, 0.984015046, 0.223095775, 0.234936353, 13.946846860
0.227533817, 0.820939591, 0.659046550, 0.707494813, 0.517886706, 16.545192650
0.499054765, 0.428169783, 0.266763940, 0.099986225, 0.176041433, 9.038206554
0.760134791, 0.495111245, 0.698864055, 0.755214856, 0.176425651, 16.982944320
0.922566561, 0.737521176, 0.406795929, 0.354149698, 0.315509348, 12.080805080
0.350442193, 0.904100744, 0.384735270, 0.696413413, 0.687453693, 17.101402840
0.443988333, 0.620743764, 0.535835731, 0.654041610, 0.553980262, 16.672246300
0.469790482, 0.023645856, 0.437276716, 0.705955058, 0.395951455, 10.245401480
0.667708908, 0.780515736, 0.656367212, 0.393719170, 0.927294897, 17.978097410
0.272497042, 0.404776325, 0.519617498, 0.374779335, 0.919178308, 12.763749980
0.067186065, 0.045674481, 0.780408416, 0.602384161, 0.226169831, 8.951567984
0.491452137, 0.762768376, 0.359543800, 0.290991551, 0.039352705, 13.848155490
0.021109642, 0.529123560, 0.733807685, 0.936596931, 0.529782861, 14.657417940
0.253774747, 0.533114531, 0.929135618, 0.252228198, 0.344459554, 13.527456830
0.764018680, 0.638784802, 0.716864257, 0.535191572, 0.327756492, 18.526748050
0.357083622, 0.129579412, 0.810736250, 0.452043150, 0.727107602, 11.824655010
0.584634867, 0.910358740, 0.844509618, 0.140289114, 0.990711841, 18.836159490
0.989413335, 0.239692233, 0.228751749, 0.782255415, 0.741758812, 19.650584600
0.894193160, 0.082351078, 0.981264615, 0.211115100, 0.572726312, 13.044329220
0.015260872, 0.088348387, 0.880832305, 0.865393232, 0.238257017, 13.753729440
0.917717021, 0.110187588, 0.363629629, 0.417914770, 0.552285436, 10.329291870
0.336730963, 0.246111863, 0.275936978, 0.188389691, 0.386479226, 7.612976361
0.935270551, 0.503412533, 0.225813381, 0.924543835, 0.156329168, 20.384249810
0.219606072, 0.962564282, 0.555140773, 0.248859475, 0.260231411, 11.882383370
0.250894686, 0.248034059, 0.153820938, 0.886756994, 0.051769692, 13.183816850
0.760164432, 0.786212591, 0.605187829, 0.760995422, 0.947362025, 21.725988790
0.207910667, 0.101989851, 0.853649674, 0.904776430, 0.020643655, 11.856590820
0.832038169, 0.658187615, 0.271894887, 0.491009573, 0.416346801, 17.281071420
0.747676960, 0.146746359, 0.407314377, 0.445825874, 0.667234477, 11.886524730
0.574985121, 0.140196289, 0.079076629, 0.822899696, 0.909242128, 17.799646160
0.943933771, 0.584889137, 0.407540105, 0.662695994, 0.548686082, 19.761391660
0.647343969, 0.776445349, 0.681097903, 0.273834706, 0.541973430, 15.893516070
0.552924003, 0.477958087, 0.237698278, 0.646116007, 0.716632355, 19.364633970
0.666612633, 0.013994812, 0.654372943, 0.807997922, 0.558915205, 11.433911550
0.937618290, 0.560553396, 0.406227198, 0.768636330, 0.988727390, 22.259200640
0.219312282, 0.077246134, 0.845613298, 0.979530403, 0.179411338, 14.281374720
0.560806920, 0.896086117, 0.673084145, 0.570712788, 0.181621885, 16.679440490
0.023186165, 0.922654396, 0.600149282, 0.277422265, 0.775394699, 7.081981875
0.345449271, 0.868618502, 0.913633427, 0.005213594, 0.414033875, 15.685667050
0.733820751, 0.064917804, 0.769080335, 0.349298630, 0.673167653, 9.276935643
0.490243588, 0.893600516, 0.261996483, 0.278784858, 0.157419884, 13.779304130
0.651623330, 0.804046865, 0.755587941, 0.840495043, 0.713142549, 22.127610230
0.549895189, 0.731976049, 0.948102867, 0.529583082, 0.246776245, 20.098397060
0.971534553, 0.652175817, 0.230024336, 0.280331559, 0.347565812, 14.174922070
0.150277914, 0.090716563, 0.138694404, 0.329071711, 0.024599882, 6.604591931
0.954561717, 0.961944893, 0.472121660, 0.918154533, 0.406998295, 13.214072410
0.987420164, 0.664753685, 0.757268434, 0.344619921, 0.723573568, 17.502203960
0.010122430, 0.623707570, 0.643374001, 0.787394144, 0.209215230, 8.021294976
0.530334742, 0.628830392, 0.954607107, 0.407725335, 0.481840481, 19.916765430
0.639794065, 0.628842966, 0.078098175, 0.213500361, 0.998372374, 18.585397310
0.136087487, 0.726540655, 0.567095240, 0.653680859, 0.011045599, 9.068759721
0.810038710, 0.601499014, 0.533140223, 0.181460601, 0.335890566, 13.944995170
0.982392880, 0.291804704, 0.025325826, 0.936259340, 0.214301422, 22.711260800
0.712063066, 0.382699168, 0.699855671, 0.493870718, 0.515645506, 15.017520340
0.048412268, 0.668215907, 0.759747345, 0.689999660, 0.697987849, 12.267199830
0.203315357, 0.971450889, 0.830507068, 0.621240011, 0.409476305, 13.189745680
0.355359989, 0.201775249, 0.846047057, 0.239478410, 0.128787872, 7.005291873
0.950526095, 0.328105207, 0.532568056, 0.562205053, 0.627150924, 14.923497970
0.584280067, 0.425861784, 0.599907628, 0.904139656, 0.766891658, 20.124485760
0.092838384, 0.977092861, 0.240315203, 0.346934467, 0.454726692, 10.557347690
0.293744819, 0.079198150, 0.016362441, 0.906864336, 0.525973306, 14.470783670
0.135356122, 0.543800290, 0.873979720, 0.566158447, 0.453430990, 13.103621060
0.466632614, 0.010224496, 0.626103174, 0.170595093, 0.625739201, 5.936056474
0.248438227, 0.123152911, 0.696067918, 0.294354001, 0.061972151, 3.726014583
0.961187482, 0.033592335, 0.121645243, 0.889257095, 0.605257499, 14.832597360
0.765876717, 0.886565632, 0.172394697, 0.299645177, 0.026612906, 15.322114800
0.081014022, 0.850041411, 0.468024605, 0.680976356, 0.080118236, 9.116547934
0.999718810, 0.449758827, 0.292769936, 0.504872809, 0.567180421, 19.200775370
0.865593845, 0.208473874, 0.633247248, 0.332551596, 0.200552924, 9.923332320
0.992320158, 0.787598977, 0.220884980, 0.522719656, 0.841071403, 15.894048310
0.963371695, 0.484741991, 0.862420065, 0.038781210, 0.081589050, 13.485897050
0.603429396, 0.491426108, 0.507135826, 0.792269614, 0.091210013, 17.220541400
0.841336174, 0.973893643, 0.820793649, 0.225756867, 0.369513774, 13.636229750
0.382550848, 0.243202621, 0.704269362, 0.840733442, 0.054461781, 11.640474910
0.378723868, 0.658435781, 0.709135645, 0.632493400, 0.929006110, 17.528550940
0.123517976, 0.281372295, 0.568637409, 0.799322390, 0.356521391, 11.887635780
0.445553996, 0.997123229, 0.958561978, 0.248515441, 0.881470531, 19.954153650
0.559078081, 0.917156068, 0.601074479, 0.363780755, 0.902125726, 17.597202960
0.811999986, 0.863192169, 0.621615763, 0.099730515, 0.664716846, 12.237987430
0.750990239, 0.686462903, 0.963499423, 0.739162516, 0.526401369, 22.636438360
0.492074229, 0.872327956, 0.344182291, 0.425605284, 0.080824314, 14.250025050
0.193069934, 0.351151654, 0.871722726, 0.400218301, 0.755258346, 12.797577380
0.836772920, 0.158174021, 0.638384908, 0.789509816, 0.987225107, 19.600636540
0.855752098, 0.552680303, 0.084580177, 0.873245250, 0.352931993, 22.650494310
0.327920818, 0.721678135, 0.812289940, 0.710827165, 0.244914770, 18.677945090
0.316781174, 0.319241502, 0.482121635, 0.127908819, 0.403834036, 6.948990585
0.792591964, 0.257008216, 0.289020598, 0.682617512, 0.197915377, 15.341180500
0.232010309, 0.784573807, 0.510682327, 0.622456325, 0.354894060, 15.324348480
0.831483132, 0.207165499, 0.783687822, 0.809427880, 0.602539196, 17.834256770
0.051962858, 0.538554655, 0.356595075, 0.331560476, 0.466762471, 6.894882324
0.750993356, 0.717071385, 0.569401687, 0.305293008, 0.493955905, 15.073410100
0.470605163, 0.024629465, 0.097306940, 0.862784494, 0.617844787, 14.849996090
0.080403307, 0.852205637, 0.722889135, 0.705525855, 0.180745595, 9.834006408
0.307076037, 0.005085375, 0.154798726, 0.489618603, 0.755630525, 10.781509910
0.566690870, 0.682362573, 0.694160979, 0.566302347, 0.866679952, 20.697380990
0.073270890, 0.804740169, 0.564525260, 0.413909428, 0.215819227, 7.126505082
0.249345684, 0.035291081, 0.805036058, 0.470451521, 0.515713787, 9.813973875
0.152354713, 0.486959549, 0.641055447, 0.016873361, 0.924605132, 7.996050828
0.687171630, 0.923908327, 0.915007442, 0.499412344, 0.939959474, 21.746999490
0.901048123, 0.404946963, 0.195453133, 0.756541555, 0.205939960, 18.062704330
0.406842974, 0.816174501, 0.861105547, 0.128901960, 0.157478810, 14.433097680
0.455210531, 0.833948057, 0.415190074, 0.793046176, 0.717822071, 22.699008820
0.596023917, 0.762219688, 0.970879791, 0.221756118, 0.078157055, 18.072815140
0.197702149, 0.844134039, 0.451724059, 0.593310322, 0.111997575, 12.343496310
0.503029897, 0.467947143, 0.920215414, 0.646907734, 0.492187073, 19.316026900
0.799692924, 0.995531855, 0.329678781, 0.986634321, 0.946989531, 21.229858350
0.632170339, 0.756230619, 0.152239283, 0.353329620, 0.261528184, 17.117304030
0.456060673, 0.183196190, 0.381105870, 0.052075041, 0.640306306, 6.734506881
0.230653548, 0.459820623, 0.109667507, 0.255911756, 0.520679338, 10.582191940
0.653991176, 0.058670913, 0.418363727, 0.961490417, 0.008713562, 10.978620150
0.531199784, 0.124407600, 0.018367922, 0.602691210, 0.241695507, 14.898806610
0.088688993, 0.225922954, 0.000654566, 0.639823192, 0.914894197, 17.503537820
0.635943127, 0.808775842, 0.198873699, 0.349926703, 0.841480572, 19.133090330
0.126376508, 0.355013633, 0.800212839, 0.101619019, 0.211713919, 5.897039170
0.936836407, 0.881677757, 0.168581260, 0.847877369, 0.214965001, 17.095737470
0.963935375, 0.020642144, 0.937825768, 0.598197399, 0.107978169, 10.151333620
0.941882595, 0.440291357, 0.312740477, 0.635550489, 0.952683622, 20.835713800
0.458538962, 0.522468409, 0.373569919, 0.041499334, 0.776281804, 11.081367880
0.972151358, 0.709814578, 0.300293581, 0.394587137, 0.451598331, 16.296222680
0.131944387, 0.037152450, 0.085539662, 0.296344358, 0.609265728, 11.150514030
0.133088132, 0.269872740, 0.631506050, 0.232246422, 0.103433052, 4.678903881
0.348151395, 0.406173764, 0.243864196, 0.201591422, 0.040682044, 7.071846797
0.135753774, 0.449144900, 0.263393926, 0.003074571, 0.406692031, 5.554677868
0.146032237, 0.393922627, 0.925451242, 0.067978640, 0.829550564, 8.727333095
0.174921153, 0.111973897, 0.906968582, 0.549768394, 0.486723848, 11.428739770
0.497386707, 0.046176295, 0.708724367, 0.593337594, 0.379841627, 11.018900360
0.743846533, 0.528126141, 0.938154910, 0.830695632, 0.473128939, 22.505809140
0.706252438, 0.316518497, 0.739487809, 0.721100291, 0.137284358, 16.475496210
0.779685021, 0.497916423, 0.248519422, 0.920572691, 0.155722658, 19.575318640
0.244395056, 0.415172809, 0.623483184, 0.439676980, 0.278945853, 8.112188144
0.375112201, 0.188249706, 0.011690813, 0.026804106, 0.454455911, 9.173519741
0.793837034, 0.484840160, 0.826541931, 0.679634367, 0.900442645, 20.800857680
0.345690531, 0.238030864, 0.912445832, 0.341847557, 0.496187827, 9.103478771
0.246861677, 0.639857764, 0.254428326, 0.951921171, 0.029148659, 14.504128200
0.774930708, 0.805808285, 0.054497505, 0.431325383, 0.257912710, 18.781844180
0.449546746, 0.209920300, 0.838594478, 0.047693463, 0.608824336, 8.162476344
0.107831203, 0.221571757, 0.267548798, 0.808068393, 0.251011241, 10.766144140
0.004940657, 0.733514722, 0.059410167, 0.678579774, 0.543287868, 13.711128850
0.438793783, 0.605066269, 0.567155041, 0.240981547, 0.891096905, 13.681482290
0.475128745, 0.450727899, 0.810026111, 0.477763093, 0.322668184, 14.512679170
0.811606593, 0.999677453, 0.043594481, 0.352720068, 0.275111885, 14.772756220
0.166865502, 0.997425798, 0.930090280, 0.627971007, 0.514589235, 19.495978590
0.857917989, 0.823892475, 0.659325149, 0.443615010, 0.954335382, 16.795015980
0.411998011, 0.443789420, 0.667225462, 0.032589693, 0.274698285, 9.116009577
0.299934415, 0.867217906, 0.158385882, 0.719078448, 0.280766822, 18.637301810
0.043793145, 0.303800166, 0.832755090, 0.699068438, 0.762459682, 11.969455050
0.901111137, 0.023798775, 0.939099216, 0.104731882, 0.783136618, 8.588867554
0.520793741, 0.926653351, 0.873884010, 0.626192917, 0.051961353, 18.032318830
0.666579121, 0.684871966, 0.338900803, 0.556116886, 0.835266399, 21.472762640
0.786622485, 0.630756422, 0.870145029, 0.905653542, 0.634758941, 23.259901990
0.302272524, 0.829785026, 0.530069356, 0.022472818, 0.916873031, 12.950813850
0.341016568, 0.335036685, 0.606606881, 0.697502029, 0.378749778, 12.621162960
0.135955820, 0.433430788, 0.935092963, 0.759319772, 0.490807454, 16.681083250
0.967035072, 0.462770691, 0.082284335, 0.325784014, 0.736124208, 21.661186970
0.598939719, 0.398312194, 0.035384347, 0.720999654, 0.148925909, 18.571355330
0.561255701, 0.303564941, 0.522615976, 0.822826494, 0.190319707, 13.835132450
0.016823425, 0.434188425, 0.375844920, 0.384287485, 0.298714829, 6.214250564
0.312421581, 0.503675596, 0.809353908, 0.876060482, 0.001320643, 14.911531410
0.248700099, 0.694994780, 0.755057985, 0.635797699, 0.380529018, 15.372566310
0.456053481, 0.112559629, 0.659446458, 0.634988445, 0.432847142, 12.497203480
0.325949870, 0.365003278, 0.908522098, 0.806848124, 0.266754466, 15.273702930
0.995953470, 0.470357061, 0.588025194, 0.206753836, 0.740745865, 14.723416210
0.938240955, 0.675750492, 0.756909553, 0.820045208, 0.875315864, 25.060895630
0.899186883, 0.125701823, 0.728926601, 0.999480216, 0.106530983, 14.029614230
0.944013637, 0.369259015, 0.704115986, 0.334426268, 0.611705425, 16.673260020
0.460548673, 0.259841910, 0.118727344, 0.232576972, 0.349773456, 8.797926093
0.519282797, 0.087675807, 0.275428346, 0.193111446, 0.758841709, 9.282674043
0.582632439, 0.244511431, 0.558090885, 0.221911796, 0.607076024, 10.994528360
0.787533964, 0.582391015, 0.873487711, 0.734133590, 0.137310613, 19.769598380
0.849134333, 0.559612162, 0.162370308, 0.850121192, 0.251556106, 20.671191120
0.067325052, 0.410659611, 0.299369239, 0.316623684, 0.772522847, 9.941893893
0.009466111, 0.178000142, 0.350717765, 0.610492577, 0.858929968, 11.669226710
0.945272054, 0.728170658, 0.575359221, 0.814238570, 0.848323851, 20.103247630
0.006401413, 0.079607970, 0.041198047, 0.817349293, 0.398737695, 14.408271040
0.279283403, 0.053623750, 0.850174133, 0.771487843, 0.993436082, 15.483303780
0.976892291, 0.270520637, 0.994507629, 0.270756183, 0.307795537, 17.310703230
0.317550982, 0.879520848, 0.985574469, 0.538183030, 0.706865822, 20.844352580
0.749684939, 0.867117667, 0.173930228, 0.380092781, 0.102526822, 15.097524160
0.660734048, 0.280407853, 0.096852241, 0.397190396, 0.018209117, 12.290901090
0.325826664, 0.154995867, 0.425737657, 0.380859501, 0.632491115, 9.373106789
0.132633527, 0.805199615, 0.076745028, 0.924248215, 0.253042411, 19.355291430
0.392227338, 0.276011984, 0.925024153, 0.873532644, 0.175427965, 15.839608480
0.804492582, 0.132972909, 0.138261514, 0.077653101, 0.842434461, 10.987640860
0.854297219, 0.264310956, 0.009230397, 0.863056387, 0.288099005, 20.169756770
0.952658132, 0.266841294, 0.859671702, 0.047111099, 0.889429965, 15.070361880
0.729499379, 0.624728241, 0.667377260, 0.523396250, 0.485896217, 16.638179570
0.136673019, 0.477048239, 0.302084708, 0.985242428, 0.277214244, 14.985401480
0.748510085, 0.328873498, 0.077949555, 0.753905262, 0.314909957, 21.560353430
0.315414989, 0.901937848, 0.142931872, 0.945245872, 0.471035269, 23.401585720
0.914104726, 0.633842441, 0.177942392, 0.783555483, 0.509722687, 22.710821480
0.949567128, 0.910087330, 0.178997087, 0.141720879, 0.052076193, 8.005818953
0.057977154, 0.604955763, 0.481875069, 0.706384063, 0.609209366, 12.854190380
0.139507919, 0.318595954, 0.142194412, 0.702652052, 0.957133723, 16.796007400
0.722828607, 0.111071563, 0.045143566, 0.566283928, 0.685783326, 15.114140890
0.239679811, 0.106749144, 0.594674505, 0.509637104, 0.357326617, 8.658540759
0.063275641, 0.641394621, 0.347904020, 0.976707322, 0.453934523, 13.200938920
0.127244310, 0.877694715, 0.051124401, 0.304065700, 0.440567713, 10.770286820
0.064983871, 0.417926933, 0.671731461, 0.286009469, 0.110320006, 4.128628241
0.666376898, 0.698846894, 0.586676126, 0.957560020, 0.408279050, 22.401618380
0.330049526, 0.627719101, 0.040620732, 0.147535558, 0.158041144, 13.362048910
0.393387145, 0.666473628, 0.648828831, 0.359280941, 0.709448689, 16.214965010
0.188537753, 0.840594810, 0.692954592, 0.718370621, 0.329190933, 14.183011310
0.728502196, 0.831395515, 0.346678641, 0.942261580, 0.162308601, 20.350179930
0.429479688, 0.131345495, 0.155431462, 0.703712973, 0.376433789, 12.894364290
0.573878155, 0.268686634, 0.982759497, 0.892343756, 0.919358694, 22.647914780
0.373025417, 0.693951973, 0.513650678, 0.774634087, 0.892699386, 20.045652790
0.302497256, 0.036879552, 0.405402490, 0.669177745, 0.205962857, 8.123948658
0.891810959, 0.686751996, 0.802675802, 0.290381785, 0.050840398, 14.566236800
0.955603662, 0.194893022, 0.255696206, 0.403765532, 0.592620135, 12.889022480
0.313815217, 0.190572545, 0.824288992, 0.553521010, 0.341162264, 11.047573290
0.114237853, 0.141278615, 0.708604056, 0.411756938, 0.076210619, 5.237348660
0.980974978, 0.366586513, 0.457474036, 0.063837584, 0.160235506, 12.018419320
0.517274510, 0.364291007, 0.913307881, 0.808028802, 0.862186994, 21.266463090
0.676814571, 0.207230733, 0.424354576, 0.797619586, 0.633282299, 16.425700670
0.859642219, 0.757555186, 0.160809529, 0.521708985, 0.915265512, 20.545280990
0.961788884, 0.939957716, 0.536051847, 0.776516100, 0.375942337, 14.077535910
0.396056676, 0.883943449, 0.419934809, 0.391086218, 0.069071860, 13.640017170
0.118373838, 0.760787244, 0.902849590, 0.097152522, 0.346243661, 9.818658957
0.004508398, 0.488305310, 0.857778503, 0.454003861, 0.983241136, 11.754694640
0.578030646, 0.050298665, 0.194514915, 0.542311056, 0.248207378, 10.334950150
0.467531462, 0.837819603, 0.437643659, 0.309704310, 0.817359684, 14.678935490
0.376665566, 0.443847877, 0.241322937, 0.243890036, 0.455373503, 10.858289250
0.519304033, 0.296236916, 0.554075913, 0.790865746, 0.303816117, 15.034957090
0.480551317, 0.705812249, 0.993424688, 0.635191512, 0.427162376, 22.053200670
0.595677775, 0.362750840, 0.787330675, 0.585887682, 0.214248440, 13.375426490
0.504022766, 0.218915396, 0.179430397, 0.397258466, 0.686716821, 12.336643260
0.238991398, 0.345850225, 0.806384020, 0.708783183, 0.170964190, 12.030191660
0.566332550, 0.163300795, 0.988431032, 0.592491888, 0.074156573, 16.349047440
0.436605290, 0.111880698, 0.991663924, 0.342720331, 0.067698942, 10.827395910
0.636034417, 0.705336338, 0.319499974, 0.020568319, 0.212784092, 12.744167680
0.827655687, 0.617833022, 0.949440873, 0.670138426, 0.640808376, 25.339730150
0.136633358, 0.087537947, 0.921502137, 0.283813521, 0.543916625, 10.088261030
0.340258297, 0.888065817, 0.905714867, 0.237040513, 0.186203354, 16.044993440
0.732414099, 0.250196987, 0.395934358, 0.682652896, 0.545422691, 14.073852150
0.853798711, 0.368466213, 0.918009690, 0.984494857, 0.935316595, 26.571625080
0.203104513, 0.900748882, 0.466092439, 0.705167627, 0.662594105, 15.521760630
0.366878075, 0.320904630, 0.815697477, 0.176250503, 0.167517571, 6.824588715
0.927151608, 0.767271445, 0.584186090, 0.502919580, 0.384517557, 13.511695720
0.352712190, 0.197749046, 0.304710984, 0.777898123, 0.948794432, 14.930129370
0.465494161, 0.829479612, 0.530591920, 0.154572123, 0.264144290, 14.419864700
0.337075863, 0.633374928, 0.586493013, 0.159211997, 0.832349003, 12.274797160
0.420825450, 0.138071328, 0.209836291, 0.013536451, 0.152816743, 4.979881182
0.167567215, 0.888943486, 0.525306655, 0.247982466, 0.647122707, 11.414830550
0.630311385, 0.499441759, 0.228838092, 0.630227011, 0.670803726, 20.437913730
0.021178713, 0.207466521, 0.740025405, 0.000829931, 0.362075250, 2.931041885
0.688422808, 0.211727756, 0.589623473, 0.903451229, 0.005851287, 14.648524990
0.981140356, 0.990766398, 0.528126167, 0.938412672, 0.362175476, 12.282607730
0.848119331, 0.591279992, 0.172125405, 0.654930544, 0.284196107, 19.850696080
0.356434274, 0.752333886, 0.882423156, 0.489140410, 0.059290350, 15.312532560
0.072437493, 0.619946249, 0.703437791, 0.673868810, 0.276912103, 11.080805200
0.122858289, 0.802585406, 0.402601184, 0.157555809, 0.566927405, 7.472131214
0.520839773, 0.378738363, 0.800790610, 0.775904142, 0.365906813, 16.705982020
0.086218271, 0.960969292, 0.890740255, 0.171371307, 0.248929335, 8.708381352
0.183550428, 0.860081140, 0.068201228, 0.015585873, 0.280183573, 10.162775100
0.965144512, 0.895574977, 0.653171604, 0.009647451, 0.958938550, 9.212674563
0.629993971, 0.382116956, 0.981954321, 0.984712732, 0.075063183, 20.978570390
0.005373158, 0.981115193, 0.743640156, 0.501303885, 0.516776860, 8.857655828
0.018297133, 0.907473412, 0.507704199, 0.374261378, 0.832324017, 7.060497040
0.424117752, 0.471769451, 0.459103323, 0.065060205, 0.167601327, 7.065076890
0.457664228, 0.931714930, 0.583651001, 0.247809361, 0.947058464, 15.333192920
0.597556754, 0.816211819, 0.227604969, 0.519729783, 0.477526294, 20.774509460
0.031331193, 0.914971302, 0.144480610, 0.155393144, 0.327394522, 6.413090705
0.511886282, 0.446499220, 0.280165828, 0.719922096, 0.566234111, 17.491446110
0.825914293, 0.515597681, 0.896151864, 0.318783790, 0.986929685, 22.170765050
0.166783272, 0.189836789, 0.598429724, 0.389644472, 0.909682984, 11.796646360
0.650237693, 0.195706725, 0.247077521, 0.759665245, 0.883696331, 16.593502860
0.546450663, 0.903290479, 0.427121820, 0.974718528, 0.921994212, 24.777976460
0.539523787, 0.874441727, 0.103525478, 0.935050866, 0.345883762, 27.107689530
0.745488821, 0.657033258, 0.934958400, 0.437775904, 0.608481506, 20.484473360
0.828861810, 0.463161757, 0.922946336, 0.467296367, 0.528947949, 19.721489880
0.454819005, 0.988775770, 0.978168760, 0.806714807, 0.957445394, 26.573293720
0.848127148, 0.668047801, 0.108780749, 0.547060616, 0.893634190, 22.792777840
0.419872823, 0.782325228, 0.427393887, 0.646691864, 0.372122147, 18.264125060
0.850563209, 0.592598604, 0.122218351, 0.517754487, 0.078141841, 17.177927110
0.674029522, 0.855267179, 0.790289484, 0.644353847, 0.410459770, 19.933680450
0.667499263, 0.721593505, 0.981142928, 0.016026471, 0.607293985, 18.262026480
0.535702414, 0.344738512, 0.888255420, 0.767811134, 0.884470968, 20.030961060
0.362628960, 0.590341156, 0.951822399, 0.059103187, 0.663722427, 13.662469880
0.709355501, 0.791698935, 0.486564334, 0.759654374, 0.776932908, 21.253517410
0.016499186, 0.249837486, 0.865277752, 0.104132974, 0.901266170, 7.149591811
0.203900300, 0.716177341, 0.788997009, 0.950951784, 0.508792994, 18.120276430
0.604295271, 0.995185689, 0.929981108, 0.555792127, 0.645805991, 23.639854850
0.237730023, 0.957878557, 0.536637185, 0.525125523, 0.469090185, 12.115080010
0.409238907, 0.346633534, 0.499260234, 0.446083882, 0.201135025, 10.290314850
0.396058487, 0.901729897, 0.100642034, 0.616744056, 0.254697853, 22.227833780
0.340737705, 0.596328509, 0.753617699, 0.490749054, 0.857785990, 15.305714980
0.579044559, 0.007940875, 0.198658816, 0.239555003, 0.881009452, 9.504497587
0.748475161, 0.985885967, 0.597407014, 0.345612538, 0.472061969, 14.361379170
0.340569704, 0.946387430, 0.682280530, 0.888408927, 0.275401848, 18.509280230
0.701669272, 0.305247376, 0.045803364, 0.046165615, 0.603834348, 11.880817710
0.821369068, 0.876941467, 0.653475783, 0.996992225, 0.671972576, 21.112159750
0.542742944, 0.489778034, 0.321400670, 0.687310922, 0.291896481, 18.194603560
0.524367807, 0.027557759, 0.856076426, 0.737907809, 0.203917666, 11.336696040
0.445271826, 0.225930607, 0.075818640, 0.826187003, 0.193880306, 15.564896190
0.434504145, 0.476533070, 0.242606324, 0.848037206, 0.784729111, 19.726977460
0.153256633, 0.344721409, 0.720287292, 0.152822441, 0.080520884, 4.407622099
0.804476415, 0.974200835, 0.837723415, 0.492986218, 0.828973994, 17.983457060
0.572814327, 0.820829734, 0.580144075, 0.806284084, 0.727312987, 21.879793870
0.461485025, 0.455760747, 0.237624332, 0.919890912, 0.459974439, 19.551269970
0.171098188, 0.566628363, 0.068484722, 0.799782581, 0.876056040, 18.946593200
0.988085136, 0.195445914, 0.685649511, 0.975179353, 0.447754819, 19.455358950
0.380547997, 0.573204285, 0.650608093, 0.833412437, 0.154872703, 15.543095960
0.965806248, 0.394492070, 0.517951087, 0.008951021, 0.119308197, 9.008649642
0.565016874, 0.242047522, 0.360044617, 0.209515257, 0.860668029, 11.087953190
0.531482014, 0.896183806, 0.632489002, 0.885812199, 0.772936932, 24.642798850
0.317515806, 0.534054220, 0.157823652, 0.197415053, 0.024567403, 8.833997251
0.521252440, 0.431536699, 0.333249992, 0.059496745, 0.528856004, 11.428642380
0.172048074, 0.895458185, 0.506158798, 0.196884252, 0.811567600, 10.550589580
0.226413261, 0.815961944, 0.773574291, 0.484440355, 0.900050364, 15.913876000
0.396688067, 0.084834550, 0.371445178, 0.174419789, 0.188074224, 3.323956614
0.701325559, 0.929637156, 0.177833368, 0.712831417, 0.928668698, 23.455901950
0.803102817, 0.484091583, 0.474761064, 0.839737876, 0.277008797, 18.343696510
0.972542643, 0.552619279, 0.485269735, 0.045399289, 0.077741227, 10.886542960
0.019084698, 0.642149379, 0.760381417, 0.917219458, 0.223625393, 11.380109510
0.352417468, 0.303276763, 0.692412730, 0.396752905, 0.721610646, 9.850745243
0.680385608, 0.278380218, 0.183449375, 0.867638674, 0.290739446, 18.030004100
0.197832411, 0.123434299, 0.459576034, 0.707559695, 0.155092903, 8.885848603
0.382014627, 0.976982933, 0.160707309, 0.517808792, 0.611476665, 18.082241900
0.398753780, 0.372203450, 0.621408453, 0.063748273, 0.283118589, 7.021060041
0.929114416, 0.044011307, 0.446375263, 0.062783125, 0.804401554, 5.539534088
0.352764104, 0.707588013, 0.433203515, 0.703044405, 0.810429211, 17.111562670
0.908447253, 0.071798313, 0.342557958, 0.473037329, 0.910931735, 12.152457730
0.563430024, 0.657591995, 0.422314357, 0.760624849, 0.307965067, 18.466691110
0.024561147, 0.426353223, 0.426330256, 0.200767480, 0.948752072, 7.219789222
0.133494121, 0.257088995, 0.082348988, 0.960740614, 0.644901207, 19.003866720
0.257792313, 0.989635732, 0.423848010, 0.822631719, 0.277436282, 18.100857180
0.074139334, 0.333722943, 0.704347553, 0.608648730, 0.750505868, 13.090108680
0.009133713, 0.913524179, 0.932284430, 0.176714259, 0.722067479, 9.748434975
0.048725736, 0.746776077, 0.299181742, 0.475218290, 0.330153641, 9.244821373
0.074921591, 0.016274534, 0.043521881, 0.639723218, 0.933053239, 13.793726790
0.373576087, 0.102077693, 0.716350142, 0.486072175, 0.926159326, 13.764688840
0.535193449, 0.346194305, 0.185591713, 0.907537777, 0.139836210, 16.719000020
0.957697874, 0.762145834, 0.245557945, 0.835901772, 0.602625523, 21.091239800
0.271902127, 0.562117798, 0.770219072, 0.532832915, 0.163386344, 15.320214200
0.807578011, 0.434973337, 0.084474427, 0.834670224, 0.507598962, 23.162144370
0.395472681, 0.148524058, 0.866104054, 0.219236499, 0.332988133, 6.693455771
0.970814787, 0.583346949, 0.261711474, 0.479713901, 0.481544999, 18.154348830
0.543182984, 0.811415805, 0.125949820, 0.164512702, 0.890574970, 19.866658590
0.855984425, 0.834364698, 0.507021683, 0.671278228, 0.834806157, 18.179900440
0.964867244, 0.172531945, 0.647559237, 0.890589686, 0.692629601, 19.647518060
0.886720169, 0.690111134, 0.792773663, 0.041470703, 0.495101703, 12.578262230
0.688073978, 0.785864465, 0.186235365, 0.228851415, 0.761078000, 17.929335630
0.835029529, 0.036326592, 0.974787504, 0.599407633, 0.993687429, 16.295619890
0.608443350, 0.733470141, 0.621582543, 0.773478256, 0.541283300, 21.538981530
0.655168058, 0.616821771, 0.017937154, 0.372118253, 0.784693761, 21.289593910
0.383417531, 0.754896936, 0.054136347, 0.884389890, 0.804436278, 24.836867510
0.121124298, 0.773054357, 0.378163652, 0.156557330, 0.760862084, 8.544988296
0.637858648, 0.621109284, 0.125605266, 0.780644995, 0.925827218, 26.264485800
0.576673512, 0.721888168, 0.875029047, 0.871596195, 0.157559271, 20.464703230
0.436991633, 0.906156897, 0.578210292, 0.814604735, 0.444432746, 19.599301060
0.976508974, 0.505960077, 0.245245435, 0.766743877, 0.402945918, 22.651771900
0.707916412, 0.658411659, 0.472225627, 0.939209797, 0.190747194, 19.447657360
0.144783367, 0.128770996, 0.871283085, 0.082503292, 0.476162237, 6.891852019
0.812516843, 0.939242848, 0.515336797, 0.334005929, 0.483554259, 12.029514270
0.611408651, 0.855688547, 0.928548012, 0.481348465, 0.534596891, 21.264907130
0.043064424, 0.147032020, 0.212793888, 0.060098175, 0.435508574, 7.249289042
0.347078638, 0.870633857, 0.706438828, 0.147060158, 0.489136122, 13.031322400
0.651198858, 0.635306616, 0.557601121, 0.411940476, 0.878741048, 18.113316120
0.178887178, 0.062299497, 0.054686253, 0.285016112, 0.354562288, 10.349340240
0.227420080, 0.703928619, 0.494298603, 0.717904540, 0.751815008, 15.783565730
0.838820364, 0.266126260, 0.837324648, 0.576698736, 0.969617422, 19.642953850
0.341164745, 0.790282812, 0.578824069, 0.842510432, 0.506280965, 18.722393930
0.358540494, 0.437517513, 0.070824517, 0.778908472, 0.871426445, 20.075384430
0.748774982, 0.930424256, 0.907944558, 0.134835064, 0.426491650, 15.405567770
0.718737794, 0.935200208, 0.812571450, 0.475536373, 0.454045087, 18.782386400
0.838330762, 0.457736800, 0.644438276, 0.239636600, 0.682377924, 14.429591660
0.216138717, 0.909668142, 0.062146454, 0.551648914, 0.955308504, 21.640695670
0.439676518, 0.274407615, 0.168516277, 0.209686224, 0.539731970, 8.473425098
0.526641758, 0.360032192, 0.087489358, 0.444314042, 0.819533095, 15.827128560
0.600652860, 0.223060722, 0.890678634, 0.566196410, 0.826270596, 17.583696920
0.985116588, 0.041340310, 0.214507944, 0.893844551, 0.658658609, 15.251976910
0.438015575, 0.962286331, 0.825387113, 0.338161620, 0.296599165, 18.327203740
0.037020773, 0.792336360, 0.746715992, 0.709087587, 0.160518812, 9.061686377
0.693067486, 0.827108135, 0.240323189, 0.425362148, 0.692979895, 19.129636310
0.786078867, 0.291884498, 0.808981221, 0.215897236, 0.538083790, 14.954144710
0.327868132, 0.204249240, 0.143108395, 0.678870952, 0.402948181, 14.056823670
0.089901741, 0.136325384, 0.062921938, 0.167680153, 0.998113389, 11.288828170
0.542815758, 0.204882426, 0.361631432, 0.793617408, 0.327886110, 14.157230550
0.036429965, 0.990011217, 0.111492664, 0.180777972, 0.631791522, 8.753545786
0.213111478, 0.179152741, 0.670399105, 0.200940043, 0.643487526, 7.587357434
0.149481000, 0.264223591, 0.151209728, 0.242066470, 0.546128003, 7.960097505
0.997057331, 0.311378810, 0.262620221, 0.404513706, 0.940434577, 19.454103320
0.188679149, 0.229247603, 0.652031408, 0.811786878, 0.770260049, 12.666300430
0.621151546, 0.540659514, 0.028418189, 0.306362804, 0.000429891, 16.067851890
0.450112456, 0.765760512, 0.745315864, 0.958430530, 0.957566028, 24.308826680
0.022392628, 0.129327781, 0.339462870, 0.076170745, 0.284211866, 1.999975073
0.563816569, 0.453855914, 0.530261185, 0.906427710, 0.237864571, 18.297794820
0.187086129, 0.584200807, 0.647449508, 0.812942501, 0.119625465, 12.420620940
0.799646545, 0.540045452, 0.997714486, 0.765290922, 0.133468595, 24.105490280
0.930124240, 0.961485239, 0.957863719, 0.390911603, 0.354181214, 12.969588140
0.622283759, 0.660120173, 0.251549192, 0.675937761, 0.596081822, 21.871217620
0.221279887, 0.401100920, 0.423460278, 0.014721380, 0.790003071, 6.431416547
0.289361613, 0.031729653, 0.828245574, 0.411113563, 0.757629619, 9.796162867
0.315697588, 0.677338511, 0.352844909, 0.501174846, 0.249487386, 12.680139020
0.514476390, 0.883955857, 0.541795776, 0.187641679, 0.040254545, 12.490242230
0.520255298, 0.638610263, 0.002716742, 0.892449570, 0.958554699, 26.794316850
0.436781784, 0.845225149, 0.167516954, 0.395335885, 0.805057665, 19.596196220
0.605954412, 0.289611647, 0.487314589, 0.127905124, 0.367551806, 9.263458461
0.708293894, 0.365658694, 0.345357002, 0.962444061, 0.374445353, 18.538189000
0.807353323, 0.228314773, 0.490708806, 0.462511703, 0.538766762, 12.165942650
0.952409287, 0.822931985, 0.226352622, 0.220430208, 0.056396819, 10.550454150
0.446291147, 0.236676903, 0.615196067, 0.051905880, 0.978971884, 9.082667538
0.270700499, 0.760927989, 0.285109293, 0.269688741, 0.824450846, 14.155048280
0.607907000, 0.465978319, 0.584401245, 0.615956549, 0.520591041, 16.536220420
0.430912056, 0.198626691, 0.924061888, 0.423132319, 0.793835089, 14.217000560
0.939139037, 0.495810128, 0.562593504, 0.442128199, 0.352367434, 16.253112000
0.933006947, 0.272556283, 0.986582189, 0.435007741, 0.422346456, 18.528885890
0.382252753, 0.315617122, 0.887081358, 0.237344894, 0.175529898, 9.842586798
0.517177338, 0.409964483, 0.472518593, 0.816433655, 0.406248403, 16.005302920
0.807945021, 0.039381487, 0.976910776, 0.452057517, 0.868198887, 15.846293580
0.994246505, 0.706250702, 0.299468195, 0.288469396, 0.269260324, 14.538299190
0.878136951, 0.394325461, 0.881681380, 0.204160401, 0.270629313, 15.708159260
0.136720688, 0.945200475, 0.025196540, 0.666546613, 0.365608841, 16.672270430
0.133412538, 0.455862187, 0.233866304, 0.012298970, 0.999514229, 9.335228676
0.097559374, 0.341937553, 0.380034075, 0.525980544, 0.866247964, 11.114336290
0.844588799, 0.917918879, 0.092633485, 0.964781404, 0.329493109, 20.614620460
0.089374254, 0.955872254, 0.832729616, 0.448890376, 0.763705899, 12.458203650
0.811891836, 0.801048509, 0.308738434, 0.331482420, 0.700177053, 16.959852710
0.548029942, 0.413383545, 0.051123134, 0.291625666, 0.266992933, 15.326112010
0.148602435, 0.635838990, 0.786052132, 0.029312947, 0.093775809, 6.943964768
0.713458221, 0.084512870, 0.212228008, 0.502588943, 0.137337759, 9.690427418
0.090685104, 0.829733961, 0.028553770, 0.637905652, 0.082739109, 13.033267100
0.177506737, 0.504990335, 0.721410056, 0.179489463, 0.977340636, 11.768975600
0.795929613, 0.036058521, 0.342060955, 0.591964417, 0.893864209, 10.271385750
0.884381457, 0.721615643, 0.198558927, 0.258553454, 0.464793919, 15.462946680
0.257684056, 0.926438751, 0.766297841, 0.022422279, 0.420533089, 11.221854950
0.670317194, 0.396489628, 0.135964816, 0.521783555, 0.647618295, 18.703601600
0.951106830, 0.031503912, 0.611248952, 0.287282038, 0.608225675, 8.246709867
0.530592623, 0.161473301, 0.040615751, 0.098615822, 0.717317093, 11.787536470
0.440567893, 0.028608350, 0.173937236, 0.448921893, 0.073234873, 8.413045097
0.679623174, 0.790519981, 0.908062601, 0.294130609, 0.868037434, 20.560925150
0.732944277, 0.457072944, 0.124707209, 0.960824239, 0.466179869, 23.251882030
0.481906682, 0.016855051, 0.744780027, 0.695976914, 0.400597620, 9.889567608
0.733211810, 0.084517791, 0.260555192, 0.123872001, 0.758248214, 9.693465454
0.553693098, 0.031246932, 0.087450857, 0.066190601, 0.269221497, 3.880657980
0.676263163, 0.791850079, 0.970953498, 0.945632422, 0.267340538, 26.682666250
0.600923753, 0.883506272, 0.126423394, 0.815483279, 0.072606506, 22.149548290
0.569649675, 0.740784032, 0.451307252, 0.499850029, 0.238466119, 14.924524320
0.726087806, 0.119669136, 0.481908365, 0.033378363, 0.020225654, 2.148753939
0.800832799, 0.190242490, 0.582818005, 0.066951485, 0.741862602, 7.905320591
0.700399618, 0.835978363, 0.354825135, 0.948979479, 0.138795050, 20.188669880
0.235653009, 0.559526605, 0.322117334, 0.725667622, 0.993045221, 15.073051140
0.625721395, 0.421148868, 0.314361707, 0.557650295, 0.894876801, 19.749972700
0.553318090, 0.348291759, 0.784691472, 0.666277506, 0.722711993, 18.013588590
0.143746399, 0.944713803, 0.245585265, 0.104210625, 0.663875526, 9.393898253
0.742630832, 0.588726790, 0.097130288, 0.127882015, 0.140600173, 14.807576430
0.495886985, 0.317401815, 0.414556464, 0.570357914, 0.696397273, 14.178897330
0.660848139, 0.400899401, 0.444339773, 0.072239494, 0.675400070, 11.065223130
0.426944954, 0.237723010, 0.889008333, 0.162165466, 0.838366866, 10.730170000
0.460966848, 0.366744394, 0.008019001, 0.965933825, 0.647419878, 20.551054810
0.710344420, 0.503880217, 0.818934236, 0.964459222, 0.165351002, 21.682509880
0.399909651, 0.724006586, 0.680011480, 0.604073182, 0.814050168, 20.453214280
0.655418667, 0.078052256, 0.762535495, 0.072425482, 0.501990095, 6.464462637
0.422833161, 0.855796751, 0.991217089, 0.954354881, 0.930609105, 27.779852940
0.053017960, 0.900716169, 0.144824520, 0.532935067, 0.166617962, 10.015387900
0.542474839, 0.856717398, 0.032888056, 0.204928133, 0.810519474, 20.595384870
0.635412433, 0.596829951, 0.678275774, 0.557698847, 0.371707875, 17.971816300
0.846819036, 0.821082283, 0.060428739, 0.681976891, 0.906372396, 22.192886230
0.688750272, 0.427751530, 0.159100460, 0.736944530, 0.743553204, 22.387740500
0.337175491, 0.611824180, 0.936598111, 0.541373973, 0.045119082, 13.955900100
0.122866029, 0.878602437, 0.965855962, 0.882732112, 0.523396879, 18.758684100
0.165876869, 0.288053628, 0.186011208, 0.027401799, 0.324397254, 5.359348761
0.996731568, 0.112055213, 0.705569279, 0.607217202, 0.691469210, 14.265762630
0.333765281, 0.120153960, 0.243370028, 0.348375926, 0.611294419, 8.196143085
0.033919980, 0.339453175, 0.980962541, 0.244437445, 0.831473753, 11.602559030
0.821574489, 0.894384265, 0.959198404, 0.498851418, 0.431100544, 16.782470140
0.231513081, 0.901299512, 0.873836128, 0.155944494, 0.742206662, 12.485780780
0.810636175, 0.469199120, 0.215886446, 0.432109584, 0.959551615, 19.651538090
0.564922177, 0.312025083, 0.609664151, 0.722949953, 0.302812474, 14.548902490
0.919876599, 0.319403513, 0.073232407, 0.426791741, 0.733019229, 19.360006810
0.978346016, 0.547554565, 0.744706278, 0.971685092, 0.130620100, 22.331392120
0.697045856, 0.898677955, 0.127527385, 0.657777435, 0.243517219, 19.217397020
0.891997601, 0.519770578, 0.878169984, 0.718740475, 0.961534209, 25.002916640
0.163152427, 0.531315830, 0.264090270, 0.841872442, 0.240583492, 14.202088130
0.198071468, 0.471217667, 0.040037870, 0.423250798, 0.957416447, 16.467349550
0.889776740, 0.708693086, 0.286124399, 0.239045141, 0.873655030, 15.858810950
0.819750141, 0.977465079, 0.895869116, 0.541918045, 0.388448442, 15.685121900
0.210576716, 0.285254022, 0.691076802, 0.276599988, 0.699810211, 8.954024414
0.770125539, 0.614244142, 0.703048692, 0.852531099, 0.919246984, 24.431655970
0.106145987, 0.671062669, 0.717803214, 0.756689189, 0.655855366, 14.062632570
