@relation Friedman_Benchmark_problem
@attribute input1 real [0.001211673, 0.99971881]
@attribute input2 real [1.60284E-4, 0.999677453]
@attribute input3 real [6.54566E-4, 0.999061886]
@attribute input4 real [2.12289E-4, 0.999480216]
@attribute input5 real [4.29891E-4, 0.999539431]
@attribute output real [0.664014955, 28.5903858]
@inputs input1, input2, input3, input4, input5
@outputs output
@data
0.063759507, 0.393446766, 0.252014862, 0.249282418, 0.413958864, 5.384894955
0.584634867, 0.910358740, 0.844509618, 0.140289114, 0.990711841, 18.836159490
0.765642011, 0.581521838, 0.337299622, 0.830910616, 0.584486700, 20.501159110
0.271974583, 0.273707745, 0.295087982, 0.270398259, 0.792631024, 10.918329070
0.352417468, 0.303276763, 0.692412730, 0.396752905, 0.721610646, 9.850745243
0.607156981, 0.100037900, 0.683547335, 0.329703746, 0.231812775, 7.671501487
0.206105640, 0.374821301, 0.331322495, 0.129546596, 0.488442077, 6.032721035
0.914466732, 0.189104986, 0.411397800, 0.549120651, 0.125239568, 10.113554160
0.055713017, 0.368866806, 0.852229748, 0.959679985, 0.228459896, 14.424663310
0.881634357, 0.742351398, 0.844403519, 0.098283417, 0.452763838, 13.012163780
0.922566561, 0.737521176, 0.406795929, 0.354149698, 0.315509348, 12.080805080
0.121124298, 0.773054357, 0.378163652, 0.156557330, 0.760862084, 8.544988296
0.282542067, 0.056967933, 0.693399649, 0.089277861, 0.009201675, 0.961277290
0.216138717, 0.909668142, 0.062146454, 0.551648914, 0.955308504, 21.640695670
0.174510855, 0.082435004, 0.805498268, 0.009813211, 0.586867978, 3.584697559
0.807353323, 0.228314773, 0.490708806, 0.462511703, 0.538766762, 12.165942650
0.509471592, 0.731829641, 0.510231808, 0.197909026, 0.875870902, 16.056641520
0.399909651, 0.724006586, 0.680011480, 0.604073182, 0.814050168, 20.453214280
0.521953182, 0.313525691, 0.347136707, 0.440927354, 0.558868374, 12.024332790
0.165617141, 0.737266484, 0.905468933, 0.821718490, 0.308614611, 15.242174360
0.487394366, 0.911393640, 0.008268824, 0.419446493, 0.595330392, 21.406415280
0.908447253, 0.071798313, 0.342557958, 0.473037329, 0.910931735, 12.152457730
0.382550848, 0.243202621, 0.704269362, 0.840733442, 0.054461781, 11.640474910
0.323085957, 0.238512857, 0.646096717, 0.527185686, 0.701953112, 11.432926330
0.915969019, 0.943061607, 0.019369819, 0.442315086, 0.187784192, 14.623322540
0.886720169, 0.690111134, 0.792773663, 0.041470703, 0.495101703, 12.578262230
0.952039105, 0.187381556, 0.485587291, 0.164108907, 0.924905553, 12.578107010
0.670214117, 0.384165473, 0.100434490, 0.578451308, 0.181619048, 16.030818550
0.144783367, 0.128770996, 0.871283085, 0.082503292, 0.476162237, 6.891852019
0.793837034, 0.484840160, 0.826541931, 0.679634367, 0.900442645, 20.800857680
0.782135288, 0.561987665, 0.492184560, 0.955894466, 0.050876777, 19.713098600
0.722782966, 0.662838820, 0.951375935, 0.674380895, 0.306098173, 22.128542430
0.900225371, 0.324695762, 0.048402482, 0.572098395, 0.789662647, 20.960348140
0.732944277, 0.457072944, 0.124707209, 0.960824239, 0.466179869, 23.251882030
0.331926454, 0.061027230, 0.559750553, 0.521512801, 0.988541846, 10.452585070
0.982496938, 0.313756853, 0.617378027, 0.480929818, 0.423074147, 16.264064610
0.546450663, 0.903290479, 0.427121820, 0.974718528, 0.921994212, 24.777976460
0.275034287, 0.323059695, 0.980593186, 0.617009441, 0.861043573, 18.318834250
0.561255701, 0.303564941, 0.522615976, 0.822826494, 0.190319707, 13.835132450
0.021118023, 0.611435268, 0.117090629, 0.158392533, 0.784396146, 9.182302460
0.549895189, 0.731976049, 0.948102867, 0.529583082, 0.246776245, 20.098397060
0.963371695, 0.484741991, 0.862420065, 0.038781210, 0.081589050, 13.485897050
0.667708908, 0.780515736, 0.656367212, 0.393719170, 0.927294897, 17.978097410
0.605148406, 0.373824896, 0.545631981, 0.863015609, 0.887625264, 20.156771910
0.762754600, 0.224252710, 0.597188464, 0.199230543, 0.854489811, 10.886845970
0.838893114, 0.980599737, 0.681348740, 0.737298117, 0.216132318, 16.297221270
0.015332581, 0.792600177, 0.337669316, 0.461675625, 0.327639261, 7.092607982
0.980334925, 0.080626670, 0.045850399, 0.508094381, 0.206245822, 11.679535780
0.465494161, 0.829479612, 0.530591920, 0.154572123, 0.264144290, 14.419864700
0.786078867, 0.291884498, 0.808981221, 0.215897236, 0.538083790, 14.954144710
0.500782690, 0.398124877, 0.195741185, 0.585506962, 0.475199415, 17.429635620
0.989973376, 0.739856505, 0.342067001, 0.651347935, 0.099394724, 14.713805830
0.963935375, 0.020642144, 0.937825768, 0.598197399, 0.107978169, 10.151333620
0.616992850, 0.698109682, 0.346514653, 0.331735635, 0.187002838, 16.114306330
0.336730963, 0.246111863, 0.275936978, 0.188389691, 0.386479226, 7.612976361
0.392023998, 0.279008684, 0.355609216, 0.649434837, 0.310862078, 13.667864130
0.307076037, 0.005085375, 0.154798726, 0.489618603, 0.755630525, 10.781509910
0.188679149, 0.229247603, 0.652031408, 0.811786878, 0.770260049, 12.666300430
0.523655533, 0.032320432, 0.630286024, 0.250373241, 0.126924826, 4.650543935
0.979529213, 0.167729039, 0.478219664, 0.806646545, 0.287045694, 14.256972950
0.501795080, 0.340810097, 0.307292145, 0.127482360, 0.215584815, 9.332889405
0.647343969, 0.776445349, 0.681097903, 0.273834706, 0.541973430, 15.893516070
0.888560739, 0.766341339, 0.449612702, 0.857673921, 0.426908976, 19.090133960
0.460531763, 0.093772420, 0.150263366, 0.947842438, 0.971911546, 20.211834550
0.397234094, 0.447366725, 0.799935551, 0.378370649, 0.189468872, 10.858852330
0.620291452, 0.093672351, 0.167487811, 0.109118609, 0.865183138, 9.610590885
0.080403307, 0.852205637, 0.722889135, 0.705525855, 0.180745595, 9.834006408
0.379624159, 0.500191257, 0.589658456, 0.247027562, 0.269018262, 9.806837250
0.382603875, 0.763985652, 0.314419256, 0.122835800, 0.581721123, 11.664889580
0.084481818, 0.907260598, 0.417659308, 0.043392507, 0.369142601, 5.130524480
0.901111137, 0.023798775, 0.939099216, 0.104731882, 0.783136618, 8.588867554
0.235029127, 0.432387504, 0.689006546, 0.944618444, 0.309069322, 15.830168430
0.889776740, 0.708693086, 0.286124399, 0.239045141, 0.873655030, 15.858810950
0.083859899, 0.799396359, 0.082966835, 0.028614089, 0.230294549, 7.178705376
0.027331964, 0.638546321, 0.374743689, 0.569093048, 0.274152969, 7.964327679
0.605954412, 0.289611647, 0.487314589, 0.127905124, 0.367551806, 9.263458461
0.791766882, 0.153877816, 0.445357238, 0.064765102, 0.269394097, 4.836611986
0.019052036, 0.321368622, 0.372566244, 0.184408928, 0.291411817, 5.959279973
0.018420799, 0.121995473, 0.328866436, 0.008591597, 0.589397388, 1.817550302
0.688422808, 0.211727756, 0.589623473, 0.903451229, 0.005851287, 14.648524990
0.010139130, 0.787718719, 0.396869310, 0.864817754, 0.586484332, 12.457985250
0.131944387, 0.037152450, 0.085539662, 0.296344358, 0.609265728, 11.150514030
0.917597582, 0.937180575, 0.261756300, 0.919950120, 0.041452398, 14.991063140
0.216596355, 0.404131732, 0.189066463, 0.033059590, 0.889563758, 9.272928317
0.238117637, 0.764636658, 0.707942804, 0.917603404, 0.994361340, 21.900162100
0.595677775, 0.362750840, 0.787330675, 0.585887682, 0.214248440, 13.375426490
0.838330762, 0.457736800, 0.644438276, 0.239636600, 0.682377924, 14.429591660
0.248700099, 0.694994780, 0.755057985, 0.635797699, 0.380529018, 15.372566310
0.523772575, 0.181789697, 0.567943493, 0.984367437, 0.683922608, 16.645625100
0.158721125, 0.011496923, 0.122606313, 0.327931431, 0.825913608, 10.553008370
0.844923114, 0.201229962, 0.490780113, 0.162814535, 0.212879326, 9.017386720
0.930911533, 0.693493541, 0.011389092, 0.063603660, 0.862876435, 20.101683470
0.095241590, 0.578981851, 0.392090099, 0.928193485, 0.999539431, 18.140816900
0.317863759, 0.951299895, 0.927591766, 0.090060497, 0.695471780, 17.795900560
0.750993356, 0.717071385, 0.569401687, 0.305293008, 0.493955905, 15.073410100
0.595514414, 0.758385632, 0.316620627, 0.742506447, 0.367147107, 19.904707470
0.345690531, 0.238030864, 0.912445832, 0.341847557, 0.496187827, 9.103478771
0.352273424, 0.888620372, 0.351999219, 0.195655032, 0.739394829, 14.131550380
0.760732994, 0.370057288, 0.543953796, 0.381559348, 0.505688184, 14.624249710
0.989413335, 0.239692233, 0.228751749, 0.782255415, 0.741758812, 19.650584600
0.935270551, 0.503412533, 0.225813381, 0.924543835, 0.156329168, 20.384249810
0.454819005, 0.988775770, 0.978168760, 0.806714807, 0.957445394, 26.573293720
0.528612718, 0.716835171, 0.249539522, 0.938969273, 0.828559522, 23.775695700
0.554510784, 0.061731801, 0.479342955, 0.838490609, 0.027594279, 6.864393232
0.961187482, 0.033592335, 0.121645243, 0.889257095, 0.605257499, 14.832597360
0.045625603, 0.300375693, 0.201008540, 0.316202423, 0.635320564, 6.509025079
0.235653009, 0.559526605, 0.322117334, 0.725667622, 0.993045221, 15.073051140
0.733211810, 0.084517791, 0.260555192, 0.123872001, 0.758248214, 9.693465454
0.088688993, 0.225922954, 0.000654566, 0.639823192, 0.914894197, 17.503537820
0.142980150, 0.419378914, 0.931637471, 0.822932803, 0.234382352, 15.135399760
0.417596361, 0.425183655, 0.939999796, 0.949321592, 0.498685014, 21.991140420
0.739108933, 0.000160284, 0.785475887, 0.370009414, 0.073785155, 5.726277248
0.452114529, 0.428114213, 0.721013835, 0.288201822, 0.641423566, 14.175616520
0.831420962, 0.596595652, 0.377224641, 0.934525530, 0.186559707, 20.818633680
0.088032510, 0.778604657, 0.887667887, 0.997648789, 0.120084284, 15.089249960
0.960190309, 0.240356082, 0.748404443, 0.291363635, 0.693582980, 12.842872040
0.370773338, 0.576277447, 0.832130532, 0.565285024, 0.875547344, 19.226318780
0.289369775, 0.111883162, 0.015865656, 0.027932287, 0.534318879, 9.024625854
0.239679811, 0.106749144, 0.594674505, 0.509637104, 0.357326617, 8.658540759
0.352764104, 0.707588013, 0.433203515, 0.703044405, 0.810429211, 17.111562670
0.125460043, 0.354410104, 0.872957706, 0.528960873, 0.136057983, 10.715891320
0.122858289, 0.802585406, 0.402601184, 0.157555809, 0.566927405, 7.472131214
0.028051290, 0.703048188, 0.847584559, 0.339276820, 0.248972553, 7.960514326
0.799646545, 0.540045452, 0.997714486, 0.765290922, 0.133468595, 24.105490280
0.114237853, 0.141278615, 0.708604056, 0.411756938, 0.076210619, 5.237348660
0.362668617, 0.979813764, 0.962306576, 0.024205617, 0.934690272, 18.109135750
0.865593845, 0.208473874, 0.633247248, 0.332551596, 0.200552924, 9.923332320
0.330049526, 0.627719101, 0.040620732, 0.147535558, 0.158041144, 13.362048910
0.939139037, 0.495810128, 0.562593504, 0.442128199, 0.352367434, 16.253112000
0.967035072, 0.462770691, 0.082284335, 0.325784014, 0.736124208, 21.661186970
0.513386612, 0.181247356, 0.241608687, 0.050242187, 0.639841870, 9.198685877
0.460362533, 0.431759181, 0.518243298, 0.878752025, 0.434963715, 16.841968380
0.508866383, 0.788074777, 0.893709391, 0.331260399, 0.519705091, 18.316163600
0.519304033, 0.296236916, 0.554075913, 0.790865746, 0.303816117, 15.034957090
0.745488821, 0.657033258, 0.934958400, 0.437775904, 0.608481506, 20.484473360
0.166783272, 0.189836789, 0.598429724, 0.389644472, 0.909682984, 11.796646360
0.388123388, 0.971124076, 0.620878177, 0.855904386, 0.048297143, 18.104572940
0.446291147, 0.236676903, 0.615196067, 0.051905880, 0.978971884, 9.082667538
0.670317194, 0.396489628, 0.135964816, 0.521783555, 0.647618295, 18.703601600
0.410744906, 0.137044531, 0.125669069, 0.407255460, 0.867195582, 14.847531180
0.964867244, 0.172531945, 0.647559237, 0.890589686, 0.692629601, 19.647518060
0.422951591, 0.018905504, 0.882280414, 0.087274762, 0.336759728, 8.272238086
0.938240955, 0.675750492, 0.756909553, 0.820045208, 0.875315864, 25.060895630
0.272446428, 0.907698338, 0.716705056, 0.971686738, 0.146778480, 17.486367070
0.315697588, 0.677338511, 0.352844909, 0.501174846, 0.249487386, 12.680139020
0.972151358, 0.709814578, 0.300293581, 0.394587137, 0.451598331, 16.296222680
0.091983196, 0.578294707, 0.643643986, 0.438915473, 0.800185991, 12.439239740
0.853788354, 0.266754424, 0.006520333, 0.247514271, 0.048984628, 14.809872520
0.419872823, 0.782325228, 0.427393887, 0.646691864, 0.372122147, 18.264125060
0.551273564, 0.268996603, 0.026961005, 0.995358841, 0.630504981, 21.008529450
0.726268031, 0.889660090, 0.563071896, 0.140422463, 0.300336136, 12.286698550
0.700499157, 0.813544870, 0.035490404, 0.762581405, 0.523309215, 25.833377110
0.639794065, 0.628842966, 0.078098175, 0.213500361, 0.998372374, 18.585397310
0.093112285, 0.667079972, 0.603728442, 0.428352735, 0.063536502, 7.442119469
0.795746843, 0.241068393, 0.744019535, 0.227178031, 0.326771162, 12.298502950
0.206465689, 0.910855862, 0.726745059, 0.574554120, 0.907339802, 17.114836880
0.436442829, 0.516352221, 0.306488043, 0.230400099, 0.970695389, 13.743141090
0.666612633, 0.013994812, 0.654372943, 0.807997922, 0.558915205, 11.433911550
0.500359582, 0.242781526, 0.568696825, 0.382843709, 0.119392302, 6.535004446
0.272497042, 0.404776325, 0.519617498, 0.374779335, 0.919178308, 12.763749980
0.296579564, 0.919220313, 0.874022657, 0.987840738, 0.795213307, 24.086903420
0.819352972, 0.076868390, 0.135787668, 0.782017377, 0.403987761, 14.141176610
0.479504516, 0.425177696, 0.881475480, 0.182012031, 0.751483667, 15.358244180
0.786517334, 0.598067374, 0.831002944, 0.491244410, 0.722677398, 22.686704520
0.244093214, 0.450785088, 0.371676276, 0.444038433, 0.112774609, 9.341272092
0.301295509, 0.234520757, 0.439677130, 0.280421400, 0.229895909, 6.842134814
0.136633358, 0.087537947, 0.921502137, 0.283813521, 0.543916625, 10.088261030
0.812680032, 0.541916589, 0.374145765, 0.696882046, 0.289903178, 18.361672290
0.238363493, 0.179191104, 0.047163047, 0.399608062, 0.762100051, 12.003820700
0.299934415, 0.867217906, 0.158385882, 0.719078448, 0.280766822, 18.637301810
0.348151395, 0.406173764, 0.243864196, 0.201591422, 0.040682044, 7.071846797
0.700696988, 0.756446488, 0.272281404, 0.287000302, 0.841296539, 16.088259780
0.187790286, 0.499726720, 0.027442635, 0.725446958, 0.825902740, 18.634649190
0.467808884, 0.562373001, 0.276567017, 0.375998002, 0.887708064, 16.944753470
0.745389943, 0.685954641, 0.971859705, 0.845492724, 0.795368866, 28.590385800
0.633843365, 0.187015142, 0.887036959, 0.801304323, 0.821085392, 18.921662920
0.115425356, 0.803747898, 0.819437991, 0.911834526, 0.338205328, 15.510281900
0.065729817, 0.743863739, 0.697108468, 0.513595478, 0.232512181, 9.241156419
0.716290015, 0.895567042, 0.575246335, 0.705587494, 0.786106008, 19.865429460
0.528955706, 0.085313281, 0.073061095, 0.744345821, 0.431631819, 16.270229290
0.841336174, 0.973893643, 0.820793649, 0.225756867, 0.369513774, 13.636229750
0.857342163, 0.168706002, 0.072977152, 0.919933593, 0.879148416, 23.052322340
0.653760626, 0.794436624, 0.373410386, 0.474727283, 0.507969638, 19.942552340
0.980974978, 0.366586513, 0.457474036, 0.063837584, 0.160235506, 12.018419320
0.383417531, 0.754896936, 0.054136347, 0.884389890, 0.804436278, 24.836867510
0.497189030, 0.104785853, 0.313192495, 0.074822065, 0.038829034, 2.228410859
0.795929613, 0.036058521, 0.342060955, 0.591964417, 0.893864209, 10.271385750
0.006871800, 0.699278834, 0.828757079, 0.434604684, 0.463928672, 7.813138711
0.111725772, 0.470135881, 0.415812312, 0.904040830, 0.796316358, 15.823783240
0.193069934, 0.351151654, 0.871722726, 0.400218301, 0.755258346, 12.797577380
0.723178009, 0.542554792, 0.641943846, 0.741834812, 0.771019388, 21.265598730
0.184005965, 0.333911721, 0.558342553, 0.693536675, 0.435013560, 11.718523020
0.006933296, 0.303224157, 0.175775178, 0.499353535, 0.362390996, 8.577788877
0.631652430, 0.669841337, 0.723096147, 0.738584090, 0.845670619, 21.218584420
0.986910952, 0.663788982, 0.282916764, 0.736862734, 0.940234279, 24.772758250
0.738546068, 0.472263207, 0.308286029, 0.888422456, 0.408265213, 19.142255050
0.219312282, 0.077246134, 0.845613298, 0.979530403, 0.179411338, 14.281374720
0.494396668, 0.681002274, 0.334662718, 0.933875696, 0.804534683, 23.430395290
0.257792313, 0.989635732, 0.423848010, 0.822631719, 0.277436282, 18.100857180
0.712476992, 0.447864264, 0.686268091, 0.050245327, 0.670684529, 13.510585940
0.084549336, 0.570359053, 0.707583904, 0.392845717, 0.349113727, 8.292473176
0.009466111, 0.178000142, 0.350717765, 0.610492577, 0.858929968, 11.669226710
0.384382825, 0.235050041, 0.637783305, 0.881169885, 0.180766288, 12.362402060
0.857917989, 0.823892475, 0.659325149, 0.443615010, 0.954335382, 16.795015980
0.316781174, 0.319241502, 0.482121635, 0.127908819, 0.403834036, 6.948990585
0.566332550, 0.163300795, 0.988431032, 0.592491888, 0.074156573, 16.349047440
0.998254374, 0.067532501, 0.448018997, 0.205897276, 0.328471756, 6.487956186
0.438793783, 0.605066269, 0.567155041, 0.240981547, 0.891096905, 13.681482290
0.853798711, 0.368466213, 0.918009690, 0.984494857, 0.935316595, 26.571625080
0.891810959, 0.686751996, 0.802675802, 0.290381785, 0.050840398, 14.566236800
0.519317632, 0.429787961, 0.158892582, 0.695373605, 0.475499085, 19.020265570
0.317515806, 0.534054220, 0.157823652, 0.197415053, 0.024567403, 8.833997251
0.115057276, 0.188838252, 0.791796505, 0.444802437, 0.616055988, 9.087926646
0.807945021, 0.039381487, 0.976910776, 0.452057517, 0.868198887, 15.846293580
0.835029529, 0.036326592, 0.974787504, 0.599407633, 0.993687429, 16.295619890
0.325826664, 0.154995867, 0.425737657, 0.380859501, 0.632491115, 9.373106789
0.539523787, 0.874441727, 0.103525478, 0.935050866, 0.345883762, 27.107689530
0.195853496, 0.688514441, 0.111650116, 0.727117265, 0.229989360, 14.223029040
0.831483132, 0.207165499, 0.783687822, 0.809427880, 0.602539196, 17.834256770
0.490243588, 0.893600516, 0.261996483, 0.278784858, 0.157419884, 13.779304130
0.055819849, 0.418063629, 0.014230964, 0.973621982, 0.152809616, 17.632532010
0.133494121, 0.257088995, 0.082348988, 0.960740614, 0.644901207, 19.003866720
0.520793741, 0.926653351, 0.873884010, 0.626192917, 0.051961353, 18.032318830
0.087844888, 0.935969099, 0.363850401, 0.586112139, 0.418647761, 10.724481280
0.726087806, 0.119669136, 0.481908365, 0.033378363, 0.020225654, 2.148753939
0.857240314, 0.168454818, 0.606093379, 0.654405387, 0.126630363, 11.496121140
0.708760122, 0.944489692, 0.044592692, 0.156156400, 0.823329002, 18.084692290
0.995953470, 0.470357061, 0.588025194, 0.206753836, 0.740745865, 14.723416210
0.519282797, 0.087675807, 0.275428346, 0.193111446, 0.758841709, 9.282674043
0.130435825, 0.221568178, 0.232402131, 0.632654428, 0.510468694, 11.602191520
0.238599333, 0.495379381, 0.332232018, 0.061979962, 0.916533591, 9.246902424
0.445224054, 0.756757112, 0.322922023, 0.628513890, 0.846236227, 19.150641900
0.221688914, 0.418153235, 0.894243282, 0.574603827, 0.395513936, 15.286410690
0.553318090, 0.348291759, 0.784691472, 0.666277506, 0.722711993, 18.013588590
0.221617342, 0.715240650, 0.589748250, 0.128886430, 0.004960676, 5.545440415
0.460966848, 0.366744394, 0.008019001, 0.965933825, 0.647419878, 20.551054810
0.118373838, 0.760787244, 0.902849590, 0.097152522, 0.346243661, 9.818658957
0.914104726, 0.633842441, 0.177942392, 0.783555483, 0.509722687, 22.710821480
0.019084698, 0.642149379, 0.760381417, 0.917219458, 0.223625393, 11.380109510
0.875136935, 0.931169562, 0.227596091, 0.432535564, 0.143101224, 13.034171460
0.818992445, 0.536127042, 0.515010004, 0.124573373, 0.646419951, 14.847168660
0.942201261, 0.569909705, 0.294539660, 0.885332553, 0.062325606, 20.352730510
0.566958812, 0.313816070, 0.198953997, 0.138531194, 0.726184541, 12.271240820
0.810038710, 0.601499014, 0.533140223, 0.181460601, 0.335890566, 13.944995170
0.710881843, 0.781905358, 0.303847368, 0.296325350, 0.422594252, 15.605069110
0.760435093, 0.444375560, 0.423703642, 0.404796686, 0.719582141, 15.816457700
0.133088132, 0.269872740, 0.631506050, 0.232246422, 0.103433052, 4.678903881
0.522995779, 0.552871092, 0.958324326, 0.914535234, 0.861863614, 25.389520960
0.611408651, 0.855688547, 0.928548012, 0.481348465, 0.534596891, 21.264907130
0.674029522, 0.855267179, 0.790289484, 0.644353847, 0.410459770, 19.933680450
0.321439993, 0.073498114, 0.036302927, 0.742371529, 0.042112057, 12.843182290
0.511886282, 0.446499220, 0.280165828, 0.719922096, 0.566234111, 17.491446110
0.937618290, 0.560553396, 0.406227198, 0.768636330, 0.988727390, 22.259200640
0.759670142, 0.931794384, 0.363970652, 0.767101990, 0.919973585, 20.726402170
0.997937898, 0.959426957, 0.743471990, 0.849740503, 0.512804735, 12.898209970
0.933006947, 0.272556283, 0.986582189, 0.435007741, 0.422346456, 18.528885890
0.289305537, 0.481002636, 0.138217035, 0.640827345, 0.776678494, 17.843565420
0.687171630, 0.923908327, 0.915007442, 0.499412344, 0.939959474, 21.746999490
0.950178894, 0.918247788, 0.322853691, 0.957424716, 0.079461278, 15.168337830
0.288278403, 0.393519548, 0.966807616, 0.228922000, 0.454288594, 12.659416640
0.135560709, 0.553052519, 0.740114551, 0.876328251, 0.631079762, 15.363457710
0.004940657, 0.733514722, 0.059410167, 0.678579774, 0.543287868, 13.711128850
0.660848139, 0.400899401, 0.444339773, 0.072239494, 0.675400070, 11.065223130
0.607907000, 0.465978319, 0.584401245, 0.615956549, 0.520591041, 16.536220420
0.453234531, 0.427658974, 0.250109677, 0.538469285, 0.518175875, 15.769087460
0.214744663, 0.218659458, 0.665861626, 0.638352088, 0.467178880, 11.088210220
0.537565401, 0.641126421, 0.713911269, 0.533903583, 0.678412557, 18.602751980
0.470605163, 0.024629465, 0.097306940, 0.862784494, 0.617844787, 14.849996090
0.231513081, 0.901299512, 0.873836128, 0.155944494, 0.742206662, 12.485780780
0.395243623, 0.898949043, 0.789879501, 0.617904589, 0.652299660, 21.963715950
0.467531462, 0.837819603, 0.437643659, 0.309704310, 0.817359684, 14.678935490
0.154620563, 0.739880395, 0.576683053, 0.815586062, 0.082038126, 13.109343440
0.604295271, 0.995185689, 0.929981108, 0.555792127, 0.645805991, 23.639854850
0.787533964, 0.582391015, 0.873487711, 0.734133590, 0.137310613, 19.769598380
0.851719282, 0.946391981, 0.726973345, 0.816547944, 0.528688152, 16.593796210
0.400314402, 0.699067025, 0.748578227, 0.998094784, 0.500204400, 21.660026970
0.832038169, 0.658187615, 0.271894887, 0.491009573, 0.416346801, 17.281071420
0.706888044, 0.558811153, 0.295662271, 0.910485704, 0.091423586, 18.507824880
0.972542643, 0.552619279, 0.485269735, 0.045399289, 0.077741227, 10.886542960
0.458116579, 0.374247358, 0.694629101, 0.163726844, 0.172662619, 7.841681274
0.200968215, 0.920167351, 0.174876741, 0.675799254, 0.235804141, 16.484951150
0.303017889, 0.150015720, 0.515708837, 0.987817672, 0.568688041, 14.760484740
0.740039016, 0.134505860, 0.193376889, 0.365754413, 0.285420758, 10.358818520
0.809497400, 0.285294399, 0.087624217, 0.768759468, 0.198063851, 20.002872310
0.049774196, 0.043701107, 0.399898356, 0.613085723, 0.326209738, 7.813881001
0.644832767, 0.113935222, 0.169143085, 0.365565032, 0.425503841, 9.846530539
0.546379333, 0.202756063, 0.478624023, 0.777858854, 0.563128945, 16.596848860
0.075873356, 0.363556557, 0.700271098, 0.573777889, 0.283971720, 6.973249846
0.548029942, 0.413383545, 0.051123134, 0.291625666, 0.266992933, 15.326112010
0.785417010, 0.791785364, 0.335382718, 0.004998688, 0.303440931, 10.744904680
0.906420014, 0.162280463, 0.967757318, 0.555949532, 0.191684878, 15.222346210
0.629283968, 0.409180444, 0.772471313, 0.652095367, 0.439925157, 18.555709990
0.966876529, 0.905722280, 0.309834823, 0.099123762, 0.705795348, 9.720212862
0.044367632, 0.945838454, 0.290788166, 0.041905374, 0.764005912, 5.984382867
0.732228247, 0.424937825, 0.525710692, 0.216032854, 0.869989912, 13.658829690
0.503023782, 0.407892609, 0.124642947, 0.329706305, 0.256951595, 13.162865360
0.248283344, 0.602045717, 0.902310398, 0.801742163, 0.121105138, 15.932787520
0.654225183, 0.356847229, 0.807962796, 0.213950649, 0.420655241, 14.285347990
0.708962721, 0.934205549, 0.044027503, 0.605432709, 0.165964301, 21.414684460
0.573878155, 0.268686634, 0.982759497, 0.892343756, 0.919358694, 22.647914780
0.766805826, 0.011340985, 0.591144949, 0.845875160, 0.551276084, 11.399981930
0.152666613, 0.550129973, 0.037788316, 0.330379738, 0.870737699, 13.797352470
0.884234697, 0.280287197, 0.911893405, 0.916457295, 0.738423070, 23.308778970
0.774930708, 0.805808285, 0.054497505, 0.431325383, 0.257912710, 18.781844180
0.678117829, 0.006525348, 0.296765545, 0.745742500, 0.148417059, 7.411490033
0.445271826, 0.225930607, 0.075818640, 0.826187003, 0.193880306, 15.564896190
0.749100912, 0.131380319, 0.497436438, 0.534581431, 0.335558882, 10.955700210
0.673717547, 0.791355056, 0.109333761, 0.978190130, 0.016593776, 21.842059570
0.804476415, 0.974200835, 0.837723415, 0.492986218, 0.828973994, 17.983457060
0.014850124, 0.054397020, 0.444461853, 0.271184776, 0.517007931, 6.372941776
0.121085360, 0.390646623, 0.751809666, 0.734058843, 0.403221466, 12.613329780
0.812318044, 0.986835271, 0.920524625, 0.683669748, 0.531917875, 16.995153780
0.965806248, 0.394492070, 0.517951087, 0.008951021, 0.119308197, 9.008649642
0.600652860, 0.223060722, 0.890678634, 0.566196410, 0.826270596, 17.583696920
0.182426286, 0.819879559, 0.248480084, 0.534227481, 0.859413796, 15.997708410
0.222522991, 0.609622413, 0.313045500, 0.631187077, 0.099608463, 11.415028420
0.901048123, 0.404946963, 0.195453133, 0.756541555, 0.205939960, 18.062704330
0.636034417, 0.705336338, 0.319499974, 0.020568319, 0.212784092, 12.744167680
0.333765281, 0.120153960, 0.243370028, 0.348375926, 0.611294419, 8.196143085
0.633043338, 0.329949978, 0.650065676, 0.506334848, 0.925871568, 16.859526440
0.503029897, 0.467947143, 0.920215414, 0.646907734, 0.492187073, 19.316026900
0.783987116, 0.748794922, 0.126252470, 0.136837719, 0.094562003, 13.181164230
0.632579488, 0.774477124, 0.351159898, 0.952684012, 0.521009425, 22.196416810
0.984296528, 0.987529428, 0.737840090, 0.538851618, 0.273062517, 8.383071106
0.919861032, 0.166525625, 0.659486045, 0.023770402, 0.660441332, 7.730188617
0.950526095, 0.328105207, 0.532568056, 0.562205053, 0.627150924, 14.923497970
0.053095221, 0.659491047, 0.072895606, 0.119075567, 0.652466642, 10.118602030
0.367555506, 0.973951174, 0.385804651, 0.198799801, 0.624169748, 13.222946180
0.163941493, 0.280729793, 0.258625306, 0.170453508, 0.235229466, 5.529560443
0.108199881, 0.842358312, 0.012308204, 0.090199079, 0.056479970, 9.298347874
0.123258676, 0.734787365, 0.558038121, 0.703708834, 0.335782282, 10.449881840
0.341036813, 0.533865794, 0.307294215, 0.147816153, 0.913766969, 12.723041470
0.233064450, 0.137286187, 0.498967626, 0.572378245, 0.538067770, 9.789964308
0.449546746, 0.209920300, 0.838594478, 0.047693463, 0.608824336, 8.162476344
0.690155657, 0.230033221, 0.367587989, 0.292967796, 0.448049353, 8.358575141
0.527532136, 0.104436805, 0.885191621, 0.678239052, 0.197058514, 12.052848180
0.737097756, 0.248386119, 0.611402073, 0.791083786, 0.445192442, 16.398689140
0.917717021, 0.110187588, 0.363629629, 0.417914770, 0.552285436, 10.329291870
0.981801457, 0.483431983, 0.996835596, 0.133718887, 0.464517473, 20.151112360
0.967742565, 0.411062054, 0.251759789, 0.744212899, 0.126211786, 20.135427250
0.082641266, 0.831203822, 0.464060783, 0.752272881, 0.283287385, 10.019373870
0.506963177, 0.096684415, 0.748968189, 0.827914036, 0.155076877, 11.112183590
0.481006148, 0.172709160, 0.387991218, 0.673075380, 0.484631260, 11.160299700
0.765918533, 0.297238225, 0.387938956, 0.159810315, 0.708429493, 12.225453180
0.466046263, 0.251673251, 0.894327966, 0.406279230, 0.279648861, 12.002032920
0.071299663, 0.445314572, 0.645742243, 0.045897671, 0.972349855, 7.432558696
0.943933771, 0.584889137, 0.407540105, 0.662695994, 0.548686082, 19.761391660
0.693067486, 0.827108135, 0.240323189, 0.425362148, 0.692979895, 19.129636310
0.725854314, 0.826540779, 0.668313573, 0.718924818, 0.771965165, 20.580209010
0.676781853, 0.885904151, 0.675996340, 0.171380255, 0.336812687, 13.716991750
0.354615935, 0.894421568, 0.325543609, 0.375113764, 0.203599869, 14.289779150
0.067186065, 0.045674481, 0.780408416, 0.602384161, 0.226169831, 8.951567984
0.258716893, 0.069932926, 0.022596127, 0.127891491, 0.233660319, 5.549913266
0.779609061, 0.751912779, 0.746728574, 0.832655589, 0.721862559, 21.858971060
0.580976992, 0.986368095, 0.332388881, 0.602530652, 0.664857837, 20.269937090
0.691956588, 0.916973698, 0.810017155, 0.389810891, 0.544087337, 18.573644560
0.436274935, 0.867468321, 0.617706907, 0.710864299, 0.609606083, 20.660612400
0.057977154, 0.604955763, 0.481875069, 0.706384063, 0.609209366, 12.854190380
0.841593141, 0.497566105, 0.808040111, 0.973260594, 0.603617325, 25.345017140
0.891769048, 0.275150939, 0.468694684, 0.261815969, 0.505957467, 11.367370100
0.033199599, 0.264592066, 0.770008985, 0.469566171, 0.820695517, 11.351512690
0.005622506, 0.429959927, 0.847766931, 0.130351691, 0.395279459, 5.294451700
0.016663279, 0.861391904, 0.941217636, 0.909732527, 0.694475681, 17.221195320
0.376665566, 0.443847877, 0.241322937, 0.243890036, 0.455373503, 10.858289250
0.116297516, 0.369227069, 0.390373861, 0.073017925, 0.320365481, 2.408298898
0.366878075, 0.320904630, 0.815697477, 0.176250503, 0.167517571, 6.824588715
0.560806920, 0.896086117, 0.673084145, 0.570712788, 0.181621885, 16.679440490
0.570494442, 0.037243696, 0.981664024, 0.133704971, 0.327849210, 10.359558190
0.827438144, 0.481335312, 0.405423979, 0.880221109, 0.862836447, 24.736986350
0.469790482, 0.023645856, 0.437276716, 0.705955058, 0.395951455, 10.245401480
0.792591964, 0.257008216, 0.289020598, 0.682617512, 0.197915377, 15.341180500
0.807578011, 0.434973337, 0.084474427, 0.834670224, 0.507598962, 23.162144370
0.822929835, 0.205234135, 0.815771145, 0.899742825, 0.585607274, 19.405660420
0.469194038, 0.165978543, 0.286595795, 0.868629425, 0.020905372, 11.616683480
0.838820364, 0.266126260, 0.837324648, 0.576698736, 0.969617422, 19.642953850
0.445553996, 0.997123229, 0.958561978, 0.248515441, 0.881470531, 19.954153650
0.215567295, 0.297733613, 0.253144385, 0.342327471, 0.209415213, 8.717971319
0.951106830, 0.031503912, 0.611248952, 0.287282038, 0.608225675, 8.246709867
0.312421581, 0.503675596, 0.809353908, 0.876060482, 0.001320643, 14.911531410
0.400747322, 0.950774746, 0.770111969, 0.480974588, 0.862751483, 20.008992080
0.839825558, 0.138136279, 0.847718824, 0.657902002, 0.466890217, 16.697048070
0.022392628, 0.129327781, 0.339462870, 0.076170745, 0.284211866, 1.999975073
0.061805675, 0.204864396, 0.184556334, 0.739083438, 0.749772902, 12.347363990
0.358540494, 0.437517513, 0.070824517, 0.778908472, 0.871426445, 20.075384430
0.559078081, 0.917156068, 0.601074479, 0.363780755, 0.902125726, 17.597202960
0.265398613, 0.691105054, 0.554066489, 0.698311722, 0.330749887, 13.680176610
0.929657692, 0.379523007, 0.506777455, 0.272716927, 0.564268094, 15.823688040
0.579044559, 0.007940875, 0.198658816, 0.239555003, 0.881009452, 9.504497587
0.558408249, 0.338741952, 0.996040682, 0.326864609, 0.348655034, 18.052622970
0.955603662, 0.194893022, 0.255696206, 0.403765532, 0.592620135, 12.889022480
0.005459407, 0.828165040, 0.620180113, 0.000212289, 0.296212864, 0.664014955
0.640609220, 0.634481283, 0.452011278, 0.414092508, 0.013848486, 14.247690660
0.090685104, 0.829733961, 0.028553770, 0.637905652, 0.082739109, 13.033267100
0.136673019, 0.477048239, 0.302084708, 0.985242428, 0.277214244, 14.985401480
0.584883811, 0.355236015, 0.984232039, 0.354178341, 0.596813273, 18.618628380
0.116757566, 0.887383580, 0.205468917, 0.121564385, 0.095153360, 6.846979910
0.347078638, 0.870633857, 0.706438828, 0.147060158, 0.489136122, 13.031322400
0.235446426, 0.530676378, 0.984037803, 0.446588005, 0.152124614, 14.443492540
0.227157914, 0.129199340, 0.078041646, 0.658331033, 0.680399661, 15.363633980
0.992573566, 0.276316563, 0.916293811, 0.132847172, 0.903401688, 15.845262500
0.930879300, 0.376931944, 0.059944466, 0.925926597, 0.736433775, 26.348464670
0.372402732, 0.578557948, 0.228936042, 0.592193056, 0.139325833, 14.719233300
0.377372756, 0.389163938, 0.190361284, 0.749496154, 0.013050527, 13.778223170
0.116485390, 0.214337503, 0.219941284, 0.254672774, 0.352637125, 7.112853777
0.081014022, 0.850041411, 0.468024605, 0.680976356, 0.080118236, 9.116547934
0.992996929, 0.434171449, 0.209130182, 0.078846108, 0.558954991, 16.356435460
0.884381457, 0.721615643, 0.198558927, 0.258553454, 0.464793919, 15.462946680
0.735111545, 0.741813187, 0.558632608, 0.542172079, 0.883317248, 20.954383000
0.999173272, 0.092032150, 0.059071818, 0.355649845, 0.048457356, 12.620697230
0.427334406, 0.062529991, 0.318373140, 0.953934844, 0.805434219, 16.079849960
0.111021002, 0.548591003, 0.923564432, 0.537615171, 0.129917328, 10.445677940
0.487778977, 0.688656675, 0.508529272, 0.477311962, 0.892103695, 14.814040590
0.760134791, 0.495111245, 0.698864055, 0.755214856, 0.176425651, 16.982944320
0.073955942, 0.532631714, 0.187388523, 0.554009929, 0.142836084, 10.338612420
0.667080621, 0.610101201, 0.015223263, 0.718996650, 0.477431206, 24.893595500
0.612114734, 0.790125912, 0.037905019, 0.476519590, 0.110222857, 21.243930870
0.035930078, 0.080623599, 0.015690601, 0.308720241, 0.152814661, 9.733226127
0.132633527, 0.805199615, 0.076745028, 0.924248215, 0.253042411, 19.355291430
0.350201925, 0.544432052, 0.078505593, 0.214754806, 0.318275596, 14.851121240
0.577508646, 0.923741555, 0.277143264, 0.035327113, 0.158904457, 11.404536140
0.596023917, 0.762219688, 0.970879791, 0.221756118, 0.078157055, 18.072815140
0.340569704, 0.946387430, 0.682280530, 0.888408927, 0.275401848, 18.509280230
0.315322881, 0.997338137, 0.069173897, 0.568174290, 0.251029578, 18.636486910
0.626932092, 0.311407195, 0.541393086, 0.232820973, 0.746107135, 11.518813720
0.700399618, 0.835978363, 0.354825135, 0.948979479, 0.138795050, 20.188669880
0.688750272, 0.427751530, 0.159100460, 0.736944530, 0.743553204, 22.387740500
0.089374254, 0.955872254, 0.832729616, 0.448890376, 0.763705899, 12.458203650
0.521259413, 0.500020314, 0.910833112, 0.503318029, 0.297686204, 17.685677990
0.964269598, 0.303049910, 0.464489875, 0.966393534, 0.162229190, 21.319897550
0.043064424, 0.147032020, 0.212793888, 0.060098175, 0.435508574, 7.249289042
0.183550428, 0.860081140, 0.068201228, 0.015585873, 0.280183573, 10.162775100
0.622283759, 0.660120173, 0.251549192, 0.675937761, 0.596081822, 21.871217620
0.016823425, 0.434188425, 0.375844920, 0.384287485, 0.298714829, 6.214250564
0.629993971, 0.382116956, 0.981954321, 0.984712732, 0.075063183, 20.978570390
0.411998011, 0.443789420, 0.667225462, 0.032589693, 0.274698285, 9.116009577
0.043941656, 0.762327388, 0.028601236, 0.104061811, 0.202374297, 6.701149626
0.424117752, 0.471769451, 0.459103323, 0.065060205, 0.167601327, 7.065076890
0.651976412, 0.271666435, 0.247384407, 0.773591888, 0.657258828, 17.651428780
0.848119331, 0.591279992, 0.172125405, 0.654930544, 0.284196107, 19.850696080
0.176779492, 0.362721032, 0.494585540, 0.535912897, 0.411886914, 10.251120930
0.135955820, 0.433430788, 0.935092963, 0.759319772, 0.490807454, 16.681083250
0.742462799, 0.938473297, 0.957576619, 0.571299181, 0.940582312, 21.893482050
0.779685021, 0.497916423, 0.248519422, 0.920572691, 0.155722658, 19.575318640
0.985116588, 0.041340310, 0.214507944, 0.893844551, 0.658658609, 15.251976910
0.340258297, 0.888065817, 0.905714867, 0.237040513, 0.186203354, 16.044993440
0.198071468, 0.471217667, 0.040037870, 0.423250798, 0.957416447, 16.467349550
0.063205596, 0.953487908, 0.416070799, 0.442643582, 0.413941948, 9.022453974
0.525396526, 0.130608036, 0.912849311, 0.304407345, 0.795863017, 12.592344740
0.897527548, 0.829371341, 0.467264105, 0.212098406, 0.229768402, 10.130999110
0.210576716, 0.285254022, 0.691076802, 0.276599988, 0.699810211, 8.954024414
0.520839773, 0.378738363, 0.800790610, 0.775904142, 0.365906813, 16.705982020
0.706252438, 0.316518497, 0.739487809, 0.721100291, 0.137284358, 16.475496210
0.743846533, 0.528126141, 0.938154910, 0.830695632, 0.473128939, 22.505809140
0.052707712, 0.853762347, 0.011339209, 0.573701099, 0.529824847, 15.445364230
0.574985121, 0.140196289, 0.079076629, 0.822899696, 0.909242128, 17.799646160
0.264299090, 0.892690096, 0.320758397, 0.379542677, 0.699957699, 14.115373560
0.848127148, 0.668047801, 0.108780749, 0.547060616, 0.893634190, 22.792777840
0.714726199, 0.537325488, 0.284947191, 0.677692527, 0.829631387, 20.702968180
0.348918298, 0.937933590, 0.657111548, 0.703839001, 0.614153159, 17.709813920
0.738857532, 0.531153578, 0.670619135, 0.361850215, 0.942286724, 19.910288430
0.801554780, 0.280820668, 0.151103889, 0.202620988, 0.152053159, 11.020900720
0.451018448, 0.663505258, 0.496470392, 0.047046781, 0.257763734, 10.892087630
0.053205477, 0.742317168, 0.508230487, 0.542944212, 0.466437081, 12.378374300
0.845853269, 0.336280328, 0.820427614, 0.630922785, 0.503999895, 18.911596710
0.318341723, 0.645392065, 0.606798487, 0.579269742, 0.219458361, 14.552201720
0.851336771, 0.189755494, 0.800037169, 0.376359861, 0.441518458, 13.683656350
0.487398005, 0.947133425, 0.008690227, 0.558044570, 0.767047391, 25.242623350
0.926669699, 0.034441366, 0.459980613, 0.680924267, 0.568549199, 12.506871950
0.021109642, 0.529123560, 0.733807685, 0.936596931, 0.529782861, 14.657417940
0.087329075, 0.870172208, 0.172580408, 0.123510460, 0.207553837, 6.609560509
0.455978497, 0.376150649, 0.386853249, 0.497087536, 0.108020536, 9.151690401
0.016499186, 0.249837486, 0.865277752, 0.104132974, 0.901266170, 7.149591811
0.608443350, 0.733470141, 0.621582543, 0.773478256, 0.541283300, 21.538981530
0.904755242, 0.812556945, 0.333081816, 0.407843361, 0.640976152, 16.304973590
0.605152048, 0.409591375, 0.808216847, 0.708978821, 0.092323719, 17.219195150
0.967855599, 0.521165184, 0.574595094, 0.309743639, 0.203602005, 15.345939620
0.336440904, 0.397443978, 0.508630667, 0.473111864, 0.642939612, 12.964803910
0.064983871, 0.417926933, 0.671731461, 0.286009469, 0.110320006, 4.128628241
0.237429384, 0.005309439, 0.355331948, 0.926386908, 0.257149889, 12.215084780
0.888273282, 0.943225266, 0.626667199, 0.709884059, 0.982673154, 16.881568990
0.150277914, 0.090716563, 0.138694404, 0.329071711, 0.024599882, 6.604591931
0.197702149, 0.844134039, 0.451724059, 0.593310322, 0.111997575, 12.343496310
0.946329521, 0.113556905, 0.453687824, 0.879448454, 0.274596252, 14.970046530
0.085152998, 0.498918356, 0.088501302, 0.382614660, 0.869898795, 12.317832830
0.455210531, 0.833948057, 0.415190074, 0.793046176, 0.717822071, 22.699008820
0.572814327, 0.820829734, 0.580144075, 0.806284084, 0.727312987, 21.879793870
0.574893507, 0.240461554, 0.784251387, 0.344200582, 0.605247364, 10.854432820
0.270700499, 0.760927989, 0.285109293, 0.269688741, 0.824450846, 14.155048280
0.356434274, 0.752333886, 0.882423156, 0.489140410, 0.059290350, 15.312532560
0.894193160, 0.082351078, 0.981264615, 0.211115100, 0.572726312, 13.044329220
0.166865502, 0.997425798, 0.930090280, 0.627971007, 0.514589235, 19.495978590
0.304962425, 0.247306564, 0.009096391, 0.546987010, 0.170752015, 15.050502830
0.149481000, 0.264223591, 0.151209728, 0.242066470, 0.546128003, 7.960097505
0.697375656, 0.137644563, 0.018580869, 0.694046034, 0.437428653, 15.320165150
0.517177338, 0.409964483, 0.472518593, 0.816433655, 0.406248403, 16.005302920
0.543182984, 0.811415805, 0.125949820, 0.164512702, 0.890574970, 19.866658590
0.203315357, 0.971450889, 0.830507068, 0.621240011, 0.409476305, 13.189745680
0.203900300, 0.716177341, 0.788997009, 0.950951784, 0.508792994, 18.120276430
0.267420537, 0.548423201, 0.275587474, 0.755913221, 0.035072033, 14.338394700
0.695936733, 0.005985921, 0.999061886, 0.998106408, 0.614360737, 18.675612410
0.661109353, 0.966279917, 0.046392482, 0.831896084, 0.262769266, 22.748373220
0.135084240, 0.873651829, 0.345934981, 0.638779191, 0.661762376, 13.656275280
0.095380472, 0.942943566, 0.860092261, 0.177426575, 0.717719907, 10.037828550
0.392723740, 0.151174656, 0.897623245, 0.769212230, 0.644638571, 18.991886510
0.526641758, 0.360032192, 0.087489358, 0.444314042, 0.819533095, 15.827128560
0.086218271, 0.960969292, 0.890740255, 0.171371307, 0.248929335, 8.708381352
0.836772920, 0.158174021, 0.638384908, 0.789509816, 0.987225107, 19.600636540
0.868292117, 0.708203148, 0.474445347, 0.739075274, 0.669591627, 18.822656650
0.584280067, 0.425861784, 0.599907628, 0.904139656, 0.766891658, 20.124485760
0.827655687, 0.617833022, 0.949440873, 0.670138426, 0.640808376, 25.339730150
0.287089026, 0.712649612, 0.143164136, 0.226306007, 0.762624870, 14.765836360
0.517274510, 0.364291007, 0.913307881, 0.808028802, 0.862186994, 21.266463090
0.004108159, 0.557557360, 0.982162272, 0.027003743, 0.415082555, 7.043573475
0.018297133, 0.907473412, 0.507704199, 0.374261378, 0.832324017, 7.060497040
0.110575450, 0.172821670, 0.492948842, 0.461905854, 0.588722584, 6.808470373
0.992207680, 0.682948275, 0.446333159, 0.649280848, 0.798535687, 17.683368730
0.541158080, 0.924828948, 0.956424029, 0.251718659, 0.340278234, 17.810314640
0.433284593, 0.499317833, 0.011763717, 0.742791589, 0.167519885, 20.381122180
0.469418693, 0.372314500, 0.712027920, 0.037532021, 0.813303754, 11.542470750
0.293744819, 0.079198150, 0.016362441, 0.906864336, 0.525973306, 14.470783670
0.594025144, 0.132270048, 0.235464156, 0.704801511, 0.066970474, 9.703866653
0.872151915, 0.615285114, 0.926433812, 0.717794786, 0.673925011, 23.210954030
0.581133816, 0.526530077, 0.263213342, 0.229555706, 0.677919423, 14.411301180
0.002741799, 0.138538636, 0.799266783, 0.810399423, 0.144058069, 13.349001850
0.380547997, 0.573204285, 0.650608093, 0.833412437, 0.154872703, 15.543095960
0.578444575, 0.115496983, 0.507192668, 0.350514544, 0.614664760, 8.422980244
0.676814571, 0.207230733, 0.424354576, 0.797619586, 0.633282299, 16.425700670
0.219606072, 0.962564282, 0.555140773, 0.248859475, 0.260231411, 11.882383370
0.985775037, 0.507968614, 0.971088165, 0.268194637, 0.150853633, 16.069921770
0.945272054, 0.728170658, 0.575359221, 0.814238570, 0.848323851, 20.103247630
0.355359989, 0.201775249, 0.846047057, 0.239478410, 0.128787872, 7.005291873
0.174722834, 0.164281324, 0.618211031, 0.661861757, 0.355642974, 9.863015846
0.676263163, 0.791850079, 0.970953498, 0.945632422, 0.267340538, 26.682666250
0.621151546, 0.540659514, 0.028418189, 0.306362804, 0.000429891, 16.067851890
0.674432047, 0.808460172, 0.098680024, 0.347847381, 0.420459577, 18.558255920
0.285555100, 0.647962807, 0.854050052, 0.836891784, 0.325534872, 19.902896420
0.196529080, 0.323418844, 0.507795410, 0.270052291, 0.394877162, 5.671471336
0.226413261, 0.815961944, 0.773574291, 0.484440355, 0.900050364, 15.913876000
0.495886985, 0.317401815, 0.414556464, 0.570357914, 0.696397273, 14.178897330
0.934092002, 0.928883209, 0.773323163, 0.018111577, 0.085127333, 5.802540442
0.680796605, 0.314787523, 0.739593203, 0.756174088, 0.597047172, 16.664452150
0.497386707, 0.046176295, 0.708724367, 0.593337594, 0.379841627, 11.018900360
0.742630832, 0.588726790, 0.097130288, 0.127882015, 0.140600173, 14.807576430
0.097559374, 0.341937553, 0.380034075, 0.525980544, 0.866247964, 11.114336290
0.023186165, 0.922654396, 0.600149282, 0.277422265, 0.775394699, 7.081981875
0.249345684, 0.035291081, 0.805036058, 0.470451521, 0.515713787, 9.813973875
0.727432410, 0.325024266, 0.274643514, 0.485277700, 0.123620424, 12.421103350
0.126376508, 0.355013633, 0.800212839, 0.101619019, 0.211713919, 5.897039170
0.520114646, 0.257264078, 0.801836579, 0.048371600, 0.268812743, 7.235893310
0.009133713, 0.913524179, 0.932284430, 0.176714259, 0.722067479, 9.748434975
0.701669272, 0.305247376, 0.045803364, 0.046165615, 0.603834348, 11.880817710
0.426944954, 0.237723010, 0.889008333, 0.162165466, 0.838366866, 10.730170000
0.457227182, 0.639479300, 0.537534014, 0.332883040, 0.455659614, 10.601203500
0.340737705, 0.596328509, 0.753617699, 0.490749054, 0.857785990, 15.305714980
0.197832411, 0.123434299, 0.459576034, 0.707559695, 0.155092903, 8.885848603
0.795163316, 0.510248931, 0.366079173, 0.474887580, 0.082245278, 14.650804200
0.195481826, 0.038339425, 0.742817968, 0.426593066, 0.781825556, 10.684851840
0.406454860, 0.004505338, 0.458250203, 0.686575222, 0.066579661, 6.287360779
0.052519947, 0.009726680, 0.737048343, 0.763103210, 0.647951742, 11.759908510
0.765876717, 0.886565632, 0.172394697, 0.299645177, 0.026612906, 15.322114800
0.796389209, 0.549745433, 0.261227440, 0.726016421, 0.418596574, 20.142751540
0.710344420, 0.503880217, 0.818934236, 0.964459222, 0.165351002, 21.682509880
0.694247634, 0.417341894, 0.926071148, 0.156072430, 0.998664269, 15.596516840
0.804492582, 0.132972909, 0.138261514, 0.077653101, 0.842434461, 10.987640860
0.074139334, 0.333722943, 0.704347553, 0.608648730, 0.750505868, 13.090108680
0.053017960, 0.900716169, 0.144824520, 0.532935067, 0.166617962, 10.015387900
0.542742944, 0.489778034, 0.321400670, 0.687310922, 0.291896481, 18.194603560
0.140198779, 0.103533598, 0.014795485, 0.517784073, 0.368709474, 13.052394390
0.440567893, 0.028608350, 0.173937236, 0.448921893, 0.073234873, 8.413045097
0.891997601, 0.519770578, 0.878169984, 0.718740475, 0.961534209, 25.002916640
0.082362454, 0.092983295, 0.400267323, 0.236705944, 0.900404847, 7.812646362
0.392227338, 0.276011984, 0.925024153, 0.873532644, 0.175427965, 15.839608480
0.625721395, 0.421148868, 0.314361707, 0.557650295, 0.894876801, 19.749972700
0.223955849, 0.681722949, 0.412408452, 0.474734244, 0.576340976, 12.542790400
0.001211673, 0.111166542, 0.977935861, 0.519413617, 0.372464380, 11.396522000
0.425233326, 0.427819304, 0.824715383, 0.741105369, 0.607158637, 19.962514170
0.625028250, 0.613770931, 0.055635805, 0.610570287, 0.622120138, 22.817332930
0.823805812, 0.808209224, 0.634120088, 0.904710356, 0.371733165, 19.424513500
0.949567128, 0.910087330, 0.178997087, 0.141720879, 0.052076193, 8.005818953
0.957697874, 0.762145834, 0.245557945, 0.835901772, 0.602625523, 21.091239800
0.833938966, 0.325911077, 0.984015046, 0.223095775, 0.234936353, 13.946846860
0.012879479, 0.700688598, 0.674048764, 0.044236834, 0.661271400, 5.235463824
0.855984425, 0.834364698, 0.507021683, 0.671278228, 0.834806157, 18.179900440
0.201806594, 0.153883576, 0.501922093, 0.588201439, 0.937658006, 10.137133000
0.682872502, 0.702168552, 0.208671952, 0.578569755, 0.344891769, 20.383848310
0.230653548, 0.459820623, 0.109667507, 0.255911756, 0.520679338, 10.582191940
0.414209257, 0.160437664, 0.869625892, 0.807210191, 0.822615523, 16.552993740
0.132440875, 0.913160034, 0.356023342, 0.716567403, 0.619794242, 16.639781600
0.576673512, 0.721888168, 0.875029047, 0.871596195, 0.157559271, 20.464703230
0.177027277, 0.796218776, 0.875921535, 0.636724693, 0.484534001, 16.973239950
0.563553103, 0.866356350, 0.697036401, 0.805824034, 0.209164906, 19.578891420
0.592191896, 0.127941900, 0.728724196, 0.011652736, 0.652847428, 8.956547851
0.671968069, 0.609734465, 0.413509225, 0.285422759, 0.348239864, 14.440431790
0.548106134, 0.161670937, 0.981603345, 0.537777411, 0.723283913, 18.310894750
0.252185631, 0.926410734, 0.491148100, 0.776818822, 0.348982621, 15.471964500
0.682650787, 0.524708674, 0.375210512, 0.153766690, 0.353991386, 12.539439790
0.630395569, 0.326207301, 0.893229303, 0.616315054, 0.041473635, 16.816237610
0.461485025, 0.455760747, 0.237624332, 0.919890912, 0.459974439, 19.551269970
0.207910667, 0.101989851, 0.853649674, 0.904776430, 0.020643655, 11.856590820
0.035865780, 0.449148509, 0.298831401, 0.034518682, 0.219300867, 2.225445244
