@relation Friedman_Benchmark_problem
@attribute input1 real [0.001211673, 0.99971881]
@attribute input2 real [1.60284E-4, 0.999677453]
@attribute input3 real [6.54566E-4, 0.999061886]
@attribute input4 real [2.12289E-4, 0.999480216]
@attribute input5 real [4.29891E-4, 0.999539431]
@attribute output real [0.664014955, 28.5903858]
@inputs input1, input2, input3, input4, input5
@outputs output
@data
0.227157914, 0.129199340, 0.078041646, 0.658331033, 0.680399661, 15.363633980
0.520084270, 0.958941356, 0.974381692, 0.613927354, 0.591868052, 22.779557370
0.305609614, 0.603341228, 0.625526554, 0.507615587, 0.504008025, 13.737306010
0.700696988, 0.756446488, 0.272281404, 0.287000302, 0.841296539, 16.088259780
0.700499157, 0.813544870, 0.035490404, 0.762581405, 0.523309215, 25.833377110
0.986910952, 0.663788982, 0.282916764, 0.736862734, 0.940234279, 24.772758250
0.631123985, 0.479984359, 0.137712336, 0.684183525, 0.577725423, 22.579412140
0.279818401, 0.307845189, 0.558923762, 0.401596552, 0.291064012, 6.463038454
0.667080621, 0.610101201, 0.015223263, 0.718996650, 0.477431206, 24.893595500
0.174510855, 0.082435004, 0.805498268, 0.009813211, 0.586867978, 3.584697559
0.258716893, 0.069932926, 0.022596127, 0.127891491, 0.233660319, 5.549913266
0.299529207, 0.887673530, 0.053062799, 0.341074887, 0.907787453, 21.132506670
0.055713017, 0.368866806, 0.852229748, 0.959679985, 0.228459896, 14.424663310
0.500782690, 0.398124877, 0.195741185, 0.585506962, 0.475199415, 17.429635620
0.182426286, 0.819879559, 0.248480084, 0.534227481, 0.859413796, 15.997708410
0.782135288, 0.561987665, 0.492184560, 0.955894466, 0.050876777, 19.713098600
0.436313114, 0.242422484, 0.042541288, 0.009318279, 0.726146460, 10.289765590
0.919861032, 0.166525625, 0.659486045, 0.023770402, 0.660441332, 7.730188617
0.392023998, 0.279008684, 0.355609216, 0.649434837, 0.310862078, 13.667864130
0.762754600, 0.224252710, 0.597188464, 0.199230543, 0.854489811, 10.886845970
0.063205596, 0.953487908, 0.416070799, 0.442643582, 0.413941948, 9.022453974
0.828634718, 0.232892988, 0.453366370, 0.722442124, 0.315431667, 16.555139670
0.187790286, 0.499726720, 0.027442635, 0.725446958, 0.825902740, 18.634649190
0.288299589, 0.601589996, 0.426680061, 0.636209188, 0.421762127, 12.447269440
0.271974583, 0.273707745, 0.295087982, 0.270398259, 0.792631024, 10.918329070
0.898723724, 0.577023070, 0.154900625, 0.490366866, 0.104313523, 16.748072290
0.682872502, 0.702168552, 0.208671952, 0.578569755, 0.344891769, 20.383848310
0.256045800, 0.837123987, 0.606006172, 0.797945513, 0.834213112, 16.588305530
0.841593141, 0.497566105, 0.808040111, 0.973260594, 0.603617325, 25.345017140
0.022411652, 0.316160681, 0.225374545, 0.614729857, 0.473257504, 11.736143330
0.445224054, 0.756757112, 0.322922023, 0.628513890, 0.846236227, 19.150641900
0.956439247, 0.401175940, 0.160231597, 0.845836671, 0.173275455, 21.889450990
0.557746714, 0.841800961, 0.538561579, 0.424596416, 0.172727743, 14.412036380
0.796389209, 0.549745433, 0.261227440, 0.726016421, 0.418596574, 20.142751540
0.674360053, 0.101402767, 0.087902336, 0.500172953, 0.409895975, 14.002486840
0.525396526, 0.130608036, 0.912849311, 0.304407345, 0.795863017, 12.592344740
0.792112470, 0.547899652, 0.133810578, 0.365009098, 0.965678816, 19.703662970
0.749100912, 0.131380319, 0.497436438, 0.534581431, 0.335558882, 10.955700210
0.253297429, 0.845377435, 0.663113905, 0.652990825, 0.234222041, 15.194071830
0.964269598, 0.303049910, 0.464489875, 0.966393534, 0.162229190, 21.319897550
0.828614962, 0.038864895, 0.903456721, 0.059786296, 0.372537155, 7.140200845
0.388123388, 0.971124076, 0.620878177, 0.855904386, 0.048297143, 18.104572940
0.554510784, 0.061731801, 0.479342955, 0.838490609, 0.027594279, 6.864393232
0.090962495, 0.553994840, 0.994652121, 0.689805108, 0.787294073, 16.511229750
0.897527548, 0.829371341, 0.467264105, 0.212098406, 0.229768402, 10.130999110
0.900225371, 0.324695762, 0.048402482, 0.572098395, 0.789662647, 20.960348140
0.842595070, 0.337512466, 0.921256791, 0.874273038, 0.446830187, 22.832261370
0.098336502, 0.974117992, 0.024126294, 0.155656083, 0.909714924, 12.909569790
0.839787035, 0.759798567, 0.193053281, 0.187602777, 0.658195380, 14.336151520
0.670214117, 0.384165473, 0.100434490, 0.578451308, 0.181619048, 16.030818550
0.487398005, 0.947133425, 0.008690227, 0.558044570, 0.767047391, 25.242623350
0.915189828, 0.290629088, 0.479596411, 0.327678652, 0.343365775, 13.284797870
0.024619648, 0.000893145, 0.982904395, 0.315392523, 0.681291088, 12.061703310
0.625885814, 0.035910243, 0.885819885, 0.848418962, 0.533948878, 15.502766800
0.603542512, 0.602335954, 0.752730408, 0.776662110, 0.809905253, 21.660990280
0.639136332, 0.169246703, 0.383199346, 0.612102274, 0.667757506, 11.468549170
0.487394366, 0.911393640, 0.008268824, 0.419446493, 0.595330392, 21.406415280
0.795746843, 0.241068393, 0.744019535, 0.227178031, 0.326771162, 12.298502950
0.812318044, 0.986835271, 0.920524625, 0.683669748, 0.531917875, 16.995153780
0.221688914, 0.418153235, 0.894243282, 0.574603827, 0.395513936, 15.286410690
0.671968069, 0.609734465, 0.413509225, 0.285422759, 0.348239864, 14.440431790
0.287509280, 0.839967849, 0.535569167, 0.036112456, 0.871757591, 11.062868660
0.392723740, 0.151174656, 0.897623245, 0.769212230, 0.644638571, 18.991886510
0.095241590, 0.578981851, 0.392090099, 0.928193485, 0.999539431, 18.140816900
0.904755242, 0.812556945, 0.333081816, 0.407843361, 0.640976152, 16.304973590
0.087329075, 0.870172208, 0.172580408, 0.123510460, 0.207553837, 6.609560509
0.366692712, 0.500447979, 0.110932615, 0.680541136, 0.805820423, 20.203585930
0.561718532, 0.849029947, 0.534438640, 0.933205951, 0.226973369, 20.108957430
0.851480948, 0.605718110, 0.968884272, 0.623758132, 0.139941572, 20.296523520
0.915969019, 0.943061607, 0.019369819, 0.442315086, 0.187784192, 14.623322540
0.197505366, 0.911527170, 0.319659840, 0.590613887, 0.630308013, 13.509337850
0.722782966, 0.662838820, 0.951375935, 0.674380895, 0.306098173, 22.128542430
0.942018050, 0.770598266, 0.256893238, 0.159813010, 0.734895591, 14.735730120
0.021118023, 0.611435268, 0.117090629, 0.158392533, 0.784396146, 9.182302460
0.730998395, 0.346559579, 0.772951666, 0.369635400, 0.400587729, 16.059072160
0.004090843, 0.387496350, 0.812983143, 0.518775776, 0.108219113, 8.397880004
0.176779492, 0.362721032, 0.494585540, 0.535912897, 0.411886914, 10.251120930
0.909850431, 0.852407415, 0.704549400, 0.590982800, 0.253403975, 11.418542490
0.566064728, 0.533016368, 0.965076272, 0.225395711, 0.822605619, 16.820363760
0.802253774, 0.145640116, 0.542904016, 0.071663679, 0.020318979, 6.097057776
0.727432410, 0.325024266, 0.274643514, 0.485277700, 0.123620424, 12.421103350
0.716290015, 0.895567042, 0.575246335, 0.705587494, 0.786106008, 19.865429460
0.786517334, 0.598067374, 0.831002944, 0.491244410, 0.722677398, 22.686704520
0.206465689, 0.910855862, 0.726745059, 0.574554120, 0.907339802, 17.114836880
0.723178009, 0.542554792, 0.641943846, 0.741834812, 0.771019388, 21.265598730
0.163941493, 0.280729793, 0.258625306, 0.170453508, 0.235229466, 5.529560443
0.766201502, 0.076276892, 0.326688195, 0.616091779, 0.848685298, 11.249429950
0.128068164, 0.968765138, 0.453745071, 0.441667611, 0.828933165, 12.149328760
0.793937889, 0.475332735, 0.454120682, 0.130545477, 0.298451714, 11.719419610
0.465739092, 0.234952003, 0.674951557, 0.910572536, 0.944198895, 18.100681580
0.551273564, 0.268996603, 0.026961005, 0.995358841, 0.630504981, 21.008529450
0.436215868, 0.287366679, 0.439482392, 0.367894694, 0.305120683, 8.282641459
0.581133816, 0.526530077, 0.263213342, 0.229555706, 0.677919423, 14.411301180
0.129402068, 0.069039302, 0.246315697, 0.277791751, 0.404111200, 6.381895356
0.507116790, 0.605318561, 0.044911120, 0.283440807, 0.883489761, 19.349279760
0.565412516, 0.127648074, 0.843059294, 0.896651074, 0.221524898, 15.518568120
0.318341723, 0.645392065, 0.606798487, 0.579269742, 0.219458361, 14.552201720
0.267420537, 0.548423201, 0.275587474, 0.755913221, 0.035072033, 14.338394700
0.710009262, 0.212290078, 0.112185168, 0.981858414, 0.042809130, 19.006265930
0.888273282, 0.943225266, 0.626667199, 0.709884059, 0.982673154, 16.881568990
0.982496938, 0.313756853, 0.617378027, 0.480929818, 0.423074147, 16.264064610
0.725854314, 0.826540779, 0.668313573, 0.718924818, 0.771965165, 20.580209010
0.930755009, 0.156273168, 0.970105708, 0.619482429, 0.148266092, 16.985265970
0.296140259, 0.604806607, 0.017013776, 0.303624812, 0.110604002, 12.237138750
0.661259415, 0.440043255, 0.876135588, 0.738940369, 0.344694497, 19.704030060
0.902322683, 0.922401546, 0.116912281, 0.406841001, 0.796794611, 17.782174690
0.831420962, 0.596595652, 0.377224641, 0.934525530, 0.186559707, 20.818633680
0.014850124, 0.054397020, 0.444461853, 0.271184776, 0.517007931, 6.372941776
0.216596355, 0.404131732, 0.189066463, 0.033059590, 0.889563758, 9.272928317
0.710881843, 0.781905358, 0.303847368, 0.296325350, 0.422594252, 15.605069110
0.528612718, 0.716835171, 0.249539522, 0.938969273, 0.828559522, 23.775695700
0.644832767, 0.113935222, 0.169143085, 0.365565032, 0.425503841, 9.846530539
0.380794021, 0.989410211, 0.209011527, 0.913535215, 0.040673041, 22.343799700
0.623516672, 0.768565062, 0.288802201, 0.537738771, 0.343801196, 17.652310530
0.533103344, 0.819271655, 0.278253654, 0.940462952, 0.497978053, 22.908542350
0.950178894, 0.918247788, 0.322853691, 0.957424716, 0.079461278, 15.168337830
0.701402673, 0.686975015, 0.992953375, 0.006418242, 0.244878057, 16.205775150
0.683182269, 0.744394009, 0.904893760, 0.172944777, 0.701983987, 19.173375240
0.487727325, 0.181389201, 0.634666005, 0.266165755, 0.225208680, 6.682119094
0.923795704, 0.808937440, 0.785926385, 0.794357946, 0.600716608, 19.995853030
0.614326254, 0.509469168, 0.708029497, 0.769020228, 0.758983634, 20.633351950
0.015332581, 0.792600177, 0.337669316, 0.461675625, 0.327639261, 7.092607982
0.770308554, 0.411632706, 0.856134942, 0.312596297, 0.219559682, 14.502097200
0.410744906, 0.137044531, 0.125669069, 0.407255460, 0.867195582, 14.847531180
0.251621767, 0.388700921, 0.643072582, 0.827158501, 0.734960746, 15.419655490
0.796846221, 0.038065659, 0.054167884, 0.194114316, 0.608022711, 9.412524234
0.938537933, 0.592365838, 0.836221631, 0.743969912, 0.739834185, 24.046932570
0.537565401, 0.641126421, 0.713911269, 0.533903583, 0.678412557, 18.602751980
0.838893114, 0.980599737, 0.681348740, 0.737298117, 0.216132318, 16.297221270
0.235029127, 0.432387504, 0.689006546, 0.944618444, 0.309069322, 15.830168430
0.400314402, 0.699067025, 0.748578227, 0.998094784, 0.500204400, 21.660026970
0.006923981, 0.211740255, 0.712372419, 0.420853078, 0.409404359, 7.390732514
0.924485153, 0.580016082, 0.549265648, 0.549253538, 0.430325535, 16.814192430
0.528955706, 0.085313281, 0.073061095, 0.744345821, 0.431631819, 16.270229290
0.083859899, 0.799396359, 0.082966835, 0.028614089, 0.230294549, 7.178705376
0.600704610, 0.731301057, 0.319006830, 0.177400955, 0.466102324, 14.817923370
0.135084240, 0.873651829, 0.345934981, 0.638779191, 0.661762376, 13.656275280
0.380817167, 0.216722275, 0.640791237, 0.422061528, 0.277591453, 8.708954225
0.012879479, 0.700688598, 0.674048764, 0.044236834, 0.661271400, 5.235463824
0.221617342, 0.715240650, 0.589748250, 0.128886430, 0.004960676, 5.545440415
0.110575450, 0.172821670, 0.492948842, 0.461905854, 0.588722584, 6.808470373
0.659257157, 0.775861893, 0.950976590, 0.752421388, 0.741777067, 25.077604150
0.446298950, 0.313318217, 0.309534307, 0.147756459, 0.327506430, 8.586384718
0.661109353, 0.966279917, 0.046392482, 0.831896084, 0.262769266, 22.748373220
0.616726053, 0.077891674, 0.185456891, 0.583458072, 0.353056907, 12.436164940
0.158210410, 0.995766228, 0.631449076, 0.672704480, 0.842023700, 15.899360510
0.217310411, 0.416874686, 0.337622857, 0.005402645, 0.270699443, 4.527822193
0.328590487, 0.298496802, 0.748423070, 0.474298591, 0.297791230, 12.000269140
0.563553103, 0.866356350, 0.697036401, 0.805824034, 0.209164906, 19.578891420
0.095380472, 0.942943566, 0.860092261, 0.177426575, 0.717719907, 10.037828550
0.932383767, 0.152301048, 0.959919697, 0.582673330, 0.646100545, 17.353484030
0.591904111, 0.301604868, 0.272733945, 0.731402877, 0.318981349, 13.859989740
0.301295509, 0.234520757, 0.439677130, 0.280421400, 0.229895909, 6.842134814
0.544828343, 0.970482929, 0.324173100, 0.915346046, 0.824845854, 24.898853160
0.002741799, 0.138538636, 0.799266783, 0.810399423, 0.144058069, 13.349001850
0.392740804, 0.318766967, 0.821705584, 0.181867222, 0.329318625, 10.495460160
0.651976412, 0.271666435, 0.247384407, 0.773591888, 0.657258828, 17.651428780
0.875136935, 0.931169562, 0.227596091, 0.432535564, 0.143101224, 13.034171460
0.165617141, 0.737266484, 0.905468933, 0.821718490, 0.308614611, 15.242174360
0.266796132, 0.416135488, 0.077953957, 0.797142428, 0.947112428, 17.387814810
0.318335262, 0.581935346, 0.398364866, 0.552673080, 0.013649064, 10.707997210
0.181366653, 0.413224035, 0.484570017, 0.173463435, 0.795719089, 7.517204892
0.071299663, 0.445314572, 0.645742243, 0.045897671, 0.972349855, 7.432558696
0.558408249, 0.338741952, 0.996040682, 0.326864609, 0.348655034, 18.052622970
0.069704290, 0.777159883, 0.698534309, 0.516775690, 0.465382056, 11.737061670
0.902896861, 0.561397288, 0.694091459, 0.883549117, 0.547205080, 23.928884860
0.116297516, 0.369227069, 0.390373861, 0.073017925, 0.320365481, 2.408298898
0.082641266, 0.831203822, 0.464060783, 0.752272881, 0.283287385, 10.019373870
0.795163316, 0.510248931, 0.366079173, 0.474887580, 0.082245278, 14.650804200
0.695290054, 0.654943394, 0.410396137, 0.711791616, 0.716792597, 21.135724850
0.130435825, 0.221568178, 0.232402131, 0.632654428, 0.510468694, 11.602191520
0.387240368, 0.298983460, 0.527885452, 0.574349942, 0.902104506, 12.549403680
0.738546068, 0.472263207, 0.308286029, 0.888422456, 0.408265213, 19.142255050
0.934860864, 0.479872369, 0.037863631, 0.070048834, 0.160922688, 16.764665060
0.607156981, 0.100037900, 0.683547335, 0.329703746, 0.231812775, 7.671501487
0.323085957, 0.238512857, 0.646096717, 0.527185686, 0.701953112, 11.432926330
0.616965758, 0.432032287, 0.200420890, 0.544886155, 0.538257294, 16.690698160
0.097314050, 0.932609373, 0.367983551, 0.177781436, 0.202805098, 6.877368368
0.090451953, 0.539952534, 0.085161857, 0.585923287, 0.563927450, 12.656185230
0.917163315, 0.672245376, 0.333161555, 0.190953861, 0.569198571, 14.715328040
0.745389943, 0.685954641, 0.971859705, 0.845492724, 0.795368866, 28.590385800
0.950603273, 0.086074406, 0.548067468, 0.781933887, 0.584030975, 13.186758600
0.905427390, 0.413728702, 0.440908890, 0.377539243, 0.024233717, 13.104994060
0.760732994, 0.370057288, 0.543953796, 0.381559348, 0.505688184, 14.624249710
0.503023782, 0.407892609, 0.124642947, 0.329706305, 0.256951595, 13.162865360
0.625028250, 0.613770931, 0.055635805, 0.610570287, 0.622120138, 22.817332930
0.283226000, 0.773870337, 0.391907649, 0.136346424, 0.269560731, 8.189885665
0.006871800, 0.699278834, 0.828757079, 0.434604684, 0.463928672, 7.813138711
0.757185453, 0.529658683, 0.989250305, 0.638575188, 0.658246866, 24.940478510
0.883320925, 0.306130870, 0.722602482, 0.890300696, 0.854467318, 21.294905660
0.912897425, 0.776935729, 0.497122874, 0.455074815, 0.501082266, 13.260701400
0.541158080, 0.924828948, 0.956424029, 0.251718659, 0.340278234, 17.810314640
0.841474223, 0.329671047, 0.910675963, 0.959963700, 0.014826891, 19.689389860
0.163473644, 0.685988112, 0.300577744, 0.185349306, 0.526863290, 9.255939802
0.592703863, 0.155963214, 0.926046828, 0.917221117, 0.239918418, 16.115759700
0.840473489, 0.501466827, 0.117031230, 0.575039676, 0.675985332, 22.079578640
0.419287179, 0.030711523, 0.829197496, 0.759931968, 0.503186926, 14.968354230
0.694050628, 0.482548051, 0.315731312, 0.008539367, 0.076446688, 10.669678050
0.233064450, 0.137286187, 0.498967626, 0.572378245, 0.538067770, 9.789964308
0.644179455, 0.697752430, 0.837943861, 0.657990749, 0.338469302, 21.694164670
0.632579488, 0.774477124, 0.351159898, 0.952684012, 0.521009425, 22.196416810
0.706888044, 0.558811153, 0.295662271, 0.910485704, 0.091423586, 18.507824880
0.824027011, 0.980605494, 0.737881138, 0.941980628, 0.403071331, 17.295402890
0.055819849, 0.418063629, 0.014230964, 0.973621982, 0.152809616, 17.632532010
0.749790184, 0.900722417, 0.206183295, 0.137468203, 0.286547594, 11.721539020
0.265398613, 0.691105054, 0.554066489, 0.698311722, 0.330749887, 13.680176610
0.580013093, 0.519908720, 0.234867453, 0.844586530, 0.895633865, 23.803526470
0.532913243, 0.952285036, 0.602661555, 0.950454469, 0.624666779, 25.288408680
0.521953182, 0.313525691, 0.347136707, 0.440927354, 0.558868374, 12.024332790
0.546379333, 0.202756063, 0.478624023, 0.777858854, 0.563128945, 16.596848860
0.980334925, 0.080626670, 0.045850399, 0.508094381, 0.206245822, 11.679535780
0.932878420, 0.010287868, 0.248479856, 0.531990661, 0.891606245, 13.366628360
0.214229886, 0.163039550, 0.422751590, 0.054694844, 0.369387388, 2.842880389
0.926669699, 0.034441366, 0.459980613, 0.680924267, 0.568549199, 12.506871950
0.734442030, 0.166503965, 0.446766772, 0.907791130, 0.628015550, 16.536892300
0.206969406, 0.857862431, 0.278257605, 0.979269610, 0.618163297, 17.849062980
0.522981545, 0.413078692, 0.057162524, 0.604477538, 0.785229528, 20.432126150
0.460531763, 0.093772420, 0.150263366, 0.947842438, 0.971911546, 20.211834550
0.694586373, 0.744094063, 0.959116488, 0.694354753, 0.469352355, 23.955948470
0.570494442, 0.037243696, 0.981664024, 0.133704971, 0.327849210, 10.359558190
0.984296528, 0.987529428, 0.737840090, 0.538851618, 0.273062517, 8.383071106
0.453234531, 0.427658974, 0.250109677, 0.538469285, 0.518175875, 15.769087460
0.691956588, 0.916973698, 0.810017155, 0.389810891, 0.544087337, 18.573644560
0.929657692, 0.379523007, 0.506777455, 0.272716927, 0.564268094, 15.823688040
0.065729817, 0.743863739, 0.697108468, 0.513595478, 0.232512181, 9.241156419
0.780143926, 0.004820877, 0.557158238, 0.062379016, 0.835640930, 4.826842507
0.779609061, 0.751912779, 0.746728574, 0.832655589, 0.721862559, 21.858971060
0.804979960, 0.919515161, 0.769721175, 0.642983686, 0.954109357, 19.326342880
0.942201261, 0.569909705, 0.294539660, 0.885332553, 0.062325606, 20.352730510
0.030199806, 0.803626268, 0.624902059, 0.374444071, 0.626545952, 6.239981765
0.650165783, 0.489485959, 0.452929910, 0.435972552, 0.897757597, 16.122249050
0.270019289, 0.070768623, 0.229972695, 0.773162405, 0.439304999, 11.085261480
0.889666184, 0.622920552, 0.914064134, 0.235187070, 0.983544748, 20.654716440
0.567270049, 0.370475062, 0.646909315, 0.507712582, 0.456596834, 13.170114570
0.469418693, 0.372314500, 0.712027920, 0.037532021, 0.813303754, 11.542470750
0.238117637, 0.764636658, 0.707942804, 0.917603404, 0.994361340, 21.900162100
0.723348804, 0.219935934, 0.202131765, 0.347388942, 0.918122804, 15.890320450
0.718989730, 0.409464958, 0.566681593, 0.591252858, 0.905641579, 17.499595250
0.401391319, 0.275471598, 0.617892946, 0.537953266, 0.450348916, 8.937239350
0.414209257, 0.160437664, 0.869625892, 0.807210191, 0.822615523, 16.552993740
0.206105640, 0.374821301, 0.331322495, 0.129546596, 0.488442077, 6.032721035
0.258785603, 0.744729439, 0.199144755, 0.011968565, 0.754599391, 12.090618110
0.206732632, 0.532510655, 0.998470907, 0.194100867, 0.475946500, 13.248449470
0.935937306, 0.051612613, 0.098802168, 0.547414881, 0.372876421, 12.604030330
0.919005708, 0.766384387, 0.872386841, 0.922490210, 0.987678493, 25.267785470
0.819352972, 0.076868390, 0.135787668, 0.782017377, 0.403987761, 14.141176610
0.201806594, 0.153883576, 0.501922093, 0.588201439, 0.937658006, 10.137133000
0.085152998, 0.498918356, 0.088501302, 0.382614660, 0.869898795, 12.317832830
0.851719282, 0.946391981, 0.726973345, 0.816547944, 0.528688152, 16.593796210
0.310490878, 0.542242074, 0.570738090, 0.430107315, 0.295265656, 10.982712830
0.782692946, 0.038748150, 0.756908661, 0.811284486, 0.836261081, 15.833397220
0.906420014, 0.162280463, 0.967757318, 0.555949532, 0.191684878, 15.222346210
0.275034287, 0.323059695, 0.980593186, 0.617009441, 0.861043573, 18.318834250
0.985775037, 0.507968614, 0.971088165, 0.268194637, 0.150853633, 16.069921770
0.708760122, 0.944489692, 0.044592692, 0.156156400, 0.823329002, 18.084692290
0.196529080, 0.323418844, 0.507795410, 0.270052291, 0.394877162, 5.671471336
0.052519947, 0.009726680, 0.737048343, 0.763103210, 0.647951742, 11.759908510
0.075873356, 0.363556557, 0.700271098, 0.573777889, 0.283971720, 6.973249846
0.031233241, 0.952988091, 0.507367705, 0.069562376, 0.383417764, 4.735364682
0.511552079, 0.164290367, 0.707018040, 0.835493144, 0.589491985, 14.191031020
0.642790346, 0.055310599, 0.416720691, 0.825228872, 0.784082595, 13.424420840
0.968496919, 0.819564145, 0.150798238, 0.200821887, 0.483081477, 12.519610160
0.111725772, 0.470135881, 0.415812312, 0.904040830, 0.796316358, 15.823783240
0.289305537, 0.481002636, 0.138217035, 0.640827345, 0.776678494, 17.843565420
0.173698764, 0.106889918, 0.977213839, 0.428435106, 0.872506253, 12.617155450
0.379624159, 0.500191257, 0.589658456, 0.247027562, 0.269018262, 9.806837250
0.367555506, 0.973951174, 0.385804651, 0.198799801, 0.624169748, 13.222946180
0.425233326, 0.427819304, 0.824715383, 0.741105369, 0.607158637, 19.962514170
0.708962721, 0.934205549, 0.044027503, 0.605432709, 0.165964301, 21.414684460
0.223955849, 0.681722949, 0.412408452, 0.474734244, 0.576340976, 12.542790400
0.732228247, 0.424937825, 0.525710692, 0.216032854, 0.869989912, 13.658829690
0.198124024, 0.987365118, 0.124147284, 0.461800589, 0.554915816, 14.331898950
0.963068456, 0.506634302, 0.866810022, 0.152549854, 0.403438675, 17.271904030
0.022460799, 0.798837431, 0.593734763, 0.280432182, 0.335789289, 4.698951751
0.857342163, 0.168706002, 0.072977152, 0.919933593, 0.879148416, 23.052322340
0.980575813, 0.446383119, 0.139941805, 0.579794740, 0.375465816, 19.918315120
0.417596361, 0.425183655, 0.939999796, 0.949321592, 0.498685014, 21.991140420
0.467287852, 0.445319165, 0.690848200, 0.031503816, 0.610299624, 9.086305014
0.592191896, 0.127941900, 0.728724196, 0.011652736, 0.652847428, 8.956547851
0.958304826, 0.723019274, 0.983621271, 0.355833216, 0.849344833, 19.633725660
0.479504516, 0.425177696, 0.881475480, 0.182012031, 0.751483667, 15.358244180
0.224932468, 0.273095714, 0.284338001, 0.694837815, 0.213508044, 10.112302060
0.149990901, 0.271962959, 0.159551297, 0.164610340, 0.849480690, 9.551073675
0.480305886, 0.295429886, 0.628236321, 0.120240264, 0.090960203, 5.873782634
0.750557522, 0.436750443, 0.537431382, 0.324928766, 0.336739509, 15.051730190
0.947461170, 0.227477670, 0.269523235, 0.199016048, 0.747937081, 11.325652200
0.737097756, 0.248386119, 0.611402073, 0.791083786, 0.445192442, 16.398689140
0.690155657, 0.230033221, 0.367587989, 0.292967796, 0.448049353, 8.358575141
0.400747322, 0.950774746, 0.770111969, 0.480974588, 0.862751483, 20.008992080
0.316728738, 0.804258644, 0.835465660, 0.319574595, 0.753424383, 16.319527450
0.326238888, 0.203445697, 0.251514250, 0.332771577, 0.360980135, 8.909221239
0.366914125, 0.674946446, 0.860374313, 0.947456440, 0.181028475, 18.948318310
0.200968215, 0.920167351, 0.174876741, 0.675799254, 0.235804141, 16.484951150
0.006933296, 0.303224157, 0.175775178, 0.499353535, 0.362390996, 8.577788877
0.091983196, 0.578294707, 0.643643986, 0.438915473, 0.800185991, 12.439239740
0.481006148, 0.172709160, 0.387991218, 0.673075380, 0.484631260, 11.160299700
0.907758072, 0.303356826, 0.478713647, 0.658049508, 0.915548818, 17.989491520
0.235446426, 0.530676378, 0.984037803, 0.446588005, 0.152124614, 14.443492540
0.844923114, 0.201229962, 0.490780113, 0.162814535, 0.212879326, 9.017386720
0.695936733, 0.005985921, 0.999061886, 0.998106408, 0.614360737, 18.675612410
0.240488021, 0.044183355, 0.136056894, 0.426087796, 0.819573061, 11.455561750
0.045627302, 0.317064835, 0.105071365, 0.117199101, 0.223694048, 5.348142259
0.087844888, 0.935969099, 0.363850401, 0.586112139, 0.418647761, 10.724481280
0.523895124, 0.385343879, 0.673567183, 0.314630715, 0.199579666, 10.685566050
0.018420799, 0.121995473, 0.328866436, 0.008591597, 0.589397388, 1.817550302
0.139452641, 0.775712580, 0.484577960, 0.251475222, 0.949479106, 9.682474503
0.049774196, 0.043701107, 0.399898356, 0.613085723, 0.326209738, 7.813881001
0.737277490, 0.013558788, 0.372184820, 0.438442097, 0.151158857, 6.053346087
0.001211673, 0.111166542, 0.977935861, 0.519413617, 0.372464380, 11.396522000
0.785824015, 0.788980947, 0.793205368, 0.281250781, 0.375244896, 15.943673680
0.073826775, 0.264086693, 0.806735212, 0.157842153, 0.379109454, 5.112230382
0.620291452, 0.093672351, 0.167487811, 0.109118609, 0.865183138, 9.610590885
0.966876529, 0.905722280, 0.309834823, 0.099123762, 0.705795348, 9.720212862
0.093112285, 0.667079972, 0.603728442, 0.428352735, 0.063536502, 7.442119469
0.729301705, 0.683367738, 0.565879564, 0.714525724, 0.568463577, 20.237420600
0.620926856, 0.333980654, 0.235328507, 0.372594857, 0.465413081, 13.214073390
0.992573566, 0.276316563, 0.916293811, 0.132847172, 0.903401688, 15.845262500
0.285555100, 0.647962807, 0.854050052, 0.836891784, 0.325534872, 19.902896420
0.851336771, 0.189755494, 0.800037169, 0.376359861, 0.441518458, 13.683656350
0.062523274, 0.252403755, 0.068608612, 0.016504580, 0.302809528, 7.154674940
0.574893507, 0.240461554, 0.784251387, 0.344200582, 0.605247364, 10.854432820
0.837944690, 0.666131688, 0.290639010, 0.577045304, 0.373258020, 18.490030280
0.664922660, 0.416767879, 0.288667049, 0.210413824, 0.685489780, 14.418049580
0.696481734, 0.358437482, 0.425834333, 0.330313732, 0.222490899, 11.094962050
0.304709726, 0.765541218, 0.591629792, 0.607510350, 0.570472256, 15.888087610
0.350201925, 0.544432052, 0.078505593, 0.214754806, 0.318275596, 14.851121240
0.354615935, 0.894421568, 0.325543609, 0.375113764, 0.203599869, 14.289779150
0.520114646, 0.257264078, 0.801836579, 0.048371600, 0.268812743, 7.235893310
0.675815453, 0.394887746, 0.403882928, 0.745564894, 0.404155001, 17.009681740
0.490446429, 0.885707220, 0.741938496, 0.789297998, 0.906965636, 24.534575280
0.090178852, 0.857831904, 0.978453824, 0.606336331, 0.040430198, 15.547689070
0.044891643, 0.092149888, 0.215375810, 0.417157683, 0.116928558, 7.304910574
0.600535058, 0.066129560, 0.669737890, 0.707139862, 0.031915700, 10.351713640
0.783987116, 0.748794922, 0.126252470, 0.136837719, 0.094562003, 13.181164230
0.073955942, 0.532631714, 0.187388523, 0.554009929, 0.142836084, 10.338612420
0.951054807, 0.520584582, 0.872511144, 0.143268759, 0.253813896, 16.129260090
0.248283344, 0.602045717, 0.902310398, 0.801742163, 0.121105138, 15.932787520
0.174722834, 0.164281324, 0.618211031, 0.661861757, 0.355642974, 9.863015846
0.791766882, 0.153877816, 0.445357238, 0.064765102, 0.269394097, 4.836611986
0.222522991, 0.609622413, 0.313045500, 0.631187077, 0.099608463, 11.415028420
0.024918046, 0.931460005, 0.080039109, 0.275420031, 0.111449833, 8.637497233
0.855329395, 0.401314627, 0.522281634, 0.539253636, 0.221282777, 14.502237210
0.997937898, 0.959426957, 0.743471990, 0.849740503, 0.512804735, 12.898209970
0.468462632, 0.982832937, 0.613598327, 0.360499389, 0.675823019, 17.348072530
0.341036813, 0.533865794, 0.307294215, 0.147816153, 0.913766969, 12.723041470
0.720805966, 0.246717091, 0.219872858, 0.582669688, 0.610333795, 16.318198280
0.431337477, 0.376692569, 0.709046465, 0.756656636, 0.336147055, 14.805597550
0.622518865, 0.969099516, 0.737678064, 0.947591560, 0.508042015, 24.707313380
0.812680032, 0.541916589, 0.374145765, 0.696882046, 0.289903178, 18.361672290
0.222869670, 0.014352068, 0.162988714, 0.923488652, 0.793382656, 15.996656240
0.516035010, 0.191157724, 0.571336197, 0.304114800, 0.922775656, 10.610983420
0.396406061, 0.315256698, 0.347357948, 0.613738967, 0.741718630, 15.961056220
0.694204341, 0.992161445, 0.228878170, 0.023839209, 0.336196457, 11.861429700
0.080477185, 0.577759683, 0.389172660, 0.276018292, 0.986977331, 10.265190900
0.847474247, 0.255903973, 0.444247506, 0.166081921, 0.301868304, 9.237334236
0.998254374, 0.067532501, 0.448018997, 0.205897276, 0.328471756, 6.487956186
0.596159249, 0.091307982, 0.947014417, 0.839912000, 0.987079422, 18.304028770
0.785417010, 0.791785364, 0.335382718, 0.004998688, 0.303440931, 10.744904680
0.488183011, 0.656678770, 0.453527197, 0.301926446, 0.430948980, 13.952518480
0.626932092, 0.311407195, 0.541393086, 0.232820973, 0.746107135, 11.518813720
0.336440904, 0.397443978, 0.508630667, 0.473111864, 0.642939612, 12.964803910
0.960190309, 0.240356082, 0.748404443, 0.291363635, 0.693582980, 12.842872040
0.341581351, 0.881773468, 0.108553664, 0.316860057, 0.093944522, 15.408293850
0.816265634, 0.756113612, 0.003112001, 0.774285777, 0.471940206, 23.301042430
0.759670142, 0.931794384, 0.363970652, 0.767101990, 0.919973585, 20.726402170
0.984867414, 0.594201138, 0.860705311, 0.198182589, 0.562532024, 17.334906230
0.753826527, 0.541648268, 0.738971646, 0.651861828, 0.146338196, 16.126532020
0.841738875, 0.928823009, 0.182095687, 0.573065532, 0.287912957, 16.716662630
0.887643049, 0.753712928, 0.425993712, 0.895572599, 0.629825054, 20.789402510
0.787216068, 0.460334107, 0.152594597, 0.842860176, 0.941113658, 23.648741450
0.878270434, 0.705255270, 0.523335609, 0.890345676, 0.296208239, 19.450503980
0.930911533, 0.693493541, 0.011389092, 0.063603660, 0.862876435, 20.101683470
0.061805675, 0.204864396, 0.184556334, 0.739083438, 0.749772902, 12.347363990
0.416395293, 0.629497355, 0.504853982, 0.382287598, 0.657828547, 15.162327010
0.913052139, 0.296379575, 0.955132501, 0.567619669, 0.804097048, 20.312342730
0.834049442, 0.410892355, 0.585143158, 0.902280388, 0.507019639, 21.415166010
0.321439993, 0.073498114, 0.036302927, 0.742371529, 0.042112057, 12.843182290
0.296579564, 0.919220313, 0.874022657, 0.987840738, 0.795213307, 24.086903420
0.682650787, 0.524708674, 0.375210512, 0.153766690, 0.353991386, 12.539439790
0.509471592, 0.731829641, 0.510231808, 0.197909026, 0.875870902, 16.056641520
0.082171782, 0.220394544, 0.706144075, 0.252284106, 0.893536716, 7.446815396
0.244093214, 0.450785088, 0.371676276, 0.444038433, 0.112774609, 9.341272092
0.629422662, 0.771288352, 0.034230970, 0.393681162, 0.554015495, 21.981043890
0.345258452, 0.994585137, 0.031952654, 0.018343634, 0.364155046, 14.540758800
0.282542067, 0.056967933, 0.693399649, 0.089277861, 0.009201675, 0.961277290
0.028051290, 0.703048188, 0.847584559, 0.339276820, 0.248972553, 7.960514326
0.436274935, 0.867468321, 0.617706907, 0.710864299, 0.609606083, 20.660612400
0.857626847, 0.964595220, 0.500985451, 0.389440488, 0.906357659, 14.168751940
0.053205477, 0.742317168, 0.508230487, 0.542944212, 0.466437081, 12.378374300
0.303017889, 0.150015720, 0.515708837, 0.987817672, 0.568688041, 14.760484740
0.466046263, 0.251673251, 0.894327966, 0.406279230, 0.279648861, 12.002032920
0.754369047, 0.869732765, 0.856809609, 0.938498974, 0.209747002, 24.538060680
0.650621553, 0.965595099, 0.320791260, 0.702295242, 0.452902851, 20.711168440
0.170225242, 0.993432684, 0.713720012, 0.655568657, 0.551109143, 14.275138600
0.760435093, 0.444375560, 0.423703642, 0.404796686, 0.719582141, 15.816457700
0.195994315, 0.071491985, 0.334114493, 0.549761897, 0.422915768, 9.090985453
0.680796605, 0.314787523, 0.739593203, 0.756174088, 0.597047172, 16.664452150
0.595514414, 0.758385632, 0.316620627, 0.742506447, 0.367147107, 19.904707470
0.616992850, 0.698109682, 0.346514653, 0.331735635, 0.187002838, 16.114306330
0.736249235, 0.915065325, 0.067887643, 0.935868652, 0.377357337, 22.415503240
0.525398819, 0.153129001, 0.091242591, 0.304814269, 0.792266000, 12.103966100
0.822929835, 0.205234135, 0.815771145, 0.899742825, 0.585607274, 19.405660420
0.152666613, 0.550129973, 0.037788316, 0.330379738, 0.870737699, 13.797352470
0.333399485, 0.527669244, 0.450976033, 0.246950171, 0.508954210, 9.110224319
0.967742565, 0.411062054, 0.251759789, 0.744212899, 0.126211786, 20.135427250
0.505989769, 0.536843771, 0.554004978, 0.094220660, 0.552431183, 11.027777910
0.178573700, 0.983631242, 0.453757221, 0.560996879, 0.761672202, 15.560554810
0.097589845, 0.641199352, 0.430166595, 0.877452400, 0.671345864, 14.891195550
0.494396668, 0.681002274, 0.334662718, 0.933875696, 0.804534683, 23.430395290
0.370773338, 0.576277447, 0.832130532, 0.565285024, 0.875547344, 19.226318780
0.981801457, 0.483431983, 0.996835596, 0.133718887, 0.464517473, 20.151112360
0.774868478, 0.194650794, 0.876772282, 0.991905565, 0.715884723, 22.376833490
0.395243623, 0.898949043, 0.789879501, 0.617904589, 0.652299660, 21.963715950
0.551209624, 0.641040743, 0.872468471, 0.724183363, 0.416139242, 22.112856840
0.656987531, 0.485872317, 0.963353730, 0.308312186, 0.145301068, 16.839670300
0.673717547, 0.791355056, 0.109333761, 0.978190130, 0.016593776, 21.842059570
0.566958812, 0.313816070, 0.198953997, 0.138531194, 0.726184541, 12.271240820
0.372402732, 0.578557948, 0.228936042, 0.592193056, 0.139325833, 14.719233300
0.946329521, 0.113556905, 0.453687824, 0.879448454, 0.274596252, 14.970046530
0.917597582, 0.937180575, 0.261756300, 0.919950120, 0.041452398, 14.991063140
0.998023234, 0.797512392, 0.580531944, 0.615552673, 0.554133127, 15.364784910
0.004108159, 0.557557360, 0.982162272, 0.027003743, 0.415082555, 7.043573475
0.514877706, 0.825276645, 0.253252699, 0.406087542, 0.397079077, 16.842556500
0.005459407, 0.828165040, 0.620180113, 0.000212289, 0.296212864, 0.664014955
0.460362533, 0.431759181, 0.518243298, 0.878752025, 0.434963715, 16.841968380
0.383754862, 0.067825828, 0.328785514, 0.213863950, 0.569176190, 4.372712093
0.362668617, 0.979813764, 0.962306576, 0.024205617, 0.934690272, 18.109135750
0.762546372, 0.179250415, 0.629656813, 0.070883279, 0.356014568, 7.476887852
0.035629264, 0.126330403, 0.902212766, 0.842905526, 0.386497712, 11.803168850
0.528947240, 0.002169218, 0.515220130, 0.188227140, 0.790071177, 5.862288428
0.333668779, 0.172404084, 0.391837590, 0.448296788, 0.934081076, 12.261853920
0.365838209, 0.108376121, 0.573215982, 0.765482144, 0.011458828, 9.939203791
0.178796595, 0.172682182, 0.123033434, 0.522684906, 0.499786478, 11.818843540
0.746217644, 0.814811152, 0.471650849, 0.294310511, 0.634852483, 14.800472030
0.633043338, 0.329949978, 0.650065676, 0.506334848, 0.925871568, 16.859526440
0.881634357, 0.742351398, 0.844403519, 0.098283417, 0.452763838, 13.012163780
0.506963177, 0.096684415, 0.748968189, 0.827914036, 0.155076877, 11.112183590
0.540148662, 0.011331640, 0.499361968, 0.445212243, 0.640768534, 6.868084070
0.766805826, 0.011340985, 0.591144949, 0.845875160, 0.551276084, 11.399981930
0.694247634, 0.417341894, 0.926071148, 0.156072430, 0.998664269, 15.596516840
0.532422108, 0.128847013, 0.617840580, 0.023660990, 0.585908559, 5.727393684
0.471898016, 0.721747020, 0.488811446, 0.828534203, 0.245735969, 19.693663710
0.513386612, 0.181247356, 0.241608687, 0.050242187, 0.639841870, 9.198685877
0.092120518, 0.926932704, 0.617410617, 0.800999255, 0.825011867, 15.380257790
0.452114529, 0.428114213, 0.721013835, 0.288201822, 0.641423566, 14.175616520
0.758325195, 0.723066760, 0.449972370, 0.389971759, 0.123973373, 13.832505600
0.043941656, 0.762327388, 0.028601236, 0.104061811, 0.202374297, 6.701149626
0.810716912, 0.262116166, 0.454194418, 0.854706083, 0.279769507, 15.181592680
0.823805812, 0.808209224, 0.634120088, 0.904710356, 0.371733165, 19.424513500
0.989318017, 0.303575906, 0.630298254, 0.370482719, 0.722107614, 17.090549760
0.422951591, 0.018905504, 0.882280414, 0.087274762, 0.336759728, 8.272238086
0.433284593, 0.499317833, 0.011763717, 0.742791589, 0.167519885, 20.381122180
0.287089026, 0.712649612, 0.143164136, 0.226306007, 0.762624870, 14.765836360
0.294472299, 0.223775207, 0.907630692, 0.052349484, 0.335608547, 7.130714562
0.026835988, 0.767560269, 0.420728074, 0.181740850, 0.088214407, 2.216392715
0.487791373, 0.810400841, 0.157982797, 0.760375476, 0.858878523, 22.818486940
0.739108933, 0.000160284, 0.785475887, 0.370009414, 0.073785155, 5.726277248
0.500359582, 0.242781526, 0.568696825, 0.382843709, 0.119392302, 6.535004446
0.514212918, 0.296390432, 0.061759624, 0.752590169, 0.399381099, 18.681489090
0.146730160, 0.248228745, 0.065834535, 0.772293471, 0.905506284, 16.763219590
0.402136725, 0.596101795, 0.527052892, 0.397774454, 0.754243205, 15.042205300
0.630395569, 0.326207301, 0.893229303, 0.616315054, 0.041473635, 16.816237610
0.386811669, 0.088729524, 0.623979350, 0.312521948, 0.489380867, 5.767377888
0.216189951, 0.412834925, 0.663125318, 0.765079129, 0.053452224, 11.180164980
0.143087318, 0.471880592, 0.550624142, 0.891023149, 0.949678077, 14.879345960
0.022065743, 0.918991483, 0.626685257, 0.887231771, 0.714552867, 14.859963410
0.602370235, 0.089409571, 0.302720430, 0.228674405, 0.022656705, 4.769197650
0.289369775, 0.111883162, 0.015865656, 0.027932287, 0.534318879, 9.024625854
0.226416193, 0.844755044, 0.550614920, 0.800453186, 0.462063830, 15.166756580
0.872151915, 0.615285114, 0.926433812, 0.717794786, 0.673925011, 23.210954030
0.429136245, 0.758386882, 0.328896027, 0.299210294, 0.755628669, 15.394547570
0.288278403, 0.393519548, 0.966807616, 0.228922000, 0.454288594, 12.659416640
0.132440875, 0.913160034, 0.356023342, 0.716567403, 0.619794242, 16.639781600
0.758367847, 0.141954006, 0.341619381, 0.255265415, 0.172967363, 7.554170390
0.406605375, 0.482717658, 0.981441539, 0.948682755, 0.224664785, 21.314566430
0.272446428, 0.907698338, 0.716705056, 0.971686738, 0.146778480, 17.486367070
0.464206378, 0.182161842, 0.222773776, 0.072579927, 0.018790432, 5.373667205
0.464760237, 0.621617700, 0.118762548, 0.578312113, 0.814590283, 20.333352150
0.384382825, 0.235050041, 0.637783305, 0.881169885, 0.180766288, 12.362402060
0.846813799, 0.769648069, 0.925009895, 0.733507239, 0.985916801, 24.494567580
0.519121416, 0.502755257, 0.770705133, 0.306437360, 0.732636709, 13.987199800
0.152168220, 0.655417028, 0.061961304, 0.733290645, 0.858755792, 19.712251090
0.999173272, 0.092032150, 0.059071818, 0.355649845, 0.048457356, 12.620697230
0.340844690, 0.647022933, 0.623555606, 0.150929782, 0.492720177, 10.047974250
0.862477908, 0.606859729, 0.180729244, 0.153234018, 0.122614133, 13.014425200
0.809497400, 0.285294399, 0.087624217, 0.768759468, 0.198063851, 20.002872310
0.016663279, 0.861391904, 0.941217636, 0.909732527, 0.694475681, 17.221195320
0.033199599, 0.264592066, 0.770008985, 0.469566171, 0.820695517, 11.351512690
0.221333093, 0.923635614, 0.236692237, 0.765782111, 0.957434699, 20.209139520
0.775131535, 0.778135779, 0.282810808, 0.696271908, 0.297737193, 17.842202140
0.135560709, 0.553052519, 0.740114551, 0.876328251, 0.631079762, 15.363457710
0.952039105, 0.187381556, 0.485587291, 0.164108907, 0.924905553, 12.578107010
0.596590424, 0.325878186, 0.660993509, 0.828579662, 0.692189710, 17.198033210
0.237429384, 0.005309439, 0.355331948, 0.926386908, 0.257149889, 12.215084780
0.451018448, 0.663505258, 0.496470392, 0.047046781, 0.257763734, 10.892087630
0.111021002, 0.548591003, 0.923564432, 0.537615171, 0.129917328, 10.445677940
0.853788354, 0.266754424, 0.006520333, 0.247514271, 0.048984628, 14.809872520
0.558434550, 0.597047285, 0.812709822, 0.834489062, 0.728401137, 22.294423830
0.605148406, 0.373824896, 0.545631981, 0.863015609, 0.887625264, 20.156771910
0.956510934, 0.105212338, 0.501699728, 0.404354623, 0.378079078, 8.635755062
0.801554780, 0.280820668, 0.151103889, 0.202620988, 0.152053159, 11.020900720
0.084481818, 0.907260598, 0.417659308, 0.043392507, 0.369142601, 5.130524480
0.035930078, 0.080623599, 0.015690601, 0.308720241, 0.152814661, 9.733226127
0.189125635, 0.614187977, 0.151450360, 0.605310264, 0.963429089, 17.200251850
0.397234094, 0.447366725, 0.799935551, 0.378370649, 0.189468872, 10.858852330
0.311100994, 0.534185191, 0.444084528, 0.565471982, 0.711664413, 14.633213260
0.208808765, 0.922204838, 0.185037283, 0.462486721, 0.293416150, 13.454488880
0.963894300, 0.617246192, 0.186178731, 0.672646466, 0.272272124, 18.706177800
0.193170430, 0.338118362, 0.871764046, 0.806026189, 0.194531924, 14.707368330
0.466445364, 0.171247535, 0.033371360, 0.951452660, 0.427901242, 18.927372730
0.594025144, 0.132270048, 0.235464156, 0.704801511, 0.066970474, 9.703866653
0.578444575, 0.115496983, 0.507192668, 0.350514544, 0.614664760, 8.422980244
0.985327835, 0.115991137, 0.360278629, 0.507743419, 0.759441183, 13.899032190
0.103704503, 0.693246341, 0.583643147, 0.170670906, 0.370295317, 6.155213234
0.327160444, 0.254045662, 0.193774792, 0.273555910, 0.803915740, 11.558867870
0.123258676, 0.734787365, 0.558038121, 0.703708834, 0.335782282, 10.449881840
0.052707712, 0.853762347, 0.011339209, 0.573701099, 0.529824847, 15.445364230
0.290812270, 0.278634693, 0.682643687, 0.454979097, 0.561034697, 10.674156880
0.888560739, 0.766341339, 0.449612702, 0.857673921, 0.426908976, 19.090133960
0.930879300, 0.376931944, 0.059944466, 0.925926597, 0.736433775, 26.348464670
0.924937884, 0.026288165, 0.387395880, 0.826263110, 0.941329153, 14.380572060
0.857240314, 0.168454818, 0.606093379, 0.654405387, 0.126630363, 11.496121140
0.751543935, 0.124316473, 0.123407293, 0.194355767, 0.979310433, 10.862419660
0.519317632, 0.429787961, 0.158892582, 0.695373605, 0.475499085, 19.020265570
0.439875686, 0.230437535, 0.338356808, 0.213541653, 0.403901146, 8.158971721
0.315322881, 0.997338137, 0.069173897, 0.568174290, 0.251029578, 18.636486910
0.868292117, 0.708203148, 0.474445347, 0.739075274, 0.669591627, 18.822656650
0.330898784, 0.968284207, 0.730527277, 0.719714251, 0.524981343, 19.548743120
0.979529213, 0.167729039, 0.478219664, 0.806646545, 0.287045694, 14.256972950
0.706902528, 0.701051445, 0.237564272, 0.330044476, 0.578129629, 17.126190030
0.115057276, 0.188838252, 0.791796505, 0.444802437, 0.616055988, 9.087926646
0.681215265, 0.426442877, 0.306825308, 0.542676811, 0.840289646, 18.763046770
0.387132551, 0.240107447, 0.306564957, 0.985766305, 0.422203750, 15.252964910
0.458116579, 0.374247358, 0.694629101, 0.163726844, 0.172662619, 7.841681274
0.304962425, 0.247306564, 0.009096391, 0.546987010, 0.170752015, 15.050502830
0.558253592, 0.819850374, 0.961854831, 0.587625448, 0.280851928, 18.933757980
0.195853496, 0.688514441, 0.111650116, 0.727117265, 0.229989360, 14.223029040
0.664106519, 0.401448923, 0.841200707, 0.643469846, 0.728680085, 19.403177110
0.946831304, 0.041567426, 0.445015768, 0.711182932, 0.738906985, 12.965028700
0.928351480, 0.551208815, 0.633103144, 0.917308925, 0.102280727, 18.337624400
0.757035077, 0.052819091, 0.947618352, 0.771158352, 0.757504267, 16.384095530
0.629283968, 0.409180444, 0.772471313, 0.652095367, 0.439925157, 18.555709990
0.633843365, 0.187015142, 0.887036959, 0.801304323, 0.821085392, 18.921662920
0.125460043, 0.354410104, 0.872957706, 0.528960873, 0.136057983, 10.715891320
0.826220987, 0.527643915, 0.202213268, 0.147830726, 0.056890167, 13.800432030
0.744853846, 0.420950697, 0.368120525, 0.523003291, 0.626648414, 17.615336490
0.523772575, 0.181789697, 0.567943493, 0.984367437, 0.683922608, 16.645625100
0.929456634, 0.404927242, 0.001774361, 0.637325105, 0.381186235, 23.789642640
0.654225183, 0.356847229, 0.807962796, 0.213950649, 0.420655241, 14.285347990
0.674432047, 0.808460172, 0.098680024, 0.347847381, 0.420459577, 18.558255920
0.088032510, 0.778604657, 0.887667887, 0.997648789, 0.120084284, 15.089249960
0.306368106, 0.052493084, 0.745901011, 0.705156148, 0.549861418, 12.188740780
0.934092002, 0.928883209, 0.773323163, 0.018111577, 0.085127333, 5.802540442
0.712476992, 0.447864264, 0.686268091, 0.050245327, 0.670684529, 13.510585940
0.605152048, 0.409591375, 0.808216847, 0.708978821, 0.092323719, 17.219195150
0.839825558, 0.138136279, 0.847718824, 0.657902002, 0.466890217, 16.697048070
0.652874344, 0.090260351, 0.658229505, 0.683295470, 0.856134308, 14.645462180
0.584883811, 0.355236015, 0.984232039, 0.354178341, 0.596813273, 18.618628380
0.520712418, 0.127981513, 0.117762760, 0.759397831, 0.257425497, 15.260096730
0.968769797, 0.499500668, 0.807386653, 0.555650667, 0.256524777, 16.930345530
0.045625603, 0.300375693, 0.201008540, 0.316202423, 0.635320564, 6.509025079
0.694629301, 0.165691369, 0.466260991, 0.360522890, 0.906631430, 12.454974060
0.653760626, 0.794436624, 0.373410386, 0.474727283, 0.507969638, 19.942552340
0.487778977, 0.688656675, 0.508529272, 0.477311962, 0.892103695, 14.814040590
0.765091653, 0.176453043, 0.156660103, 0.770200110, 0.346606887, 16.375110990
0.116485390, 0.214337503, 0.219941284, 0.254672774, 0.352637125, 7.112853777
0.076470372, 0.226852995, 0.134591811, 0.037504269, 0.540756651, 8.049146245
0.851827738, 0.011542138, 0.566660445, 0.383559507, 0.149246721, 5.571254592
0.818992445, 0.536127042, 0.515010004, 0.124573373, 0.646419951, 14.847168660
0.763125770, 0.869516926, 0.737059063, 0.868382671, 0.597539304, 20.511657470
0.053095221, 0.659491047, 0.072895606, 0.119075567, 0.652466642, 10.118602030
0.017182386, 0.959536134, 0.815701236, 0.213162583, 0.681053707, 8.318943476
0.132869230, 0.120030619, 0.032039723, 0.873444403, 0.308808200, 16.221275550
0.697375656, 0.137644563, 0.018580869, 0.694046034, 0.437428653, 15.320165150
0.642342908, 0.661024607, 0.133988575, 0.113122829, 0.190629575, 14.074422290
0.682915699, 0.126409218, 0.676255583, 0.717405652, 0.852234886, 15.628257350
0.738857532, 0.531153578, 0.670619135, 0.361850215, 0.942286724, 19.910288430
0.667639019, 0.094134756, 0.708769223, 0.033862176, 0.771752859, 6.804912510
0.599871778, 0.552060016, 0.992744238, 0.952489168, 0.607449427, 24.815225470
0.727191875, 0.962733934, 0.221291857, 0.518656101, 0.932891155, 19.366203980
0.937131668, 0.781441588, 0.749166082, 0.771421417, 0.341062426, 15.577356190
0.466320775, 0.947663007, 0.209719469, 0.866235260, 0.507813121, 22.587875690
0.476864807, 0.500594837, 0.553220671, 0.391534437, 0.471028128, 12.179556290
0.237566912, 0.355971088, 0.203386966, 0.674718556, 0.622263480, 15.524417600
0.238599333, 0.495379381, 0.332232018, 0.061979962, 0.916533591, 9.246902424
0.889601925, 0.991832159, 0.994959024, 0.703898887, 0.202300738, 15.726831120
0.815258774, 0.867749803, 0.382140983, 0.217920318, 0.406772198, 12.100162590
0.834279104, 0.666404381, 0.968756173, 0.365699153, 0.742708892, 21.771760680
0.131402473, 0.715015106, 0.374679535, 0.939044162, 0.564041990, 15.370977500
0.264299090, 0.892690096, 0.320758397, 0.379542677, 0.699957699, 14.115373560
0.348918298, 0.937933590, 0.657111548, 0.703839001, 0.614153159, 17.709813920
0.752159046, 0.165314680, 0.766794625, 0.901334688, 0.219296038, 16.207281390
0.405653404, 0.133410784, 0.438640367, 0.098367981, 0.283272999, 5.261449167
0.806770070, 0.500186648, 0.544399775, 0.761515561, 0.055650987, 16.834386680
0.686496330, 0.291786476, 0.846312421, 0.845615510, 0.001251448, 15.800134470
0.210663175, 0.134372963, 0.888195320, 0.177559946, 0.027557946, 5.926881090
0.501795080, 0.340810097, 0.307292145, 0.127482360, 0.215584815, 9.332889405
0.439693319, 0.439412452, 0.681021078, 0.519332560, 0.576398899, 16.691381810
0.735111545, 0.741813187, 0.558632608, 0.542172079, 0.883317248, 20.954383000
0.293644030, 0.089343782, 0.656614638, 0.823687456, 0.645834409, 13.188589520
