@relation Friedman_Benchmark_problem
@attribute input1 real [0.001211673, 0.99971881]
@attribute input2 real [1.60284E-4, 0.999677453]
@attribute input3 real [6.54566E-4, 0.999061886]
@attribute input4 real [2.12289E-4, 0.999480216]
@attribute input5 real [4.29891E-4, 0.999539431]
@attribute output real [0.664014955, 28.5903858]
@inputs input1, input2, input3, input4, input5
@outputs output
@data
0.611408651, 0.855688547, 0.928548012, 0.481348465, 0.534596891, 21.264907130
0.503029897, 0.467947143, 0.920215414, 0.646907734, 0.492187073, 19.316026900
0.467287852, 0.445319165, 0.690848200, 0.031503816, 0.610299624, 9.086305014
0.608443350, 0.733470141, 0.621582543, 0.773478256, 0.541283300, 21.538981530
0.656987531, 0.485872317, 0.963353730, 0.308312186, 0.145301068, 16.839670300
0.543182984, 0.811415805, 0.125949820, 0.164512702, 0.890574970, 19.866658590
0.199097672, 0.549562878, 0.468348899, 0.865861295, 0.835100487, 16.086650190
0.139507919, 0.318595954, 0.142194412, 0.702652052, 0.957133723, 16.796007400
0.500359582, 0.242781526, 0.568696825, 0.382843709, 0.119392302, 6.535004446
0.016499186, 0.249837486, 0.865277752, 0.104132974, 0.901266170, 7.149591811
0.238363493, 0.179191104, 0.047163047, 0.399608062, 0.762100051, 12.003820700
0.401486244, 0.207730690, 0.334435045, 0.697906177, 0.347891304, 12.162796990
0.793937889, 0.475332735, 0.454120682, 0.130545477, 0.298451714, 11.719419610
0.513386612, 0.181247356, 0.241608687, 0.050242187, 0.639841870, 9.198685877
0.501855145, 0.930710069, 0.714913445, 0.376269310, 0.552216840, 17.520188390
0.276301806, 0.771362777, 0.765158097, 0.828998801, 0.808555575, 19.269783970
0.660848139, 0.400899401, 0.444339773, 0.072239494, 0.675400070, 11.065223130
0.883320925, 0.306130870, 0.722602482, 0.890300696, 0.854467318, 21.294905660
0.317863759, 0.951299895, 0.927591766, 0.090060497, 0.695471780, 17.795900560
0.045672624, 0.762171870, 0.501259876, 0.084566615, 0.740050941, 6.491599412
0.323085957, 0.238512857, 0.646096717, 0.527185686, 0.701953112, 11.432926330
0.063205596, 0.953487908, 0.416070799, 0.442643582, 0.413941948, 9.022453974
0.187790286, 0.499726720, 0.027442635, 0.725446958, 0.825902740, 18.634649190
0.174510855, 0.082435004, 0.805498268, 0.009813211, 0.586867978, 3.584697559
0.894193160, 0.082351078, 0.981264615, 0.211115100, 0.572726312, 13.044329220
0.140198779, 0.103533598, 0.014795485, 0.517784073, 0.368709474, 13.052394390
0.763125770, 0.869516926, 0.737059063, 0.868382671, 0.597539304, 20.511657470
0.227420080, 0.703928619, 0.494298603, 0.717904540, 0.751815008, 15.783565730
0.653760626, 0.794436624, 0.373410386, 0.474727283, 0.507969638, 19.942552340
0.080403307, 0.852205637, 0.722889135, 0.705525855, 0.180745595, 9.834006408
0.460531763, 0.093772420, 0.150263366, 0.947842438, 0.971911546, 20.211834550
0.309811484, 0.869915904, 0.655416166, 0.053489547, 0.532165343, 9.301524115
0.891997601, 0.519770578, 0.878169984, 0.718740475, 0.961534209, 25.002916640
0.718737794, 0.935200208, 0.812571450, 0.475536373, 0.454045087, 18.782386400
0.881634357, 0.742351398, 0.844403519, 0.098283417, 0.452763838, 13.012163780
0.544828343, 0.970482929, 0.324173100, 0.915346046, 0.824845854, 24.898853160
0.636034417, 0.705336338, 0.319499974, 0.020568319, 0.212784092, 12.744167680
0.598939719, 0.398312194, 0.035384347, 0.720999654, 0.148925909, 18.571355330
0.022411652, 0.316160681, 0.225374545, 0.614729857, 0.473257504, 11.736143330
0.742462799, 0.938473297, 0.957576619, 0.571299181, 0.940582312, 21.893482050
0.621151546, 0.540659514, 0.028418189, 0.306362804, 0.000429891, 16.067851890
0.163941493, 0.280729793, 0.258625306, 0.170453508, 0.235229466, 5.529560443
0.727432410, 0.325024266, 0.274643514, 0.485277700, 0.123620424, 12.421103350
0.811999986, 0.863192169, 0.621615763, 0.099730515, 0.664716846, 12.237987430
0.919876599, 0.319403513, 0.073232407, 0.426791741, 0.733019229, 19.360006810
0.992207680, 0.682948275, 0.446333159, 0.649280848, 0.798535687, 17.683368730
0.053095221, 0.659491047, 0.072895606, 0.119075567, 0.652466642, 10.118602030
0.419872823, 0.782325228, 0.427393887, 0.646691864, 0.372122147, 18.264125060
0.984867414, 0.594201138, 0.860705311, 0.198182589, 0.562532024, 17.334906230
0.819750141, 0.977465079, 0.895869116, 0.541918045, 0.388448442, 15.685121900
0.760134791, 0.495111245, 0.698864055, 0.755214856, 0.176425651, 16.982944320
0.238599333, 0.495379381, 0.332232018, 0.061979962, 0.916533591, 9.246902424
0.762754600, 0.224252710, 0.597188464, 0.199230543, 0.854489811, 10.886845970
0.667080621, 0.610101201, 0.015223263, 0.718996650, 0.477431206, 24.893595500
0.667499263, 0.721593505, 0.981142928, 0.016026471, 0.607293985, 18.262026480
0.722828607, 0.111071563, 0.045143566, 0.566283928, 0.685783326, 15.114140890
0.404723739, 0.003164391, 0.288808624, 0.600822877, 0.892802954, 11.553458420
0.742630832, 0.588726790, 0.097130288, 0.127882015, 0.140600173, 14.807576430
0.275034287, 0.323059695, 0.980593186, 0.617009441, 0.861043573, 18.318834250
0.838893114, 0.980599737, 0.681348740, 0.737298117, 0.216132318, 16.297221270
0.989973376, 0.739856505, 0.342067001, 0.651347935, 0.099394724, 14.713805830
0.282542067, 0.056967933, 0.693399649, 0.089277861, 0.009201675, 0.961277290
0.640609220, 0.634481283, 0.452011278, 0.414092508, 0.013848486, 14.247690660
0.520793741, 0.926653351, 0.873884010, 0.626192917, 0.051961353, 18.032318830
0.121085360, 0.390646623, 0.751809666, 0.734058843, 0.403221466, 12.613329780
0.331926454, 0.061027230, 0.559750553, 0.521512801, 0.988541846, 10.452585070
0.456060673, 0.183196190, 0.381105870, 0.052075041, 0.640306306, 6.734506881
0.791048122, 0.094938060, 0.598009755, 0.265127012, 0.023712227, 6.471277403
0.520255298, 0.638610263, 0.002716742, 0.892449570, 0.958554699, 26.794316850
0.807353323, 0.228314773, 0.490708806, 0.462511703, 0.538766762, 12.165942650
0.960190309, 0.240356082, 0.748404443, 0.291363635, 0.693582980, 12.842872040
0.318341723, 0.645392065, 0.606798487, 0.579269742, 0.219458361, 14.552201720
0.951106830, 0.031503912, 0.611248952, 0.287282038, 0.608225675, 8.246709867
0.438404937, 0.786215169, 0.630506609, 0.416735581, 0.971471003, 18.162183040
0.844923114, 0.201229962, 0.490780113, 0.162814535, 0.212879326, 9.017386720
0.560806920, 0.896086117, 0.673084145, 0.570712788, 0.181621885, 16.679440490
0.158210410, 0.995766228, 0.631449076, 0.672704480, 0.842023700, 15.899360510
0.675815453, 0.394887746, 0.403882928, 0.745564894, 0.404155001, 17.009681740
0.356434274, 0.752333886, 0.882423156, 0.489140410, 0.059290350, 15.312532560
0.396406061, 0.315256698, 0.347357948, 0.613738967, 0.741718630, 15.961056220
0.955603662, 0.194893022, 0.255696206, 0.403765532, 0.592620135, 12.889022480
0.670214117, 0.384165473, 0.100434490, 0.578451308, 0.181619048, 16.030818550
0.193170430, 0.338118362, 0.871764046, 0.806026189, 0.194531924, 14.707368330
0.701325559, 0.929637156, 0.177833368, 0.712831417, 0.928668698, 23.455901950
0.352764104, 0.707588013, 0.433203515, 0.703044405, 0.810429211, 17.111562670
0.581133816, 0.526530077, 0.263213342, 0.229555706, 0.677919423, 14.411301180
0.930755009, 0.156273168, 0.970105708, 0.619482429, 0.148266092, 16.985265970
0.792591964, 0.257008216, 0.289020598, 0.682617512, 0.197915377, 15.341180500
0.409238907, 0.346633534, 0.499260234, 0.446083882, 0.201135025, 10.290314850
0.917163315, 0.672245376, 0.333161555, 0.190953861, 0.569198571, 14.715328040
0.195521082, 0.423870780, 0.046259104, 0.521991404, 0.688904790, 16.208782340
0.367555506, 0.973951174, 0.385804651, 0.198799801, 0.624169748, 13.222946180
0.217310411, 0.416874686, 0.337622857, 0.005402645, 0.270699443, 4.527822193
0.490454181, 0.961842773, 0.469204447, 0.268204666, 0.249354601, 14.289193440
0.827655687, 0.617833022, 0.949440873, 0.670138426, 0.640808376, 25.339730150
0.464760237, 0.621617700, 0.118762548, 0.578312113, 0.814590283, 20.333352150
0.759670142, 0.931794384, 0.363970652, 0.767101990, 0.919973585, 20.726402170
0.688422808, 0.211727756, 0.589623473, 0.903451229, 0.005851287, 14.648524990
0.024561147, 0.426353223, 0.426330256, 0.200767480, 0.948752072, 7.219789222
0.271902127, 0.562117798, 0.770219072, 0.532832915, 0.163386344, 15.320214200
0.257792313, 0.989635732, 0.423848010, 0.822631719, 0.277436282, 18.100857180
0.325826664, 0.154995867, 0.425737657, 0.380859501, 0.632491115, 9.373106789
0.810038710, 0.601499014, 0.533140223, 0.181460601, 0.335890566, 13.944995170
0.004940657, 0.733514722, 0.059410167, 0.678579774, 0.543287868, 13.711128850
0.738857532, 0.531153578, 0.670619135, 0.361850215, 0.942286724, 19.910288430
0.811891836, 0.801048509, 0.308738434, 0.331482420, 0.700177053, 16.959852710
0.127244310, 0.877694715, 0.051124401, 0.304065700, 0.440567713, 10.770286820
0.738546068, 0.472263207, 0.308286029, 0.888422456, 0.408265213, 19.142255050
0.929657692, 0.379523007, 0.506777455, 0.272716927, 0.564268094, 15.823688040
0.288299589, 0.601589996, 0.426680061, 0.636209188, 0.421762127, 12.447269440
0.933006947, 0.272556283, 0.986582189, 0.435007741, 0.422346456, 18.528885890
0.687171630, 0.923908327, 0.915007442, 0.499412344, 0.939959474, 21.746999490
0.253297429, 0.845377435, 0.663113905, 0.652990825, 0.234222041, 15.194071830
0.850563209, 0.592598604, 0.122218351, 0.517754487, 0.078141841, 17.177927110
0.841593141, 0.497566105, 0.808040111, 0.973260594, 0.603617325, 25.345017140
0.683078772, 0.727944814, 0.357343228, 0.679170327, 0.343104108, 18.418106970
0.600923753, 0.883506272, 0.126423394, 0.815483279, 0.072606506, 22.149548290
0.855752098, 0.552680303, 0.084580177, 0.873245250, 0.352931993, 22.650494310
0.522995779, 0.552871092, 0.958324326, 0.914535234, 0.861863614, 25.389520960
0.666579121, 0.684871966, 0.338900803, 0.556116886, 0.835266399, 21.472762640
0.923795704, 0.808937440, 0.785926385, 0.794357946, 0.600716608, 19.995853030
0.889601925, 0.991832159, 0.994959024, 0.703898887, 0.202300738, 15.726831120
0.377372756, 0.389163938, 0.190361284, 0.749496154, 0.013050527, 13.778223170
0.539523787, 0.874441727, 0.103525478, 0.935050866, 0.345883762, 27.107689530
0.092838384, 0.977092861, 0.240315203, 0.346934467, 0.454726692, 10.557347690
0.934860864, 0.479872369, 0.037863631, 0.070048834, 0.160922688, 16.764665060
0.855984425, 0.834364698, 0.507021683, 0.671278228, 0.834806157, 18.179900440
0.317550982, 0.879520848, 0.985574469, 0.538183030, 0.706865822, 20.844352580
0.566064728, 0.533016368, 0.965076272, 0.225395711, 0.822605619, 16.820363760
0.458538962, 0.522468409, 0.373569919, 0.041499334, 0.776281804, 11.081367880
0.001211673, 0.111166542, 0.977935861, 0.519413617, 0.372464380, 11.396522000
0.289305537, 0.481002636, 0.138217035, 0.640827345, 0.776678494, 17.843565420
0.382252753, 0.315617122, 0.887081358, 0.237344894, 0.175529898, 9.842586798
0.605152048, 0.409591375, 0.808216847, 0.708978821, 0.092323719, 17.219195150
0.024918046, 0.931460005, 0.080039109, 0.275420031, 0.111449833, 8.637497233
0.384382825, 0.235050041, 0.637783305, 0.881169885, 0.180766288, 12.362402060
0.382550848, 0.243202621, 0.704269362, 0.840733442, 0.054461781, 11.640474910
0.307076037, 0.005085375, 0.154798726, 0.489618603, 0.755630525, 10.781509910
0.016663279, 0.861391904, 0.941217636, 0.909732527, 0.694475681, 17.221195320
0.488183011, 0.656678770, 0.453527197, 0.301926446, 0.430948980, 13.952518480
0.546450663, 0.903290479, 0.427121820, 0.974718528, 0.921994212, 24.777976460
0.963068456, 0.506634302, 0.866810022, 0.152549854, 0.403438675, 17.271904030
0.821369068, 0.876941467, 0.653475783, 0.996992225, 0.671972576, 21.112159750
0.629993971, 0.382116956, 0.981954321, 0.984712732, 0.075063183, 20.978570390
0.854297219, 0.264310956, 0.009230397, 0.863056387, 0.288099005, 20.169756770
0.664106519, 0.401448923, 0.841200707, 0.643469846, 0.728680085, 19.403177110
0.522981545, 0.413078692, 0.057162524, 0.604477538, 0.785229528, 20.432126150
0.764018680, 0.638784802, 0.716864257, 0.535191572, 0.327756492, 18.526748050
0.666376898, 0.698846894, 0.586676126, 0.957560020, 0.408279050, 22.401618380
0.231513081, 0.901299512, 0.873836128, 0.155944494, 0.742206662, 12.485780780
0.445224054, 0.756757112, 0.322922023, 0.628513890, 0.846236227, 19.150641900
0.629422662, 0.771288352, 0.034230970, 0.393681162, 0.554015495, 21.981043890
0.090451953, 0.539952534, 0.085161857, 0.585923287, 0.563927450, 12.656185230
0.049774196, 0.043701107, 0.399898356, 0.613085723, 0.326209738, 7.813881001
0.328590487, 0.298496802, 0.748423070, 0.474298591, 0.297791230, 12.000269140
0.944013637, 0.369259015, 0.704115986, 0.334426268, 0.611705425, 16.673260020
0.787533964, 0.582391015, 0.873487711, 0.734133590, 0.137310613, 19.769598380
0.997057331, 0.311378810, 0.262620221, 0.404513706, 0.940434577, 19.454103320
0.031331193, 0.914971302, 0.144480610, 0.155393144, 0.327394522, 6.413090705
0.939139037, 0.495810128, 0.562593504, 0.442128199, 0.352367434, 16.253112000
0.106145987, 0.671062669, 0.717803214, 0.756689189, 0.655855366, 14.062632570
0.520114646, 0.257264078, 0.801836579, 0.048371600, 0.268812743, 7.235893310
0.345449271, 0.868618502, 0.913633427, 0.005213594, 0.414033875, 15.685667050
0.327868132, 0.204249240, 0.143108395, 0.678870952, 0.402948181, 14.056823670
0.213111478, 0.179152741, 0.670399105, 0.200940043, 0.643487526, 7.587357434
0.048725736, 0.746776077, 0.299181742, 0.475218290, 0.330153641, 9.244821373
0.214229886, 0.163039550, 0.422751590, 0.054694844, 0.369387388, 2.842880389
0.149639180, 0.817713201, 0.972676002, 0.862340707, 0.259406119, 18.441252190
0.035930078, 0.080623599, 0.015690601, 0.308720241, 0.152814661, 9.733226127
0.288278403, 0.393519548, 0.966807616, 0.228922000, 0.454288594, 12.659416640
0.584280067, 0.425861784, 0.599907628, 0.904139656, 0.766891658, 20.124485760
0.062523274, 0.252403755, 0.068608612, 0.016504580, 0.302809528, 7.154674940
0.073955942, 0.532631714, 0.187388523, 0.554009929, 0.142836084, 10.338612420
0.691956588, 0.916973698, 0.810017155, 0.389810891, 0.544087337, 18.573644560
0.366914125, 0.674946446, 0.860374313, 0.947456440, 0.181028475, 18.948318310
0.347078638, 0.870633857, 0.706438828, 0.147060158, 0.489136122, 13.031322400
0.030199806, 0.803626268, 0.624902059, 0.374444071, 0.626545952, 6.239981765
0.906567979, 0.615451734, 0.562809689, 0.565277973, 0.806302321, 18.826406760
0.729301705, 0.683367738, 0.565879564, 0.714525724, 0.568463577, 20.237420600
0.650621553, 0.965595099, 0.320791260, 0.702295242, 0.452902851, 20.711168440
0.938537933, 0.592365838, 0.836221631, 0.743969912, 0.739834185, 24.046932570
0.966876529, 0.905722280, 0.309834823, 0.099123762, 0.705795348, 9.720212862
0.022065743, 0.918991483, 0.626685257, 0.887231771, 0.714552867, 14.859963410
0.370773338, 0.576277447, 0.832130532, 0.565285024, 0.875547344, 19.226318780
0.637858648, 0.621109284, 0.125605266, 0.780644995, 0.925827218, 26.264485800
0.111725772, 0.470135881, 0.415812312, 0.904040830, 0.796316358, 15.823783240
0.592703863, 0.155963214, 0.926046828, 0.917221117, 0.239918418, 16.115759700
0.216596355, 0.404131732, 0.189066463, 0.033059590, 0.889563758, 9.272928317
0.092120518, 0.926932704, 0.617410617, 0.800999255, 0.825011867, 15.380257790
0.946831304, 0.041567426, 0.445015768, 0.711182932, 0.738906985, 12.965028700
0.733211810, 0.084517791, 0.260555192, 0.123872001, 0.758248214, 9.693465454
0.348151395, 0.406173764, 0.243864196, 0.201591422, 0.040682044, 7.071846797
0.828861810, 0.463161757, 0.922946336, 0.467296367, 0.528947949, 19.721489880
0.135955820, 0.433430788, 0.935092963, 0.759319772, 0.490807454, 16.681083250
0.270700499, 0.760927989, 0.285109293, 0.269688741, 0.824450846, 14.155048280
0.927151608, 0.767271445, 0.584186090, 0.502919580, 0.384517557, 13.511695720
0.558434550, 0.597047285, 0.812709822, 0.834489062, 0.728401137, 22.294423830
0.796846221, 0.038065659, 0.054167884, 0.194114316, 0.608022711, 9.412524234
0.499054765, 0.428169783, 0.266763940, 0.099986225, 0.176041433, 9.038206554
0.980974978, 0.366586513, 0.457474036, 0.063837584, 0.160235506, 12.018419320
0.651976412, 0.271666435, 0.247384407, 0.773591888, 0.657258828, 17.651428780
0.521259413, 0.500020314, 0.910833112, 0.503318029, 0.297686204, 17.685677990
0.365838209, 0.108376121, 0.573215982, 0.765482144, 0.011458828, 9.939203791
0.085152998, 0.498918356, 0.088501302, 0.382614660, 0.869898795, 12.317832830
0.251621767, 0.388700921, 0.643072582, 0.827158501, 0.734960746, 15.419655490
0.023186165, 0.922654396, 0.600149282, 0.277422265, 0.775394699, 7.081981875
0.352417468, 0.303276763, 0.692412730, 0.396752905, 0.721610646, 9.850745243
0.233064450, 0.137286187, 0.498967626, 0.572378245, 0.538067770, 9.789964308
0.853798711, 0.368466213, 0.918009690, 0.984494857, 0.935316595, 26.571625080
0.304962425, 0.247306564, 0.009096391, 0.546987010, 0.170752015, 15.050502830
0.285555100, 0.647962807, 0.854050052, 0.836891784, 0.325534872, 19.902896420
0.701402673, 0.686975015, 0.992953375, 0.006418242, 0.244878057, 16.205775150
0.005459407, 0.828165040, 0.620180113, 0.000212289, 0.296212864, 0.664014955
0.114237853, 0.141278615, 0.708604056, 0.411756938, 0.076210619, 5.237348660
0.475128745, 0.450727899, 0.810026111, 0.477763093, 0.322668184, 14.512679170
0.579044559, 0.007940875, 0.198658816, 0.239555003, 0.881009452, 9.504497587
0.795929613, 0.036058521, 0.342060955, 0.591964417, 0.893864209, 10.271385750
0.481006148, 0.172709160, 0.387991218, 0.673075380, 0.484631260, 11.160299700
0.466445364, 0.171247535, 0.033371360, 0.951452660, 0.427901242, 18.927372730
0.310490878, 0.542242074, 0.570738090, 0.430107315, 0.295265656, 10.982712830
0.436313114, 0.242422484, 0.042541288, 0.009318279, 0.726146460, 10.289765590
0.828634718, 0.232892988, 0.453366370, 0.722442124, 0.315431667, 16.555139670
0.027331964, 0.638546321, 0.374743689, 0.569093048, 0.274152969, 7.964327679
0.713458221, 0.084512870, 0.212228008, 0.502588943, 0.137337759, 9.690427418
0.043941656, 0.762327388, 0.028601236, 0.104061811, 0.202374297, 6.701149626
0.551273564, 0.268996603, 0.026961005, 0.995358841, 0.630504981, 21.008529450
0.537565401, 0.641126421, 0.713911269, 0.533903583, 0.678412557, 18.602751980
0.985775037, 0.507968614, 0.971088165, 0.268194637, 0.150853633, 16.069921770
0.919005708, 0.766384387, 0.872386841, 0.922490210, 0.987678493, 25.267785470
0.833938966, 0.325911077, 0.984015046, 0.223095775, 0.234936353, 13.946846860
0.980575813, 0.446383119, 0.139941805, 0.579794740, 0.375465816, 19.918315120
0.024619648, 0.000893145, 0.982904395, 0.315392523, 0.681291088, 12.061703310
0.052519947, 0.009726680, 0.737048343, 0.763103210, 0.647951742, 11.759908510
0.530334742, 0.628830392, 0.954607107, 0.407725335, 0.481840481, 19.916765430
0.802253774, 0.145640116, 0.542904016, 0.071663679, 0.020318979, 6.097057776
0.804476415, 0.974200835, 0.837723415, 0.492986218, 0.828973994, 17.983457060
0.055713017, 0.368866806, 0.852229748, 0.959679985, 0.228459896, 14.424663310
0.436605290, 0.111880698, 0.991663924, 0.342720331, 0.067698942, 10.827395910
0.972151358, 0.709814578, 0.300293581, 0.394587137, 0.451598331, 16.296222680
0.497189030, 0.104785853, 0.313192495, 0.074822065, 0.038829034, 2.228410859
0.832038169, 0.658187615, 0.271894887, 0.491009573, 0.416346801, 17.281071420
0.446291147, 0.236676903, 0.615196067, 0.051905880, 0.978971884, 9.082667538
0.566332550, 0.163300795, 0.988431032, 0.592491888, 0.074156573, 16.349047440
0.523895124, 0.385343879, 0.673567183, 0.314630715, 0.199579666, 10.685566050
0.519282797, 0.087675807, 0.275428346, 0.193111446, 0.758841709, 9.282674043
0.316781174, 0.319241502, 0.482121635, 0.127908819, 0.403834036, 6.948990585
0.481906682, 0.016855051, 0.744780027, 0.695976914, 0.400597620, 9.889567608
0.043793145, 0.303800166, 0.832755090, 0.699068438, 0.762459682, 11.969455050
0.302272524, 0.829785026, 0.530069356, 0.022472818, 0.916873031, 12.950813850
0.173698764, 0.106889918, 0.977213839, 0.428435106, 0.872506253, 12.617155450
0.682915699, 0.126409218, 0.676255583, 0.717405652, 0.852234886, 15.628257350
0.293644030, 0.089343782, 0.656614638, 0.823687456, 0.645834409, 13.188589520
0.296579564, 0.919220313, 0.874022657, 0.987840738, 0.795213307, 24.086903420
0.838820364, 0.266126260, 0.837324648, 0.576698736, 0.969617422, 19.642953850
0.726087806, 0.119669136, 0.481908365, 0.033378363, 0.020225654, 2.148753939
0.031233241, 0.952988091, 0.507367705, 0.069562376, 0.383417764, 4.735364682
0.857342163, 0.168706002, 0.072977152, 0.919933593, 0.879148416, 23.052322340
0.492074229, 0.872327956, 0.344182291, 0.425605284, 0.080824314, 14.250025050
0.411998011, 0.443789420, 0.667225462, 0.032589693, 0.274698285, 9.116009577
0.748475161, 0.985885967, 0.597407014, 0.345612538, 0.472061969, 14.361379170
0.178573700, 0.983631242, 0.453757221, 0.560996879, 0.761672202, 15.560554810
0.222522991, 0.609622413, 0.313045500, 0.631187077, 0.099608463, 11.415028420
0.256507486, 0.371347625, 0.216349972, 0.984404067, 0.043666755, 16.444071090
0.995953470, 0.470357061, 0.588025194, 0.206753836, 0.740745865, 14.723416210
0.811606593, 0.999677453, 0.043594481, 0.352720068, 0.275111885, 14.772756220
0.052115965, 0.042216124, 0.815884795, 0.015894773, 0.313891926, 0.956075976
0.924937884, 0.026288165, 0.387395880, 0.826263110, 0.941329153, 14.380572060
0.932383767, 0.152301048, 0.959919697, 0.582673330, 0.646100545, 17.353484030
0.824027011, 0.980605494, 0.737881138, 0.941980628, 0.403071331, 17.295402890
0.600652860, 0.223060722, 0.890678634, 0.566196410, 0.826270596, 17.583696920
0.924485153, 0.580016082, 0.549265648, 0.549253538, 0.430325535, 16.814192430
0.749684939, 0.867117667, 0.173930228, 0.380092781, 0.102526822, 15.097524160
0.235446426, 0.530676378, 0.984037803, 0.446588005, 0.152124614, 14.443492540
0.118373838, 0.760787244, 0.902849590, 0.097152522, 0.346243661, 9.818658957
0.248438227, 0.123152911, 0.696067918, 0.294354001, 0.061972151, 3.726014583
0.690155657, 0.230033221, 0.367587989, 0.292967796, 0.448049353, 8.358575141
0.942018050, 0.770598266, 0.256893238, 0.159813010, 0.734895591, 14.735730120
0.616965758, 0.432032287, 0.200420890, 0.544886155, 0.538257294, 16.690698160
0.666612633, 0.013994812, 0.654372943, 0.807997922, 0.558915205, 11.433911550
0.076470372, 0.226852995, 0.134591811, 0.037504269, 0.540756651, 8.049146245
0.465739092, 0.234952003, 0.674951557, 0.910572536, 0.944198895, 18.100681580
0.782135288, 0.561987665, 0.492184560, 0.955894466, 0.050876777, 19.713098600
0.971534553, 0.652175817, 0.230024336, 0.280331559, 0.347565812, 14.174922070
0.614326254, 0.509469168, 0.708029497, 0.769020228, 0.758983634, 20.633351950
0.053017960, 0.900716169, 0.144824520, 0.532935067, 0.166617962, 10.015387900
0.090685104, 0.829733961, 0.028553770, 0.637905652, 0.082739109, 13.033267100
0.548029942, 0.413383545, 0.051123134, 0.291625666, 0.266992933, 15.326112010
0.686496330, 0.291786476, 0.846312421, 0.845615510, 0.001251448, 15.800134470
0.154620563, 0.739880395, 0.576683053, 0.815586062, 0.082038126, 13.109343440
0.801554780, 0.280820668, 0.151103889, 0.202620988, 0.152053159, 11.020900720
0.558408249, 0.338741952, 0.996040682, 0.326864609, 0.348655034, 18.052622970
0.915969019, 0.943061607, 0.019369819, 0.442315086, 0.187784192, 14.623322540
0.670317194, 0.396489628, 0.135964816, 0.521783555, 0.647618295, 18.703601600
0.961187482, 0.033592335, 0.121645243, 0.889257095, 0.605257499, 14.832597360
0.744853846, 0.420950697, 0.368120525, 0.523003291, 0.626648414, 17.615336490
0.396056676, 0.883943449, 0.419934809, 0.391086218, 0.069071860, 13.640017170
0.970814787, 0.583346949, 0.261711474, 0.479713901, 0.481544999, 18.154348830
0.136673019, 0.477048239, 0.302084708, 0.985242428, 0.277214244, 14.985401480
0.015260872, 0.088348387, 0.880832305, 0.865393232, 0.238257017, 13.753729440
0.904755242, 0.812556945, 0.333081816, 0.407843361, 0.640976152, 16.304973590
0.914104726, 0.633842441, 0.177942392, 0.783555483, 0.509722687, 22.710821480
0.976892291, 0.270520637, 0.994507629, 0.270756183, 0.307795537, 17.310703230
0.528955706, 0.085313281, 0.073061095, 0.744345821, 0.431631819, 16.270229290
0.847760156, 0.063817730, 0.965255288, 0.983509854, 0.261605228, 18.556955520
0.673717547, 0.791355056, 0.109333761, 0.978190130, 0.016593776, 21.842059570
0.197832411, 0.123434299, 0.459576034, 0.707559695, 0.155092903, 8.885848603
0.028051290, 0.703048188, 0.847584559, 0.339276820, 0.248972553, 7.960514326
0.438793783, 0.605066269, 0.567155041, 0.240981547, 0.891096905, 13.681482290
0.149990901, 0.271962959, 0.159551297, 0.164610340, 0.849480690, 9.551073675
0.183550428, 0.860081140, 0.068201228, 0.015585873, 0.280183573, 10.162775100
0.383754862, 0.067825828, 0.328785514, 0.213863950, 0.569176190, 4.372712093
0.221688914, 0.418153235, 0.894243282, 0.574603827, 0.395513936, 15.286410690
0.387132551, 0.240107447, 0.306564957, 0.985766305, 0.422203750, 15.252964910
0.261997675, 0.290489581, 0.109506762, 0.677232439, 0.311114454, 13.668990600
0.697375656, 0.137644563, 0.018580869, 0.694046034, 0.437428653, 15.320165150
0.633843365, 0.187015142, 0.887036959, 0.801304323, 0.821085392, 18.921662920
0.680385608, 0.278380218, 0.183449375, 0.867638674, 0.290739446, 18.030004100
0.272497042, 0.404776325, 0.519617498, 0.374779335, 0.919178308, 12.763749980
0.541158080, 0.924828948, 0.956424029, 0.251718659, 0.340278234, 17.810314640
0.511552079, 0.164290367, 0.707018040, 0.835493144, 0.589491985, 14.191031020
0.517274510, 0.364291007, 0.913307881, 0.808028802, 0.862186994, 21.266463090
0.913052139, 0.296379575, 0.955132501, 0.567619669, 0.804097048, 20.312342730
0.723178009, 0.542554792, 0.641943846, 0.741834812, 0.771019388, 21.265598730
0.667639019, 0.094134756, 0.708769223, 0.033862176, 0.771752859, 6.804912510
0.952039105, 0.187381556, 0.485587291, 0.164108907, 0.924905553, 12.578107010
0.834049442, 0.410892355, 0.585143158, 0.902280388, 0.507019639, 21.415166010
0.783987116, 0.748794922, 0.126252470, 0.136837719, 0.094562003, 13.181164230
0.963935375, 0.020642144, 0.937825768, 0.598197399, 0.107978169, 10.151333620
0.184005965, 0.333911721, 0.558342553, 0.693536675, 0.435013560, 11.718523020
0.804979960, 0.919515161, 0.769721175, 0.642983686, 0.954109357, 19.326342880
0.476864807, 0.500594837, 0.553220671, 0.391534437, 0.471028128, 12.179556290
0.736249235, 0.915065325, 0.067887643, 0.935868652, 0.377357337, 22.415503240
0.417596361, 0.425183655, 0.939999796, 0.949321592, 0.498685014, 21.991140420
0.941882595, 0.440291357, 0.312740477, 0.635550489, 0.952683622, 20.835713800
0.807945021, 0.039381487, 0.976910776, 0.452057517, 0.868198887, 15.846293580
0.313815217, 0.190572545, 0.824288992, 0.553521010, 0.341162264, 11.047573290
0.088688993, 0.225922954, 0.000654566, 0.639823192, 0.914894197, 17.503537820
0.708293894, 0.365658694, 0.345357002, 0.962444061, 0.374445353, 18.538189000
0.005373158, 0.981115193, 0.743640156, 0.501303885, 0.516776860, 8.857655828
0.219312282, 0.077246134, 0.845613298, 0.979530403, 0.179411338, 14.281374720
0.985116588, 0.041340310, 0.214507944, 0.893844551, 0.658658609, 15.251976910
0.083859899, 0.799396359, 0.082966835, 0.028614089, 0.230294549, 7.178705376
0.067325052, 0.410659611, 0.299369239, 0.316623684, 0.772522847, 9.941893893
0.312421581, 0.503675596, 0.809353908, 0.876060482, 0.001320643, 14.911531410
0.695290054, 0.654943394, 0.410396137, 0.711791616, 0.716792597, 21.135724850
0.362628960, 0.590341156, 0.951822399, 0.059103187, 0.663722427, 13.662469880
0.511886282, 0.446499220, 0.280165828, 0.719922096, 0.566234111, 17.491446110
0.446298950, 0.313318217, 0.309534307, 0.147756459, 0.327506430, 8.586384718
0.296140259, 0.604806607, 0.017013776, 0.303624812, 0.110604002, 12.237138750
0.884381457, 0.721615643, 0.198558927, 0.258553454, 0.464793919, 15.462946680
0.429136245, 0.758386882, 0.328896027, 0.299210294, 0.755628669, 15.394547570
0.364099843, 0.035883635, 0.624511094, 0.534783389, 0.318985493, 7.668048802
0.115425356, 0.803747898, 0.819437991, 0.911834526, 0.338205328, 15.510281900
0.735111545, 0.741813187, 0.558632608, 0.542172079, 0.883317248, 20.954383000
0.090178852, 0.857831904, 0.978453824, 0.606336331, 0.040430198, 15.547689070
0.258716893, 0.069932926, 0.022596127, 0.127891491, 0.233660319, 5.549913266
0.466320775, 0.947663007, 0.209719469, 0.866235260, 0.507813121, 22.587875690
0.116485390, 0.214337503, 0.219941284, 0.254672774, 0.352637125, 7.112853777
0.720805966, 0.246717091, 0.219872858, 0.582669688, 0.610333795, 16.318198280
0.595514414, 0.758385632, 0.316620627, 0.742506447, 0.367147107, 19.904707470
0.531199784, 0.124407600, 0.018367922, 0.602691210, 0.241695507, 14.898806610
0.878136951, 0.394325461, 0.881681380, 0.204160401, 0.270629313, 15.708159260
0.177027277, 0.796218776, 0.875921535, 0.636724693, 0.484534001, 16.973239950
0.842595070, 0.337512466, 0.921256791, 0.874273038, 0.446830187, 22.832261370
0.402136725, 0.596101795, 0.527052892, 0.397774454, 0.754243205, 15.042205300
0.177506737, 0.504990335, 0.721410056, 0.179489463, 0.977340636, 11.768975600
0.700399618, 0.835978363, 0.354825135, 0.948979479, 0.138795050, 20.188669880
0.238991398, 0.345850225, 0.806384020, 0.708783183, 0.170964190, 12.030191660
0.765918533, 0.297238225, 0.387938956, 0.159810315, 0.708429493, 12.225453180
0.044367632, 0.945838454, 0.290788166, 0.041905374, 0.764005912, 5.984382867
0.378723868, 0.658435781, 0.709135645, 0.632493400, 0.929006110, 17.528550940
0.521595545, 0.801170492, 0.506732998, 0.836100705, 0.556350173, 20.321975500
0.005358870, 0.840788356, 0.593770024, 0.626730254, 0.329155431, 6.770687721
0.563816569, 0.453855914, 0.530261185, 0.906427710, 0.237864571, 18.297794820
0.405653404, 0.133410784, 0.438640367, 0.098367981, 0.283272999, 5.261449167
0.237566912, 0.355971088, 0.203386966, 0.674718556, 0.622263480, 15.524417600
0.445553996, 0.997123229, 0.958561978, 0.248515441, 0.881470531, 19.954153650
0.188679149, 0.229247603, 0.652031408, 0.811786878, 0.770260049, 12.666300430
0.133412538, 0.455862187, 0.233866304, 0.012298970, 0.999514229, 9.335228676
0.176779492, 0.362721032, 0.494585540, 0.535912897, 0.411886914, 10.251120930
0.565016874, 0.242047522, 0.360044617, 0.209515257, 0.860668029, 11.087953190
0.639794065, 0.628842966, 0.078098175, 0.213500361, 0.998372374, 18.585397310
0.146032237, 0.393922627, 0.925451242, 0.067978640, 0.829550564, 8.727333095
0.144783367, 0.128770996, 0.871283085, 0.082503292, 0.476162237, 6.891852019
0.203104513, 0.900748882, 0.466092439, 0.705167627, 0.662594105, 15.521760630
0.358540494, 0.437517513, 0.070824517, 0.778908472, 0.871426445, 20.075384430
0.379624159, 0.500191257, 0.589658456, 0.247027562, 0.269018262, 9.806837250
0.221333093, 0.923635614, 0.236692237, 0.765782111, 0.957434699, 20.209139520
0.747676960, 0.146746359, 0.407314377, 0.445825874, 0.667234477, 11.886524730
0.045625603, 0.300375693, 0.201008540, 0.316202423, 0.635320564, 6.509025079
0.938240955, 0.675750492, 0.756909553, 0.820045208, 0.875315864, 25.060895630
0.388123388, 0.971124076, 0.620878177, 0.855904386, 0.048297143, 18.104572940
0.047411205, 0.836776036, 0.188780989, 0.229423627, 0.380771693, 7.505254322
0.135753774, 0.449144900, 0.263393926, 0.003074571, 0.406692031, 5.554677868
0.625885814, 0.035910243, 0.885819885, 0.848418962, 0.533948878, 15.502766800
0.013624108, 0.013694942, 0.709353322, 0.770298892, 0.316741630, 9.532768339
0.337175491, 0.611824180, 0.936598111, 0.541373973, 0.045119082, 13.955900100
0.884234697, 0.280287197, 0.911893405, 0.916457295, 0.738423070, 23.308778970
0.625028250, 0.613770931, 0.055635805, 0.610570287, 0.622120138, 22.817332930
0.574893507, 0.240461554, 0.784251387, 0.344200582, 0.605247364, 10.854432820
0.909850431, 0.852407415, 0.704549400, 0.590982800, 0.253403975, 11.418542490
0.514877706, 0.825276645, 0.253252699, 0.406087542, 0.397079077, 16.842556500
0.201806594, 0.153883576, 0.501922093, 0.588201439, 0.937658006, 10.137133000
0.688750272, 0.427751530, 0.159100460, 0.736944530, 0.743553204, 22.387740500
0.525398819, 0.153129001, 0.091242591, 0.304814269, 0.792266000, 12.103966100
0.855329395, 0.401314627, 0.522281634, 0.539253636, 0.221282777, 14.502237210
0.749100912, 0.131380319, 0.497436438, 0.534581431, 0.335558882, 10.955700210
0.954561717, 0.961944893, 0.472121660, 0.918154533, 0.406998295, 13.214072410
0.006871800, 0.699278834, 0.828757079, 0.434604684, 0.463928672, 7.813138711
0.821574489, 0.894384265, 0.959198404, 0.498851418, 0.431100544, 16.782470140
0.891810959, 0.686751996, 0.802675802, 0.290381785, 0.050840398, 14.566236800
0.382014627, 0.976982933, 0.160707309, 0.517808792, 0.611476665, 18.082241900
0.006933296, 0.303224157, 0.175775178, 0.499353535, 0.362390996, 8.577788877
0.694204341, 0.992161445, 0.228878170, 0.023839209, 0.336196457, 11.861429700
0.422833161, 0.855796751, 0.991217089, 0.954354881, 0.930609105, 27.779852940
0.629283968, 0.409180444, 0.772471313, 0.652095367, 0.439925157, 18.555709990
0.845853269, 0.336280328, 0.820427614, 0.630922785, 0.503999895, 18.911596710
0.416395293, 0.629497355, 0.504853982, 0.382287598, 0.657828547, 15.162327010
0.599871778, 0.552060016, 0.992744238, 0.952489168, 0.607449427, 24.815225470
0.033199599, 0.264592066, 0.770008985, 0.469566171, 0.820695517, 11.351512690
0.647343969, 0.776445349, 0.681097903, 0.273834706, 0.541973430, 15.893516070
0.626932092, 0.311407195, 0.541393086, 0.232820973, 0.746107135, 11.518813720
0.907758072, 0.303356826, 0.478713647, 0.658049508, 0.915548818, 17.989491520
0.937618290, 0.560553396, 0.406227198, 0.768636330, 0.988727390, 22.259200640
0.170225242, 0.993432684, 0.713720012, 0.655568657, 0.551109143, 14.275138600
0.952409287, 0.822931985, 0.226352622, 0.220430208, 0.056396819, 10.550454150
0.607907000, 0.465978319, 0.584401245, 0.615956549, 0.520591041, 16.536220420
0.400747322, 0.950774746, 0.770111969, 0.480974588, 0.862751483, 20.008992080
0.155760785, 0.938000888, 0.318048384, 0.764503173, 0.396991738, 14.586041880
0.774930708, 0.805808285, 0.054497505, 0.431325383, 0.257912710, 18.781844180
0.888560739, 0.766341339, 0.449612702, 0.857673921, 0.426908976, 19.090133960
0.757185453, 0.529658683, 0.989250305, 0.638575188, 0.658246866, 24.940478510
0.022460799, 0.798837431, 0.593734763, 0.280432182, 0.335789289, 4.698951751
0.330898784, 0.968284207, 0.730527277, 0.719714251, 0.524981343, 19.548743120
0.132869230, 0.120030619, 0.032039723, 0.873444403, 0.308808200, 16.221275550
0.439875686, 0.230437535, 0.338356808, 0.213541653, 0.403901146, 8.158971721
0.453234531, 0.427658974, 0.250109677, 0.538469285, 0.518175875, 15.769087460
0.380817167, 0.216722275, 0.640791237, 0.422061528, 0.277591453, 8.708954225
0.135560709, 0.553052519, 0.740114551, 0.876328251, 0.631079762, 15.363457710
0.362668617, 0.979813764, 0.962306576, 0.024205617, 0.934690272, 18.109135750
0.812680032, 0.541916589, 0.374145765, 0.696882046, 0.289903178, 18.361672290
0.197505366, 0.911527170, 0.319659840, 0.590613887, 0.630308013, 13.509337850
0.266796132, 0.416135488, 0.077953957, 0.797142428, 0.947112428, 17.387814810
0.103704503, 0.693246341, 0.583643147, 0.170670906, 0.370295317, 6.155213234
0.542474839, 0.856717398, 0.032888056, 0.204928133, 0.810519474, 20.595384870
0.336730963, 0.246111863, 0.275936978, 0.188389691, 0.386479226, 7.612976361
0.460548673, 0.259841910, 0.118727344, 0.232576972, 0.349773456, 8.797926093
0.561718532, 0.849029947, 0.534438640, 0.933205951, 0.226973369, 20.108957430
0.097559374, 0.341937553, 0.380034075, 0.525980544, 0.866247964, 11.114336290
0.984296528, 0.987529428, 0.737840090, 0.538851618, 0.273062517, 8.383071106
0.878270434, 0.705255270, 0.523335609, 0.890345676, 0.296208239, 19.450503980
0.612114734, 0.790125912, 0.037905019, 0.476519590, 0.110222857, 21.243930870
0.905427390, 0.413728702, 0.440908890, 0.377539243, 0.024233717, 13.104994060
0.603429396, 0.491426108, 0.507135826, 0.792269614, 0.091210013, 17.220541400
0.706252438, 0.316518497, 0.739487809, 0.721100291, 0.137284358, 16.475496210
0.765876717, 0.886565632, 0.172394697, 0.299645177, 0.026612906, 15.322114800
0.709355501, 0.791698935, 0.486564334, 0.759654374, 0.776932908, 21.253517410
0.401391319, 0.275471598, 0.617892946, 0.537953266, 0.450348916, 8.937239350
0.345258452, 0.994585137, 0.031952654, 0.018343634, 0.364155046, 14.540758800
0.632579488, 0.774477124, 0.351159898, 0.952684012, 0.521009425, 22.196416810
0.935270551, 0.503412533, 0.225813381, 0.924543835, 0.156329168, 20.384249810
0.088032510, 0.778604657, 0.887667887, 0.997648789, 0.120084284, 15.089249960
0.257684056, 0.926438751, 0.766297841, 0.022422279, 0.420533089, 11.221854950
0.366692712, 0.500447979, 0.110932615, 0.680541136, 0.805820423, 20.203585930
0.605148406, 0.373824896, 0.545631981, 0.863015609, 0.887625264, 20.156771910
0.479504516, 0.425177696, 0.881475480, 0.182012031, 0.751483667, 15.358244180
0.839787035, 0.759798567, 0.193053281, 0.187602777, 0.658195380, 14.336151520
0.468462632, 0.982832937, 0.613598327, 0.360499389, 0.675823019, 17.348072530
0.604295271, 0.995185689, 0.929981108, 0.555792127, 0.645805991, 23.639854850
0.943933771, 0.584889137, 0.407540105, 0.662695994, 0.548686082, 19.761391660
0.785417010, 0.791785364, 0.335382718, 0.004998688, 0.303440931, 10.744904680
0.622283759, 0.660120173, 0.251549192, 0.675937761, 0.596081822, 21.871217620
0.252185631, 0.926410734, 0.491148100, 0.776818822, 0.348982621, 15.471964500
0.074921591, 0.016274534, 0.043521881, 0.639723218, 0.933053239, 13.793726790
0.563553103, 0.866356350, 0.697036401, 0.805824034, 0.209164906, 19.578891420
0.210576716, 0.285254022, 0.691076802, 0.276599988, 0.699810211, 8.954024414
0.130435825, 0.221568178, 0.232402131, 0.632654428, 0.510468694, 11.602191520
0.676781853, 0.885904151, 0.675996340, 0.171380255, 0.336812687, 13.716991750
0.074139334, 0.333722943, 0.704347553, 0.608648730, 0.750505868, 13.090108680
0.862477908, 0.606859729, 0.180729244, 0.153234018, 0.122614133, 13.014425200
0.080477185, 0.577759683, 0.389172660, 0.276018292, 0.986977331, 10.265190900
0.708760122, 0.944489692, 0.044592692, 0.156156400, 0.823329002, 18.084692290
0.710881843, 0.781905358, 0.303847368, 0.296325350, 0.422594252, 15.605069110
0.706902528, 0.701051445, 0.237564272, 0.330044476, 0.578129629, 17.126190030
0.786078867, 0.291884498, 0.808981221, 0.215897236, 0.538083790, 14.954144710
0.172048074, 0.895458185, 0.506158798, 0.196884252, 0.811567600, 10.550589580
0.964867244, 0.172531945, 0.647559237, 0.890589686, 0.692629601, 19.647518060
0.992996929, 0.434171449, 0.209130182, 0.078846108, 0.558954991, 16.356435460
0.073270890, 0.804740169, 0.564525260, 0.413909428, 0.215819227, 7.126505082
0.899186883, 0.125701823, 0.728926601, 0.999480216, 0.106530983, 14.029614230
0.390843655, 0.686858878, 0.852363442, 0.272691619, 0.315721263, 14.280246870
0.770760942, 0.854541287, 0.661311071, 0.947355682, 0.191475813, 16.421063140
0.487727325, 0.181389201, 0.634666005, 0.266165755, 0.225208680, 6.682119094
0.341164745, 0.790282812, 0.578824069, 0.842510432, 0.506280965, 18.722393930
0.132440875, 0.913160034, 0.356023342, 0.716567403, 0.619794242, 16.639781600
0.189125635, 0.614187977, 0.151450360, 0.605310264, 0.963429089, 17.200251850
0.848119331, 0.591279992, 0.172125405, 0.654930544, 0.284196107, 19.850696080
0.968496919, 0.819564145, 0.150798238, 0.200821887, 0.483081477, 12.519610160
0.467808884, 0.562373001, 0.276567017, 0.375998002, 0.887708064, 16.944753470
0.002741799, 0.138538636, 0.799266783, 0.810399423, 0.144058069, 13.349001850
0.279818401, 0.307845189, 0.558923762, 0.401596552, 0.291064012, 6.463038454
0.745389943, 0.685954641, 0.971859705, 0.845492724, 0.795368866, 28.590385800
0.774868478, 0.194650794, 0.876772282, 0.991905565, 0.715884723, 22.376833490
0.841738875, 0.928823009, 0.182095687, 0.573065532, 0.287912957, 16.716662630
0.195994315, 0.071491985, 0.334114493, 0.549761897, 0.422915768, 9.090985453
0.509471592, 0.731829641, 0.510231808, 0.197909026, 0.875870902, 16.056641520
0.495886985, 0.317401815, 0.414556464, 0.570357914, 0.696397273, 14.178897330
0.967742565, 0.411062054, 0.251759789, 0.744212899, 0.126211786, 20.135427250
0.782692946, 0.038748150, 0.756908661, 0.811284486, 0.836261081, 15.833397220
0.230653548, 0.459820623, 0.109667507, 0.255911756, 0.520679338, 10.582191940
0.514212918, 0.296390432, 0.061759624, 0.752590169, 0.399381099, 18.681489090
0.174722834, 0.164281324, 0.618211031, 0.661861757, 0.355642974, 9.863015846
0.406605375, 0.482717658, 0.981441539, 0.948682755, 0.224664785, 21.314566430
0.732228247, 0.424937825, 0.525710692, 0.216032854, 0.869989912, 13.658829690
0.471898016, 0.721747020, 0.488811446, 0.828534203, 0.245735969, 19.693663710
0.187086129, 0.584200807, 0.647449508, 0.812942501, 0.119625465, 12.420620940
0.942201261, 0.569909705, 0.294539660, 0.885332553, 0.062325606, 20.352730510
0.600535058, 0.066129560, 0.669737890, 0.707139862, 0.031915700, 10.351713640
0.580976992, 0.986368095, 0.332388881, 0.602530652, 0.664857837, 20.269937090
0.531482014, 0.896183806, 0.632489002, 0.885812199, 0.772936932, 24.642798850
0.206969406, 0.857862431, 0.278257605, 0.979269610, 0.618163297, 17.849062980
0.306368106, 0.052493084, 0.745901011, 0.705156148, 0.549861418, 12.188740780
0.957697874, 0.762145834, 0.245557945, 0.835901772, 0.602625523, 21.091239800
0.988085136, 0.195445914, 0.685649511, 0.975179353, 0.447754819, 19.455358950
0.206105640, 0.374821301, 0.331322495, 0.129546596, 0.488442077, 6.032721035
0.480551317, 0.705812249, 0.993424688, 0.635191512, 0.427162376, 22.053200670
0.166783272, 0.189836789, 0.598429724, 0.389644472, 0.909682984, 11.796646360
0.548106134, 0.161670937, 0.981603345, 0.537777411, 0.723283913, 18.310894750
0.554510784, 0.061731801, 0.479342955, 0.838490609, 0.027594279, 6.864393232
0.919861032, 0.166525625, 0.659486045, 0.023770402, 0.660441332, 7.730188617
0.448830118, 0.171920065, 0.638288591, 0.843578678, 0.997520276, 15.982036930
0.740039016, 0.134505860, 0.193376889, 0.365754413, 0.285420758, 10.358818520
0.073826775, 0.264086693, 0.806735212, 0.157842153, 0.379109454, 5.112230382
0.569649675, 0.740784032, 0.451307252, 0.499850029, 0.238466119, 14.924524320
0.352273424, 0.888620372, 0.351999219, 0.195655032, 0.739394829, 14.131550380
0.600704610, 0.731301057, 0.319006830, 0.177400955, 0.466102324, 14.817923370
0.414209257, 0.160437664, 0.869625892, 0.807210191, 0.822615523, 16.552993740
0.063275641, 0.641394621, 0.347904020, 0.976707322, 0.453934523, 13.200938920
0.069704290, 0.777159883, 0.698534309, 0.516775690, 0.465382056, 11.737061670
0.841336174, 0.973893643, 0.820793649, 0.225756867, 0.369513774, 13.636229750
0.799692924, 0.995531855, 0.329678781, 0.986634321, 0.946989531, 21.229858350
0.018420799, 0.121995473, 0.328866436, 0.008591597, 0.589397388, 1.817550302
0.340569704, 0.946387430, 0.682280530, 0.888408927, 0.275401848, 18.509280230
0.733820751, 0.064917804, 0.769080335, 0.349298630, 0.673167653, 9.276935643
0.373025417, 0.693951973, 0.513650678, 0.774634087, 0.892699386, 20.045652790
0.431337477, 0.376692569, 0.709046465, 0.756656636, 0.336147055, 14.805597550
0.348918298, 0.937933590, 0.657111548, 0.703839001, 0.614153159, 17.709813920
0.470605163, 0.024629465, 0.097306940, 0.862784494, 0.617844787, 14.849996090
0.563430024, 0.657591995, 0.422314357, 0.760624849, 0.307965067, 18.466691110
0.299934415, 0.867217906, 0.158385882, 0.719078448, 0.280766822, 18.637301810
0.089901741, 0.136325384, 0.062921938, 0.167680153, 0.998113389, 11.288828170
0.956439247, 0.401175940, 0.160231597, 0.845836671, 0.173275455, 21.889450990
0.098336502, 0.974117992, 0.024126294, 0.155656083, 0.909714924, 12.909569790
0.681215265, 0.426442877, 0.306825308, 0.542676811, 0.840289646, 18.763046770
0.249345684, 0.035291081, 0.805036058, 0.470451521, 0.515713787, 9.813973875
0.366878075, 0.320904630, 0.815697477, 0.176250503, 0.167517571, 6.824588715
0.198124024, 0.987365118, 0.124147284, 0.461800589, 0.554915816, 14.331898950
0.469194038, 0.165978543, 0.286595795, 0.868629425, 0.020905372, 11.616683480
0.010139130, 0.787718719, 0.396869310, 0.864817754, 0.586484332, 12.457985250
0.091983196, 0.578294707, 0.643643986, 0.438915473, 0.800185991, 12.439239740
0.819352972, 0.076868390, 0.135787668, 0.782017377, 0.403987761, 14.141176610
0.115057276, 0.188838252, 0.791796505, 0.444802437, 0.616055988, 9.087926646
0.006923981, 0.211740255, 0.712372419, 0.420853078, 0.409404359, 7.390732514
0.450112456, 0.765760512, 0.745315864, 0.958430530, 0.957566028, 24.308826680
0.006401413, 0.079607970, 0.041198047, 0.817349293, 0.398737695, 14.408271040
0.532913243, 0.952285036, 0.602661555, 0.950454469, 0.624666779, 25.288408680
0.222869670, 0.014352068, 0.162988714, 0.923488652, 0.793382656, 15.996656240
0.770125539, 0.614244142, 0.703048692, 0.852531099, 0.919246984, 24.431655970
0.090962495, 0.553994840, 0.994652121, 0.689805108, 0.787294073, 16.511229750
0.762546372, 0.179250415, 0.629656813, 0.070883279, 0.356014568, 7.476887852
0.063759507, 0.393446766, 0.252014862, 0.249282418, 0.413958864, 5.384894955
0.750993356, 0.717071385, 0.569401687, 0.305293008, 0.493955905, 15.073410100
0.849134333, 0.559612162, 0.162370308, 0.850121192, 0.251556106, 20.671191120
0.452114529, 0.428114213, 0.721013835, 0.288201822, 0.641423566, 14.175616520
0.333765281, 0.120153960, 0.243370028, 0.348375926, 0.611294419, 8.196143085
0.206590435, 0.135992245, 0.791160900, 0.202528136, 0.240147207, 5.414611504
0.708962721, 0.934205549, 0.044027503, 0.605432709, 0.165964301, 21.414684460
0.352712190, 0.197749046, 0.304710984, 0.777898123, 0.948794432, 14.930129370
0.265398613, 0.691105054, 0.554066489, 0.698311722, 0.330749887, 13.680176610
0.795746843, 0.241068393, 0.744019535, 0.227178031, 0.326771162, 12.298502950
0.165617141, 0.737266484, 0.905468933, 0.821718490, 0.308614611, 15.242174360
0.123258676, 0.734787365, 0.558038121, 0.703708834, 0.335782282, 10.449881840
0.455210531, 0.833948057, 0.415190074, 0.793046176, 0.717822071, 22.699008820
0.826220987, 0.527643915, 0.202213268, 0.147830726, 0.056890167, 13.800432030
0.642790346, 0.055310599, 0.416720691, 0.825228872, 0.784082595, 13.424420840
0.501795080, 0.340810097, 0.307292145, 0.127482360, 0.215584815, 9.332889405
0.889776740, 0.708693086, 0.286124399, 0.239045141, 0.873655030, 15.858810950
0.440567893, 0.028608350, 0.173937236, 0.448921893, 0.073234873, 8.413045097
0.732414099, 0.250196987, 0.395934358, 0.682652896, 0.545422691, 14.073852150
0.831483132, 0.207165499, 0.783687822, 0.809427880, 0.602539196, 17.834256770
0.950526095, 0.328105207, 0.532568056, 0.562205053, 0.627150924, 14.923497970
0.065729817, 0.743863739, 0.697108468, 0.513595478, 0.232512181, 9.241156419
0.317515806, 0.534054220, 0.157823652, 0.197415053, 0.024567403, 8.833997251
0.239679811, 0.106749144, 0.594674505, 0.509637104, 0.357326617, 8.658540759
0.420825450, 0.138071328, 0.209836291, 0.013536451, 0.152816743, 4.979881182
0.786517334, 0.598067374, 0.831002944, 0.491244410, 0.722677398, 22.686704520
0.580013093, 0.519908720, 0.234867453, 0.844586530, 0.895633865, 23.803526470
0.655168058, 0.616821771, 0.017937154, 0.372118253, 0.784693761, 21.289593910
0.392023998, 0.279008684, 0.355609216, 0.649434837, 0.310862078, 13.667864130
0.958304826, 0.723019274, 0.983621271, 0.355833216, 0.849344833, 19.633725660
