@relation Friedman_Benchmark_problem
@attribute input1 real [0.001211673, 0.99971881]
@attribute input2 real [1.60284E-4, 0.999677453]
@attribute input3 real [6.54566E-4, 0.999061886]
@attribute input4 real [2.12289E-4, 0.999480216]
@attribute input5 real [4.29891E-4, 0.999539431]
@attribute output real [0.664014955, 28.5903858]
@inputs input1, input2, input3, input4, input5
@outputs output
@data
0.366914125, 0.674946446, 0.860374313, 0.947456440, 0.181028475, 18.948318310
0.481906682, 0.016855051, 0.744780027, 0.695976914, 0.400597620, 9.889567608
0.633843365, 0.187015142, 0.887036959, 0.801304323, 0.821085392, 18.921662920
0.660848139, 0.400899401, 0.444339773, 0.072239494, 0.675400070, 11.065223130
0.356434274, 0.752333886, 0.882423156, 0.489140410, 0.059290350, 15.312532560
0.549895189, 0.731976049, 0.948102867, 0.529583082, 0.246776245, 20.098397060
0.922566561, 0.737521176, 0.406795929, 0.354149698, 0.315509348, 12.080805080
0.901111137, 0.023798775, 0.939099216, 0.104731882, 0.783136618, 8.588867554
0.841593141, 0.497566105, 0.808040111, 0.973260594, 0.603617325, 25.345017140
0.024561147, 0.426353223, 0.426330256, 0.200767480, 0.948752072, 7.219789222
0.807578011, 0.434973337, 0.084474427, 0.834670224, 0.507598962, 23.162144370
0.841738875, 0.928823009, 0.182095687, 0.573065532, 0.287912957, 16.716662630
0.388123388, 0.971124076, 0.620878177, 0.855904386, 0.048297143, 18.104572940
0.460531763, 0.093772420, 0.150263366, 0.947842438, 0.971911546, 20.211834550
0.001211673, 0.111166542, 0.977935861, 0.519413617, 0.372464380, 11.396522000
0.520114646, 0.257264078, 0.801836579, 0.048371600, 0.268812743, 7.235893310
0.115425356, 0.803747898, 0.819437991, 0.911834526, 0.338205328, 15.510281900
0.929657692, 0.379523007, 0.506777455, 0.272716927, 0.564268094, 15.823688040
0.694586373, 0.744094063, 0.959116488, 0.694354753, 0.469352355, 23.955948470
0.252185631, 0.926410734, 0.491148100, 0.776818822, 0.348982621, 15.471964500
0.995953470, 0.470357061, 0.588025194, 0.206753836, 0.740745865, 14.723416210
0.382550848, 0.243202621, 0.704269362, 0.840733442, 0.054461781, 11.640474910
0.458538962, 0.522468409, 0.373569919, 0.041499334, 0.776281804, 11.081367880
0.533103344, 0.819271655, 0.278253654, 0.940462952, 0.497978053, 22.908542350
0.184005965, 0.333911721, 0.558342553, 0.693536675, 0.435013560, 11.718523020
0.742630832, 0.588726790, 0.097130288, 0.127882015, 0.140600173, 14.807576430
0.522981545, 0.413078692, 0.057162524, 0.604477538, 0.785229528, 20.432126150
0.216138717, 0.909668142, 0.062146454, 0.551648914, 0.955308504, 21.640695670
0.514212918, 0.296390432, 0.061759624, 0.752590169, 0.399381099, 18.681489090
0.081014022, 0.850041411, 0.468024605, 0.680976356, 0.080118236, 9.116547934
0.670214117, 0.384165473, 0.100434490, 0.578451308, 0.181619048, 16.030818550
0.700696988, 0.756446488, 0.272281404, 0.287000302, 0.841296539, 16.088259780
0.033919980, 0.339453175, 0.980962541, 0.244437445, 0.831473753, 11.602559030
0.443988333, 0.620743764, 0.535835731, 0.654041610, 0.553980262, 16.672246300
0.868292117, 0.708203148, 0.474445347, 0.739075274, 0.669591627, 18.822656650
0.659555095, 0.701910919, 0.678460795, 0.374797223, 0.094855042, 14.311459040
0.616965758, 0.432032287, 0.200420890, 0.544886155, 0.538257294, 16.690698160
0.438015575, 0.962286331, 0.825387113, 0.338161620, 0.296599165, 18.327203740
0.558408249, 0.338741952, 0.996040682, 0.326864609, 0.348655034, 18.052622970
0.053017960, 0.900716169, 0.144824520, 0.532935067, 0.166617962, 10.015387900
0.080477185, 0.577759683, 0.389172660, 0.276018292, 0.986977331, 10.265190900
0.400314402, 0.699067025, 0.748578227, 0.998094784, 0.500204400, 21.660026970
0.376733074, 0.106851395, 0.598874165, 0.754502690, 0.182248357, 11.324043600
0.666376898, 0.698846894, 0.586676126, 0.957560020, 0.408279050, 22.401618380
0.915969019, 0.943061607, 0.019369819, 0.442315086, 0.187784192, 14.623322540
0.350201925, 0.544432052, 0.078505593, 0.214754806, 0.318275596, 14.851121240
0.855752098, 0.552680303, 0.084580177, 0.873245250, 0.352931993, 22.650494310
0.333399485, 0.527669244, 0.450976033, 0.246950171, 0.508954210, 9.110224319
0.181366653, 0.413224035, 0.484570017, 0.173463435, 0.795719089, 7.517204892
0.026835988, 0.767560269, 0.420728074, 0.181740850, 0.088214407, 2.216392715
0.095380472, 0.942943566, 0.860092261, 0.177426575, 0.717719907, 10.037828550
0.508866383, 0.788074777, 0.893709391, 0.331260399, 0.519705091, 18.316163600
0.561718532, 0.849029947, 0.534438640, 0.933205951, 0.226973369, 20.108957430
0.315322881, 0.997338137, 0.069173897, 0.568174290, 0.251029578, 18.636486910
0.177506737, 0.504990335, 0.721410056, 0.179489463, 0.977340636, 11.768975600
0.187086129, 0.584200807, 0.647449508, 0.812942501, 0.119625465, 12.420620940
0.238363493, 0.179191104, 0.047163047, 0.399608062, 0.762100051, 12.003820700
0.779685021, 0.497916423, 0.248519422, 0.920572691, 0.155722658, 19.575318640
0.564784130, 0.956269036, 0.729525958, 0.885756780, 0.228660217, 21.810556350
0.287509280, 0.839967849, 0.535569167, 0.036112456, 0.871757591, 11.062868660
0.135560709, 0.553052519, 0.740114551, 0.876328251, 0.631079762, 15.363457710
0.660734048, 0.280407853, 0.096852241, 0.397190396, 0.018209117, 12.290901090
0.810636175, 0.469199120, 0.215886446, 0.432109584, 0.959551615, 19.651538090
0.629283968, 0.409180444, 0.772471313, 0.652095367, 0.439925157, 18.555709990
0.937131668, 0.781441588, 0.749166082, 0.771421417, 0.341062426, 15.577356190
0.384382825, 0.235050041, 0.637783305, 0.881169885, 0.180766288, 12.362402060
0.206732632, 0.532510655, 0.998470907, 0.194100867, 0.475946500, 13.248449470
0.542815758, 0.204882426, 0.361631432, 0.793617408, 0.327886110, 14.157230550
0.804476415, 0.974200835, 0.837723415, 0.492986218, 0.828973994, 17.983457060
0.177027277, 0.796218776, 0.875921535, 0.636724693, 0.484534001, 16.973239950
0.206105640, 0.374821301, 0.331322495, 0.129546596, 0.488442077, 6.032721035
0.043793145, 0.303800166, 0.832755090, 0.699068438, 0.762459682, 11.969455050
0.950526095, 0.328105207, 0.532568056, 0.562205053, 0.627150924, 14.923497970
0.898723724, 0.577023070, 0.154900625, 0.490366866, 0.104313523, 16.748072290
0.009466111, 0.178000142, 0.350717765, 0.610492577, 0.858929968, 11.669226710
0.170225242, 0.993432684, 0.713720012, 0.655568657, 0.551109143, 14.275138600
0.108199881, 0.842358312, 0.012308204, 0.090199079, 0.056479970, 9.298347874
0.551273564, 0.268996603, 0.026961005, 0.995358841, 0.630504981, 21.008529450
0.707916412, 0.658411659, 0.472225627, 0.939209797, 0.190747194, 19.447657360
0.087844888, 0.935969099, 0.363850401, 0.586112139, 0.418647761, 10.724481280
0.690155657, 0.230033221, 0.367587989, 0.292967796, 0.448049353, 8.358575141
0.063205596, 0.953487908, 0.416070799, 0.442643582, 0.413941948, 9.022453974
0.754369047, 0.869732765, 0.856809609, 0.938498974, 0.209747002, 24.538060680
0.834279104, 0.666404381, 0.968756173, 0.365699153, 0.742708892, 21.771760680
0.956510934, 0.105212338, 0.501699728, 0.404354623, 0.378079078, 8.635755062
0.253774747, 0.533114531, 0.929135618, 0.252228198, 0.344459554, 13.527456830
0.701669272, 0.305247376, 0.045803364, 0.046165615, 0.603834348, 11.880817710
0.289305537, 0.481002636, 0.138217035, 0.640827345, 0.776678494, 17.843565420
0.525396526, 0.130608036, 0.912849311, 0.304407345, 0.795863017, 12.592344740
0.641468775, 0.076169285, 0.269877336, 0.676642587, 0.518170711, 11.747742140
0.653991176, 0.058670913, 0.418363727, 0.961490417, 0.008713562, 10.978620150
0.961788884, 0.939957716, 0.536051847, 0.776516100, 0.375942337, 14.077535910
0.946329521, 0.113556905, 0.453687824, 0.879448454, 0.274596252, 14.970046530
0.419287179, 0.030711523, 0.829197496, 0.759931968, 0.503186926, 14.968354230
0.838893114, 0.980599737, 0.681348740, 0.737298117, 0.216132318, 16.297221270
0.985327835, 0.115991137, 0.360278629, 0.507743419, 0.759441183, 13.899032190
0.260808714, 0.613702418, 0.382769512, 0.390699522, 0.271333386, 9.953308406
0.272446428, 0.907698338, 0.716705056, 0.971686738, 0.146778480, 17.486367070
0.527532136, 0.104436805, 0.885191621, 0.678239052, 0.197058514, 12.052848180
0.519317632, 0.429787961, 0.158892582, 0.695373605, 0.475499085, 19.020265570
0.786517334, 0.598067374, 0.831002944, 0.491244410, 0.722677398, 22.686704520
0.906567979, 0.615451734, 0.562809689, 0.565277973, 0.806302321, 18.826406760
0.992320158, 0.787598977, 0.220884980, 0.522719656, 0.841071403, 15.894048310
0.221617342, 0.715240650, 0.589748250, 0.128886430, 0.004960676, 5.545440415
0.951106830, 0.031503912, 0.611248952, 0.287282038, 0.608225675, 8.246709867
0.726268031, 0.889660090, 0.563071896, 0.140422463, 0.300336136, 12.286698550
0.683182269, 0.744394009, 0.904893760, 0.172944777, 0.701983987, 19.173375240
0.644832767, 0.113935222, 0.169143085, 0.365565032, 0.425503841, 9.846530539
0.888560739, 0.766341339, 0.449612702, 0.857673921, 0.426908976, 19.090133960
0.810038710, 0.601499014, 0.533140223, 0.181460601, 0.335890566, 13.944995170
0.574985121, 0.140196289, 0.079076629, 0.822899696, 0.909242128, 17.799646160
0.853798711, 0.368466213, 0.918009690, 0.984494857, 0.935316595, 26.571625080
0.857626847, 0.964595220, 0.500985451, 0.389440488, 0.906357659, 14.168751940
0.583207559, 0.892761865, 0.025603404, 0.662359421, 0.243202237, 23.258277060
0.988085136, 0.195445914, 0.685649511, 0.975179353, 0.447754819, 19.455358950
0.666612633, 0.013994812, 0.654372943, 0.807997922, 0.558915205, 11.433911550
0.600535058, 0.066129560, 0.669737890, 0.707139862, 0.031915700, 10.351713640
0.935937306, 0.051612613, 0.098802168, 0.547414881, 0.372876421, 12.604030330
0.902322683, 0.922401546, 0.116912281, 0.406841001, 0.796794611, 17.782174690
0.379624159, 0.500191257, 0.589658456, 0.247027562, 0.269018262, 9.806837250
0.748475161, 0.985885967, 0.597407014, 0.345612538, 0.472061969, 14.361379170
0.457227182, 0.639479300, 0.537534014, 0.332883040, 0.455659614, 10.601203500
0.782135288, 0.561987665, 0.492184560, 0.955894466, 0.050876777, 19.713098600
0.859642219, 0.757555186, 0.160809529, 0.521708985, 0.915265512, 20.545280990
0.367555506, 0.973951174, 0.385804651, 0.198799801, 0.624169748, 13.222946180
0.210073934, 0.347436914, 0.389259494, 0.128814021, 0.293827337, 4.279413568
0.688073978, 0.785864465, 0.186235365, 0.228851415, 0.761078000, 17.929335630
0.396688067, 0.084834550, 0.371445178, 0.174419789, 0.188074224, 3.323956614
0.743846533, 0.528126141, 0.938154910, 0.830695632, 0.473128939, 22.505809140
0.467808884, 0.562373001, 0.276567017, 0.375998002, 0.887708064, 16.944753470
0.848119331, 0.591279992, 0.172125405, 0.654930544, 0.284196107, 19.850696080
0.480551317, 0.705812249, 0.993424688, 0.635191512, 0.427162376, 22.053200670
0.340844690, 0.647022933, 0.623555606, 0.150929782, 0.492720177, 10.047974250
0.929456634, 0.404927242, 0.001774361, 0.637325105, 0.381186235, 23.789642640
0.846819036, 0.821082283, 0.060428739, 0.681976891, 0.906372396, 22.192886230
0.318341723, 0.645392065, 0.606798487, 0.579269742, 0.219458361, 14.552201720
0.979529213, 0.167729039, 0.478219664, 0.806646545, 0.287045694, 14.256972950
0.947461170, 0.227477670, 0.269523235, 0.199016048, 0.747937081, 11.325652200
0.028051290, 0.703048188, 0.847584559, 0.339276820, 0.248972553, 7.960514326
0.548029942, 0.413383545, 0.051123134, 0.291625666, 0.266992933, 15.326112010
0.004090843, 0.387496350, 0.812983143, 0.518775776, 0.108219113, 8.397880004
0.480305886, 0.295429886, 0.628236321, 0.120240264, 0.090960203, 5.873782634
0.285555100, 0.647962807, 0.854050052, 0.836891784, 0.325534872, 19.902896420
0.097589845, 0.641199352, 0.430166595, 0.877452400, 0.671345864, 14.891195550
0.142980150, 0.419378914, 0.931637471, 0.822932803, 0.234382352, 15.135399760
0.616726053, 0.077891674, 0.185456891, 0.583458072, 0.353056907, 12.436164940
0.006871800, 0.699278834, 0.828757079, 0.434604684, 0.463928672, 7.813138711
0.411998011, 0.443789420, 0.667225462, 0.032589693, 0.274698285, 9.116009577
0.855329395, 0.401314627, 0.522281634, 0.539253636, 0.221282777, 14.502237210
0.431337477, 0.376692569, 0.709046465, 0.756656636, 0.336147055, 14.805597550
0.708293894, 0.365658694, 0.345357002, 0.962444061, 0.374445353, 18.538189000
0.667708908, 0.780515736, 0.656367212, 0.393719170, 0.927294897, 17.978097410
0.701402673, 0.686975015, 0.992953375, 0.006418242, 0.244878057, 16.205775150
0.357083622, 0.129579412, 0.810736250, 0.452043150, 0.727107602, 11.824655010
0.382603875, 0.763985652, 0.314419256, 0.122835800, 0.581721123, 11.664889580
0.570494442, 0.037243696, 0.981664024, 0.133704971, 0.327849210, 10.359558190
0.981801457, 0.483431983, 0.996835596, 0.133718887, 0.464517473, 20.151112360
0.345690531, 0.238030864, 0.912445832, 0.341847557, 0.496187827, 9.103478771
0.736249235, 0.915065325, 0.067887643, 0.935868652, 0.377357337, 22.415503240
0.676814571, 0.207230733, 0.424354576, 0.797619586, 0.633282299, 16.425700670
0.832038169, 0.658187615, 0.271894887, 0.491009573, 0.416346801, 17.281071420
0.566690870, 0.682362573, 0.694160979, 0.566302347, 0.866679952, 20.697380990
0.400747322, 0.950774746, 0.770111969, 0.480974588, 0.862751483, 20.008992080
0.002741799, 0.138538636, 0.799266783, 0.810399423, 0.144058069, 13.349001850
0.352712190, 0.197749046, 0.304710984, 0.777898123, 0.948794432, 14.930129370
0.851827738, 0.011542138, 0.566660445, 0.383559507, 0.149246721, 5.571254592
0.694629301, 0.165691369, 0.466260991, 0.360522890, 0.906631430, 12.454974060
0.290812270, 0.278634693, 0.682643687, 0.454979097, 0.561034697, 10.674156880
0.125460043, 0.354410104, 0.872957706, 0.528960873, 0.136057983, 10.715891320
0.222869670, 0.014352068, 0.162988714, 0.923488652, 0.793382656, 15.996656240
0.272497042, 0.404776325, 0.519617498, 0.374779335, 0.919178308, 12.763749980
0.500782690, 0.398124877, 0.195741185, 0.585506962, 0.475199415, 17.429635620
0.166865502, 0.997425798, 0.930090280, 0.627971007, 0.514589235, 19.495978590
0.640609220, 0.634481283, 0.452011278, 0.414092508, 0.013848486, 14.247690660
0.770125539, 0.614244142, 0.703048692, 0.852531099, 0.919246984, 24.431655970
0.531482014, 0.896183806, 0.632489002, 0.885812199, 0.772936932, 24.642798850
0.517044967, 0.109949497, 0.025341640, 0.091577305, 0.592042513, 9.923715370
0.193170430, 0.338118362, 0.871764046, 0.806026189, 0.194531924, 14.707368330
0.275034287, 0.323059695, 0.980593186, 0.617009441, 0.861043573, 18.318834250
0.352764104, 0.707588013, 0.433203515, 0.703044405, 0.810429211, 17.111562670
0.409238907, 0.346633534, 0.499260234, 0.446083882, 0.201135025, 10.290314850
0.659257157, 0.775861893, 0.950976590, 0.752421388, 0.741777067, 25.077604150
0.115057276, 0.188838252, 0.791796505, 0.444802437, 0.616055988, 9.087926646
0.244395056, 0.415172809, 0.623483184, 0.439676980, 0.278945853, 8.112188144
0.984867414, 0.594201138, 0.860705311, 0.198182589, 0.562532024, 17.334906230
0.729499379, 0.624728241, 0.667377260, 0.523396250, 0.485896217, 16.638179570
0.238991398, 0.345850225, 0.806384020, 0.708783183, 0.170964190, 12.030191660
0.678117829, 0.006525348, 0.296765545, 0.745742500, 0.148417059, 7.411490033
0.989318017, 0.303575906, 0.630298254, 0.370482719, 0.722107614, 17.090549760
0.136087487, 0.726540655, 0.567095240, 0.653680859, 0.011045599, 9.068759721
0.939139037, 0.495810128, 0.562593504, 0.442128199, 0.352367434, 16.253112000
0.035930078, 0.080623599, 0.015690601, 0.308720241, 0.152814661, 9.733226127
0.227157914, 0.129199340, 0.078041646, 0.658331033, 0.680399661, 15.363633980
0.577508646, 0.923741555, 0.277143264, 0.035327113, 0.158904457, 11.404536140
0.206969406, 0.857862431, 0.278257605, 0.979269610, 0.618163297, 17.849062980
0.505968196, 0.324976353, 0.804087541, 0.155063316, 0.088158187, 8.158757905
0.919876599, 0.319403513, 0.073232407, 0.426791741, 0.733019229, 19.360006810
0.671968069, 0.609734465, 0.413509225, 0.285422759, 0.348239864, 14.440431790
0.048725736, 0.746776077, 0.299181742, 0.475218290, 0.330153641, 9.244821373
0.031331193, 0.914971302, 0.144480610, 0.155393144, 0.327394522, 6.413090705
0.030199806, 0.803626268, 0.624902059, 0.374444071, 0.626545952, 6.239981765
0.765876717, 0.886565632, 0.172394697, 0.299645177, 0.026612906, 15.322114800
0.739108933, 0.000160284, 0.785475887, 0.370009414, 0.073785155, 5.726277248
0.476864807, 0.500594837, 0.553220671, 0.391534437, 0.471028128, 12.179556290
0.816265634, 0.756113612, 0.003112001, 0.774285777, 0.471940206, 23.301042430
0.311100994, 0.534185191, 0.444084528, 0.565471982, 0.711664413, 14.633213260
0.851336771, 0.189755494, 0.800037169, 0.376359861, 0.441518458, 13.683656350
0.787216068, 0.460334107, 0.152594597, 0.842860176, 0.941113658, 23.648741450
0.608443350, 0.733470141, 0.621582543, 0.773478256, 0.541283300, 21.538981530
0.831420962, 0.596595652, 0.377224641, 0.934525530, 0.186559707, 20.818633680
0.749684939, 0.867117667, 0.173930228, 0.380092781, 0.102526822, 15.097524160
0.728502196, 0.831395515, 0.346678641, 0.942261580, 0.162308601, 20.350179930
0.994293205, 0.164896879, 0.663575757, 0.188836723, 0.776780108, 10.679284280
0.434504145, 0.476533070, 0.242606324, 0.848037206, 0.784729111, 19.726977460
0.425233326, 0.427819304, 0.824715383, 0.741105369, 0.607158637, 19.962514170
0.765918533, 0.297238225, 0.387938956, 0.159810315, 0.708429493, 12.225453180
0.195994315, 0.071491985, 0.334114493, 0.549761897, 0.422915768, 9.090985453
0.422833161, 0.855796751, 0.991217089, 0.954354881, 0.930609105, 27.779852940
0.795163316, 0.510248931, 0.366079173, 0.474887580, 0.082245278, 14.650804200
0.370773338, 0.576277447, 0.832130532, 0.565285024, 0.875547344, 19.226318780
0.061805675, 0.204864396, 0.184556334, 0.739083438, 0.749772902, 12.347363990
0.064983871, 0.417926933, 0.671731461, 0.286009469, 0.110320006, 4.128628241
0.639136332, 0.169246703, 0.383199346, 0.612102274, 0.667757506, 11.468549170
0.163152427, 0.531315830, 0.264090270, 0.841872442, 0.240583492, 14.202088130
0.219312282, 0.077246134, 0.845613298, 0.979530403, 0.179411338, 14.281374720
0.595677775, 0.362750840, 0.787330675, 0.585887682, 0.214248440, 13.375426490
0.695712228, 0.801113810, 0.950053053, 0.682360211, 0.670959735, 22.398417480
0.315414989, 0.901937848, 0.142931872, 0.945245872, 0.471035269, 23.401585720
0.675815453, 0.394887746, 0.403882928, 0.745564894, 0.404155001, 17.009681740
0.503023782, 0.407892609, 0.124642947, 0.329706305, 0.256951595, 13.162865360
0.706902528, 0.701051445, 0.237564272, 0.330044476, 0.578129629, 17.126190030
0.067186065, 0.045674481, 0.780408416, 0.602384161, 0.226169831, 8.951567984
0.514877706, 0.825276645, 0.253252699, 0.406087542, 0.397079077, 16.842556500
0.592703863, 0.155963214, 0.926046828, 0.917221117, 0.239918418, 16.115759700
0.378723868, 0.658435781, 0.709135645, 0.632493400, 0.929006110, 17.528550940
0.532422108, 0.128847013, 0.617840580, 0.023660990, 0.585908559, 5.727393684
0.172048074, 0.895458185, 0.506158798, 0.196884252, 0.811567600, 10.550589580
0.122858289, 0.802585406, 0.402601184, 0.157555809, 0.566927405, 7.472131214
0.294472299, 0.223775207, 0.907630692, 0.052349484, 0.335608547, 7.130714562
0.306368106, 0.052493084, 0.745901011, 0.705156148, 0.549861418, 12.188740780
0.982392880, 0.291804704, 0.025325826, 0.936259340, 0.214301422, 22.711260800
0.436991633, 0.906156897, 0.578210292, 0.814604735, 0.444432746, 19.599301060
0.841474223, 0.329671047, 0.910675963, 0.959963700, 0.014826891, 19.689389860
0.470605163, 0.024629465, 0.097306940, 0.862784494, 0.617844787, 14.849996090
0.727432410, 0.325024266, 0.274643514, 0.485277700, 0.123620424, 12.421103350
0.021109642, 0.529123560, 0.733807685, 0.936596931, 0.529782861, 14.657417940
0.067325052, 0.410659611, 0.299369239, 0.316623684, 0.772522847, 9.941893893
0.535193449, 0.346194305, 0.185591713, 0.907537777, 0.139836210, 16.719000020
0.006401413, 0.079607970, 0.041198047, 0.817349293, 0.398737695, 14.408271040
0.938240955, 0.675750492, 0.756909553, 0.820045208, 0.875315864, 25.060895630
0.812318044, 0.986835271, 0.920524625, 0.683669748, 0.531917875, 16.995153780
0.956439247, 0.401175940, 0.160231597, 0.845836671, 0.173275455, 21.889450990
0.174510855, 0.082435004, 0.805498268, 0.009813211, 0.586867978, 3.584697559
0.238117637, 0.764636658, 0.707942804, 0.917603404, 0.994361340, 21.900162100
0.005622506, 0.429959927, 0.847766931, 0.130351691, 0.395279459, 5.294451700
0.271974583, 0.273707745, 0.295087982, 0.270398259, 0.792631024, 10.918329070
0.132440875, 0.913160034, 0.356023342, 0.716567403, 0.619794242, 16.639781600
0.653760626, 0.794436624, 0.373410386, 0.474727283, 0.507969638, 19.942552340
0.018420799, 0.121995473, 0.328866436, 0.008591597, 0.589397388, 1.817550302
0.182426286, 0.819879559, 0.248480084, 0.534227481, 0.859413796, 15.997708410
0.135753774, 0.449144900, 0.263393926, 0.003074571, 0.406692031, 5.554677868
0.803102817, 0.484091583, 0.474761064, 0.839737876, 0.277008797, 18.343696510
0.215567295, 0.297733613, 0.253144385, 0.342327471, 0.209415213, 8.717971319
0.951054807, 0.520584582, 0.872511144, 0.143268759, 0.253813896, 16.129260090
0.504022766, 0.218915396, 0.179430397, 0.397258466, 0.686716821, 12.336643260
0.744853846, 0.420950697, 0.368120525, 0.523003291, 0.626648414, 17.615336490
0.811891836, 0.801048509, 0.308738434, 0.331482420, 0.700177053, 16.959852710
0.981140356, 0.990766398, 0.528126167, 0.938412672, 0.362175476, 12.282607730
0.960190309, 0.240356082, 0.748404443, 0.291363635, 0.693582980, 12.842872040
0.035865780, 0.449148509, 0.298831401, 0.034518682, 0.219300867, 2.225445244
0.733211810, 0.084517791, 0.260555192, 0.123872001, 0.758248214, 9.693465454
0.089901741, 0.136325384, 0.062921938, 0.167680153, 0.998113389, 11.288828170
0.136720688, 0.945200475, 0.025196540, 0.666546613, 0.365608841, 16.672270430
0.479504516, 0.425177696, 0.881475480, 0.182012031, 0.751483667, 15.358244180
0.497386707, 0.046176295, 0.708724367, 0.593337594, 0.379841627, 11.018900360
0.231513081, 0.901299512, 0.873836128, 0.155944494, 0.742206662, 12.485780780
0.121124298, 0.773054357, 0.378163652, 0.156557330, 0.760862084, 8.544988296
0.727191875, 0.962733934, 0.221291857, 0.518656101, 0.932891155, 19.366203980
0.313815217, 0.190572545, 0.824288992, 0.553521010, 0.341162264, 11.047573290
0.924485153, 0.580016082, 0.549265648, 0.549253538, 0.430325535, 16.814192430
0.468462632, 0.982832937, 0.613598327, 0.360499389, 0.675823019, 17.348072530
0.452114529, 0.428114213, 0.721013835, 0.288201822, 0.641423566, 14.175616520
0.818992445, 0.536127042, 0.515010004, 0.124573373, 0.646419951, 14.847168660
0.631123985, 0.479984359, 0.137712336, 0.684183525, 0.577725423, 22.579412140
0.449546746, 0.209920300, 0.838594478, 0.047693463, 0.608824336, 8.162476344
0.044367632, 0.945838454, 0.290788166, 0.041905374, 0.764005912, 5.984382867
0.976892291, 0.270520637, 0.994507629, 0.270756183, 0.307795537, 17.310703230
0.528612718, 0.716835171, 0.249539522, 0.938969273, 0.828559522, 23.775695700
0.812680032, 0.541916589, 0.374145765, 0.696882046, 0.289903178, 18.361672290
0.620926856, 0.333980654, 0.235328507, 0.372594857, 0.465413081, 13.214073390
0.439875686, 0.230437535, 0.338356808, 0.213541653, 0.403901146, 8.158971721
0.429136245, 0.758386882, 0.328896027, 0.299210294, 0.755628669, 15.394547570
0.464206378, 0.182161842, 0.222773776, 0.072579927, 0.018790432, 5.373667205
0.642790346, 0.055310599, 0.416720691, 0.825228872, 0.784082595, 13.424420840
0.567270049, 0.370475062, 0.646909315, 0.507712582, 0.456596834, 13.170114570
0.942201261, 0.569909705, 0.294539660, 0.885332553, 0.062325606, 20.352730510
0.123258676, 0.734787365, 0.558038121, 0.703708834, 0.335782282, 10.449881840
0.682915699, 0.126409218, 0.676255583, 0.717405652, 0.852234886, 15.628257350
0.152354713, 0.486959549, 0.641055447, 0.016873361, 0.924605132, 7.996050828
0.052707712, 0.853762347, 0.011339209, 0.573701099, 0.529824847, 15.445364230
0.289361613, 0.031729653, 0.828245574, 0.411113563, 0.757629619, 9.796162867
0.089374254, 0.955872254, 0.832729616, 0.448890376, 0.763705899, 12.458203650
0.500359582, 0.242781526, 0.568696825, 0.382843709, 0.119392302, 6.535004446
0.779609061, 0.751912779, 0.746728574, 0.832655589, 0.721862559, 21.858971060
0.839825558, 0.138136279, 0.847718824, 0.657902002, 0.466890217, 16.697048070
0.999718810, 0.449758827, 0.292769936, 0.504872809, 0.567180421, 19.200775370
0.520793741, 0.926653351, 0.873884010, 0.626192917, 0.051961353, 18.032318830
0.559078081, 0.917156068, 0.601074479, 0.363780755, 0.902125726, 17.597202960
0.927151608, 0.767271445, 0.584186090, 0.502919580, 0.384517557, 13.511695720
0.726087806, 0.119669136, 0.481908365, 0.033378363, 0.020225654, 2.148753939
0.584634867, 0.910358740, 0.844509618, 0.140289114, 0.990711841, 18.836159490
0.822929835, 0.205234135, 0.815771145, 0.899742825, 0.585607274, 19.405660420
0.540148662, 0.011331640, 0.499361968, 0.445212243, 0.640768534, 6.868084070
0.682650787, 0.524708674, 0.375210512, 0.153766690, 0.353991386, 12.539439790
0.897527548, 0.829371341, 0.467264105, 0.212098406, 0.229768402, 10.130999110
0.799692924, 0.995531855, 0.329678781, 0.986634321, 0.946989531, 21.229858350
0.153256633, 0.344721409, 0.720287292, 0.152822441, 0.080520884, 4.407622099
0.488183011, 0.656678770, 0.453527197, 0.301926446, 0.430948980, 13.952518480
0.024918046, 0.931460005, 0.080039109, 0.275420031, 0.111449833, 8.637497233
0.667080621, 0.610101201, 0.015223263, 0.718996650, 0.477431206, 24.893595500
0.819352972, 0.076868390, 0.135787668, 0.782017377, 0.403987761, 14.141176610
0.765091653, 0.176453043, 0.156660103, 0.770200110, 0.346606887, 16.375110990
0.592191896, 0.127941900, 0.728724196, 0.011652736, 0.652847428, 8.956547851
0.337075863, 0.633374928, 0.586493013, 0.159211997, 0.832349003, 12.274797160
0.783987116, 0.748794922, 0.126252470, 0.136837719, 0.094562003, 13.181164230
0.531199784, 0.124407600, 0.018367922, 0.602691210, 0.241695507, 14.898806610
0.857342163, 0.168706002, 0.072977152, 0.919933593, 0.879148416, 23.052322340
0.082171782, 0.220394544, 0.706144075, 0.252284106, 0.893536716, 7.446815396
0.018297133, 0.907473412, 0.507704199, 0.374261378, 0.832324017, 7.060497040
0.670317194, 0.396489628, 0.135964816, 0.521783555, 0.647618295, 18.703601600
0.651623330, 0.804046865, 0.755587941, 0.840495043, 0.713142549, 22.127610230
0.734442030, 0.166503965, 0.446766772, 0.907791130, 0.628015550, 16.536892300
0.674360053, 0.101402767, 0.087902336, 0.500172953, 0.409895975, 14.002486840
0.410744906, 0.137044531, 0.125669069, 0.407255460, 0.867195582, 14.847531180
0.998023234, 0.797512392, 0.580531944, 0.615552673, 0.554133127, 15.364784910
0.600923753, 0.883506272, 0.126423394, 0.815483279, 0.072606506, 22.149548290
0.116297516, 0.369227069, 0.390373861, 0.073017925, 0.320365481, 2.408298898
0.188537753, 0.840594810, 0.692954592, 0.718370621, 0.329190933, 14.183011310
0.419872823, 0.782325228, 0.427393887, 0.646691864, 0.372122147, 18.264125060
0.494396668, 0.681002274, 0.334662718, 0.933875696, 0.804534683, 23.430395290
0.725854314, 0.826540779, 0.668313573, 0.718924818, 0.771965165, 20.580209010
0.016663279, 0.861391904, 0.941217636, 0.909732527, 0.694475681, 17.221195320
0.786078867, 0.291884498, 0.808981221, 0.215897236, 0.538083790, 14.954144710
0.460362533, 0.431759181, 0.518243298, 0.878752025, 0.434963715, 16.841968380
0.919005708, 0.766384387, 0.872386841, 0.922490210, 0.987678493, 25.267785470
0.445553996, 0.997123229, 0.958561978, 0.248515441, 0.881470531, 19.954153650
0.227420080, 0.703928619, 0.494298603, 0.717904540, 0.751815008, 15.783565730
0.998254374, 0.067532501, 0.448018997, 0.205897276, 0.328471756, 6.487956186
0.607156981, 0.100037900, 0.683547335, 0.329703746, 0.231812775, 7.671501487
0.694204341, 0.992161445, 0.228878170, 0.023839209, 0.336196457, 11.861429700
0.402136725, 0.596101795, 0.527052892, 0.397774454, 0.754243205, 15.042205300
0.487394366, 0.911393640, 0.008268824, 0.419446493, 0.595330392, 21.406415280
0.490454181, 0.961842773, 0.469204447, 0.268204666, 0.249354601, 14.289193440
0.642342908, 0.661024607, 0.133988575, 0.113122829, 0.190629575, 14.074422290
0.188679149, 0.229247603, 0.652031408, 0.811786878, 0.770260049, 12.666300430
0.267420537, 0.548423201, 0.275587474, 0.755913221, 0.035072033, 14.338394700
0.074921591, 0.016274534, 0.043521881, 0.639723218, 0.933053239, 13.793726790
0.992573566, 0.276316563, 0.916293811, 0.132847172, 0.903401688, 15.845262500
0.358540494, 0.437517513, 0.070824517, 0.778908472, 0.871426445, 20.075384430
0.436442829, 0.516352221, 0.306488043, 0.230400099, 0.970695389, 13.743141090
0.052519947, 0.009726680, 0.737048343, 0.763103210, 0.647951742, 11.759908510
0.906420014, 0.162280463, 0.967757318, 0.555949532, 0.191684878, 15.222346210
0.466320775, 0.947663007, 0.209719469, 0.866235260, 0.507813121, 22.587875690
0.713458221, 0.084512870, 0.212228008, 0.502588943, 0.137337759, 9.690427418
0.528955706, 0.085313281, 0.073061095, 0.744345821, 0.431631819, 16.270229290
0.884234697, 0.280287197, 0.911893405, 0.916457295, 0.738423070, 23.308778970
0.076470372, 0.226852995, 0.134591811, 0.037504269, 0.540756651, 8.049146245
0.456060673, 0.183196190, 0.381105870, 0.052075041, 0.640306306, 6.734506881
0.336730963, 0.246111863, 0.275936978, 0.188389691, 0.386479226, 7.612976361
0.237429384, 0.005309439, 0.355331948, 0.926386908, 0.257149889, 12.215084780
0.521252440, 0.431536699, 0.333249992, 0.059496745, 0.528856004, 11.428642380
0.796846221, 0.038065659, 0.054167884, 0.194114316, 0.608022711, 9.412524234
0.795929613, 0.036058521, 0.342060955, 0.591964417, 0.893864209, 10.271385750
0.341581351, 0.881773468, 0.108553664, 0.316860057, 0.093944522, 15.408293850
0.073955942, 0.532631714, 0.187388523, 0.554009929, 0.142836084, 10.338612420
0.293744819, 0.079198150, 0.016362441, 0.906864336, 0.525973306, 14.470783670
0.022065743, 0.918991483, 0.626685257, 0.887231771, 0.714552867, 14.859963410
0.426944954, 0.237723010, 0.889008333, 0.162165466, 0.838366866, 10.730170000
0.430912056, 0.198626691, 0.924061888, 0.423132319, 0.793835089, 14.217000560
0.750993356, 0.717071385, 0.569401687, 0.305293008, 0.493955905, 15.073410100
0.889601925, 0.991832159, 0.994959024, 0.703898887, 0.202300738, 15.726831120
0.774930708, 0.805808285, 0.054497505, 0.431325383, 0.257912710, 18.781844180
0.582632439, 0.244511431, 0.558090885, 0.221911796, 0.607076024, 10.994528360
0.604295271, 0.995185689, 0.929981108, 0.555792127, 0.645805991, 23.639854850
0.599871778, 0.552060016, 0.992744238, 0.952489168, 0.607449427, 24.815225470
0.732414099, 0.250196987, 0.395934358, 0.682652896, 0.545422691, 14.073852150
0.862477908, 0.606859729, 0.180729244, 0.153234018, 0.122614133, 13.014425200
0.850563209, 0.592598604, 0.122218351, 0.517754487, 0.078141841, 17.177927110
0.165617141, 0.737266484, 0.905468933, 0.821718490, 0.308614611, 15.242174360
0.207910667, 0.101989851, 0.853649674, 0.904776430, 0.020643655, 11.856590820
0.031233241, 0.952988091, 0.507367705, 0.069562376, 0.383417764, 4.735364682
0.022411652, 0.316160681, 0.225374545, 0.614729857, 0.473257504, 11.736143330
0.327868132, 0.204249240, 0.143108395, 0.678870952, 0.402948181, 14.056823670
0.178573700, 0.983631242, 0.453757221, 0.560996879, 0.761672202, 15.560554810
0.851719282, 0.946391981, 0.726973345, 0.816547944, 0.528688152, 16.593796210
0.647343969, 0.776445349, 0.681097903, 0.273834706, 0.541973430, 15.893516070
0.828861810, 0.463161757, 0.922946336, 0.467296367, 0.528947949, 19.721489880
0.027331964, 0.638546321, 0.374743689, 0.569093048, 0.274152969, 7.964327679
0.461485025, 0.455760747, 0.237624332, 0.919890912, 0.459974439, 19.551269970
0.312421581, 0.503675596, 0.809353908, 0.876060482, 0.001320643, 14.911531410
0.401391319, 0.275471598, 0.617892946, 0.537953266, 0.450348916, 8.937239350
0.625885814, 0.035910243, 0.885819885, 0.848418962, 0.533948878, 15.502766800
0.345449271, 0.868618502, 0.913633427, 0.005213594, 0.414033875, 15.685667050
0.905427390, 0.413728702, 0.440908890, 0.377539243, 0.024233717, 13.104994060
0.436313114, 0.242422484, 0.042541288, 0.009318279, 0.726146460, 10.289765590
0.857917989, 0.823892475, 0.659325149, 0.443615010, 0.954335382, 16.795015980
0.708962721, 0.934205549, 0.044027503, 0.605432709, 0.165964301, 21.414684460
0.637858648, 0.621109284, 0.125605266, 0.780644995, 0.925827218, 26.264485800
0.163941493, 0.280729793, 0.258625306, 0.170453508, 0.235229466, 5.529560443
0.560806920, 0.896086117, 0.673084145, 0.570712788, 0.181621885, 16.679440490
0.283226000, 0.773870337, 0.391907649, 0.136346424, 0.269560731, 8.189885665
0.135356122, 0.543800290, 0.873979720, 0.566158447, 0.453430990, 13.103621060
0.758325195, 0.723066760, 0.449972370, 0.389971759, 0.123973373, 13.832505600
0.366692712, 0.500447979, 0.110932615, 0.680541136, 0.805820423, 20.203585930
0.543182984, 0.811415805, 0.125949820, 0.164512702, 0.890574970, 19.866658590
0.857952694, 0.164734938, 0.073153304, 0.649924495, 0.119794393, 14.116058510
0.233064450, 0.137286187, 0.498967626, 0.572378245, 0.538067770, 9.789964308
0.139507919, 0.318595954, 0.142194412, 0.702652052, 0.957133723, 16.796007400
0.250894686, 0.248034059, 0.153820938, 0.886756994, 0.051769692, 13.183816850
0.392227338, 0.276011984, 0.925024153, 0.873532644, 0.175427965, 15.839608480
0.569649675, 0.740784032, 0.451307252, 0.499850029, 0.238466119, 14.924524320
0.197505366, 0.911527170, 0.319659840, 0.590613887, 0.630308013, 13.509337850
0.722782966, 0.662838820, 0.951375935, 0.674380895, 0.306098173, 22.128542430
0.987420164, 0.664753685, 0.757268434, 0.344619921, 0.723573568, 17.502203960
0.316728738, 0.804258644, 0.835465660, 0.319574595, 0.753424383, 16.319527450
0.786622485, 0.630756422, 0.870145029, 0.905653542, 0.634758941, 23.259901990
0.749100912, 0.131380319, 0.497436438, 0.534581431, 0.335558882, 10.955700210
0.580013093, 0.519908720, 0.234867453, 0.844586530, 0.895633865, 23.803526470
0.004508398, 0.488305310, 0.857778503, 0.454003861, 0.983241136, 11.754694640
0.097559374, 0.341937553, 0.380034075, 0.525980544, 0.866247964, 11.114336290
0.114825756, 0.915080280, 0.214756135, 0.331330511, 0.208277663, 8.067076362
0.089107936, 0.340361645, 0.903037662, 0.944207293, 0.271154705, 14.276760870
0.340737705, 0.596328509, 0.753617699, 0.490749054, 0.857785990, 15.305714980
0.982496938, 0.313756853, 0.617378027, 0.480929818, 0.423074147, 16.264064610
0.622518865, 0.969099516, 0.737678064, 0.947591560, 0.508042015, 24.707313380
0.523772575, 0.181789697, 0.567943493, 0.984367437, 0.683922608, 16.645625100
0.131402473, 0.715015106, 0.374679535, 0.939044162, 0.564041990, 15.370977500
0.088032510, 0.778604657, 0.887667887, 0.997648789, 0.120084284, 15.089249960
0.828634718, 0.232892988, 0.453366370, 0.722442124, 0.315431667, 16.555139670
0.961187482, 0.033592335, 0.121645243, 0.889257095, 0.605257499, 14.832597360
0.383417531, 0.754896936, 0.054136347, 0.884389890, 0.804436278, 24.836867510
0.279283403, 0.053623750, 0.850174133, 0.771487843, 0.993436082, 15.483303780
0.341164745, 0.790282812, 0.578824069, 0.842510432, 0.506280965, 18.722393930
0.063275641, 0.641394621, 0.347904020, 0.976707322, 0.453934523, 13.200938920
0.121085360, 0.390646623, 0.751809666, 0.734058843, 0.403221466, 12.613329780
0.952658132, 0.266841294, 0.859671702, 0.047111099, 0.889429965, 15.070361880
0.222522991, 0.609622413, 0.313045500, 0.631187077, 0.099608463, 11.415028420
0.083859899, 0.799396359, 0.082966835, 0.028614089, 0.230294549, 7.178705376
0.938537933, 0.592365838, 0.836221631, 0.743969912, 0.739834185, 24.046932570
0.333765281, 0.120153960, 0.243370028, 0.348375926, 0.611294419, 8.196143085
0.221333093, 0.923635614, 0.236692237, 0.765782111, 0.957434699, 20.209139520
0.035629264, 0.126330403, 0.902212766, 0.842905526, 0.386497712, 11.803168850
0.908447253, 0.071798313, 0.342557958, 0.473037329, 0.910931735, 12.152457730
0.937618290, 0.560553396, 0.406227198, 0.768636330, 0.988727390, 22.259200640
0.118373838, 0.760787244, 0.902849590, 0.097152522, 0.346243661, 9.818658957
0.466445364, 0.171247535, 0.033371360, 0.951452660, 0.427901242, 18.927372730
0.932383767, 0.152301048, 0.959919697, 0.582673330, 0.646100545, 17.353484030
0.694050628, 0.482548051, 0.315731312, 0.008539367, 0.076446688, 10.669678050
0.804979960, 0.919515161, 0.769721175, 0.642983686, 0.954109357, 19.326342880
0.282542067, 0.056967933, 0.693399649, 0.089277861, 0.009201675, 0.961277290
0.723178009, 0.542554792, 0.641943846, 0.741834812, 0.771019388, 21.265598730
0.810716912, 0.262116166, 0.454194418, 0.854706083, 0.279769507, 15.181592680
0.499054765, 0.428169783, 0.266763940, 0.099986225, 0.176041433, 9.038206554
0.688422808, 0.211727756, 0.589623473, 0.903451229, 0.005851287, 14.648524990
0.723348804, 0.219935934, 0.202131765, 0.347388942, 0.918122804, 15.890320450
0.144783367, 0.128770996, 0.871283085, 0.082503292, 0.476162237, 6.891852019
0.465494161, 0.829479612, 0.530591920, 0.154572123, 0.264144290, 14.419864700
0.265398613, 0.691105054, 0.554066489, 0.698311722, 0.330749887, 13.680176610
0.230653548, 0.459820623, 0.109667507, 0.255911756, 0.520679338, 10.582191940
0.626932092, 0.311407195, 0.541393086, 0.232820973, 0.746107135, 11.518813720
0.318335262, 0.581935346, 0.398364866, 0.552673080, 0.013649064, 10.707997210
0.806770070, 0.500186648, 0.544399775, 0.761515561, 0.055650987, 16.834386680
0.517177338, 0.409964483, 0.472518593, 0.816433655, 0.406248403, 16.005302920
0.049774196, 0.043701107, 0.399898356, 0.613085723, 0.326209738, 7.813881001
0.710881843, 0.781905358, 0.303847368, 0.296325350, 0.422594252, 15.605069110
0.021178713, 0.207466521, 0.740025405, 0.000829931, 0.362075250, 2.931041885
0.854297219, 0.264310956, 0.009230397, 0.863056387, 0.288099005, 20.169756770
0.373025417, 0.693951973, 0.513650678, 0.774634087, 0.892699386, 20.045652790
0.166783272, 0.189836789, 0.598429724, 0.389644472, 0.909682984, 11.796646360
0.219606072, 0.962564282, 0.555140773, 0.248859475, 0.260231411, 11.882383370
0.838820364, 0.266126260, 0.837324648, 0.576698736, 0.969617422, 19.642953850
0.992996929, 0.434171449, 0.209130182, 0.078846108, 0.558954991, 16.356435460
0.103704503, 0.693246341, 0.583643147, 0.170670906, 0.370295317, 6.155213234
0.392723740, 0.151174656, 0.897623245, 0.769212230, 0.644638571, 18.991886510
0.445271826, 0.225930607, 0.075818640, 0.826187003, 0.193880306, 15.564896190
0.047411205, 0.836776036, 0.188780989, 0.229423627, 0.380771693, 7.505254322
0.667639019, 0.094134756, 0.708769223, 0.033862176, 0.771752859, 6.804912510
0.787533964, 0.582391015, 0.873487711, 0.734133590, 0.137310613, 19.769598380
0.511886282, 0.446499220, 0.280165828, 0.719922096, 0.566234111, 17.491446110
0.246861677, 0.639857764, 0.254428326, 0.951921171, 0.029148659, 14.504128200
0.859943044, 0.711966906, 0.438311301, 0.866612474, 0.212432114, 19.030018900
0.521259413, 0.500020314, 0.910833112, 0.503318029, 0.297686204, 17.685677990
0.603542512, 0.602335954, 0.752730408, 0.776662110, 0.809905253, 21.660990280
0.155760785, 0.938000888, 0.318048384, 0.764503173, 0.396991738, 14.586041880
0.967742565, 0.411062054, 0.251759789, 0.744212899, 0.126211786, 20.135427250
0.881634357, 0.742351398, 0.844403519, 0.098283417, 0.452763838, 13.012163780
0.780143926, 0.004820877, 0.557158238, 0.062379016, 0.835640930, 4.826842507
0.257792313, 0.989635732, 0.423848010, 0.822631719, 0.277436282, 18.100857180
0.129402068, 0.069039302, 0.246315697, 0.277791751, 0.404111200, 6.381895356
0.846813799, 0.769648069, 0.925009895, 0.733507239, 0.985916801, 24.494567580
0.256045800, 0.837123987, 0.606006172, 0.797945513, 0.834213112, 16.588305530
0.945272054, 0.728170658, 0.575359221, 0.814238570, 0.848323851, 20.103247630
0.964867244, 0.172531945, 0.647559237, 0.890589686, 0.692629601, 19.647518060
0.845853269, 0.336280328, 0.820427614, 0.630922785, 0.503999895, 18.911596710
0.976508974, 0.505960077, 0.245245435, 0.766743877, 0.402945918, 22.651771900
0.747676960, 0.146746359, 0.407314377, 0.445825874, 0.667234477, 11.886524730
0.467287852, 0.445319165, 0.690848200, 0.031503816, 0.610299624, 9.086305014
0.811999986, 0.863192169, 0.621615763, 0.099730515, 0.664716846, 12.237987430
0.098336502, 0.974117992, 0.024126294, 0.155656083, 0.909714924, 12.909569790
0.621151546, 0.540659514, 0.028418189, 0.306362804, 0.000429891, 16.067851890
0.044891643, 0.092149888, 0.215375810, 0.417157683, 0.116928558, 7.304910574
0.195481826, 0.038339425, 0.742817968, 0.426593066, 0.781825556, 10.684851840
0.331926454, 0.061027230, 0.559750553, 0.521512801, 0.988541846, 10.452585070
0.708760122, 0.944489692, 0.044592692, 0.156156400, 0.823329002, 18.084692290
0.821369068, 0.876941467, 0.653475783, 0.996992225, 0.671972576, 21.112159750
0.239679811, 0.106749144, 0.594674505, 0.509637104, 0.357326617, 8.658540759
0.941882595, 0.440291357, 0.312740477, 0.635550489, 0.952683622, 20.835713800
0.600652860, 0.223060722, 0.890678634, 0.566196410, 0.826270596, 17.583696920
0.957697874, 0.762145834, 0.245557945, 0.835901772, 0.602625523, 21.091239800
0.760164432, 0.786212591, 0.605187829, 0.760995422, 0.947362025, 21.725988790
0.352417468, 0.303276763, 0.692412730, 0.396752905, 0.721610646, 9.850745243
0.605148406, 0.373824896, 0.545631981, 0.863015609, 0.887625264, 20.156771910
0.664106519, 0.401448923, 0.841200707, 0.643469846, 0.728680085, 19.403177110
0.189591752, 0.191924623, 0.103053400, 0.298767070, 0.402722139, 7.896092069
0.116485390, 0.214337503, 0.219941284, 0.254672774, 0.352637125, 7.112853777
0.244093214, 0.450785088, 0.371676276, 0.444038433, 0.112774609, 9.341272092
0.630311385, 0.499441759, 0.228838092, 0.630227011, 0.670803726, 20.437913730
0.404723739, 0.003164391, 0.288808624, 0.600822877, 0.892802954, 11.553458420
0.544828343, 0.970482929, 0.324173100, 0.915346046, 0.824845854, 24.898853160
0.090178852, 0.857831904, 0.978453824, 0.606336331, 0.040430198, 15.547689070
0.043064424, 0.147032020, 0.212793888, 0.060098175, 0.435508574, 7.249289042
0.946831304, 0.041567426, 0.445015768, 0.711182932, 0.738906985, 12.965028700
0.436781784, 0.845225149, 0.167516954, 0.395335885, 0.805057665, 19.596196220
0.661109353, 0.966279917, 0.046392482, 0.831896084, 0.262769266, 22.748373220
0.422951591, 0.018905504, 0.882280414, 0.087274762, 0.336759728, 8.272238086
0.524367807, 0.027557759, 0.856076426, 0.737907809, 0.203917666, 11.336696040
0.683078772, 0.727944814, 0.357343228, 0.679170327, 0.343104108, 18.418106970
0.053205477, 0.742317168, 0.508230487, 0.542944212, 0.466437081, 12.378374300
0.395472681, 0.148524058, 0.866104054, 0.219236499, 0.332988133, 6.693455771
0.152168220, 0.655417028, 0.061961304, 0.733290645, 0.858755792, 19.712251090
0.224932468, 0.273095714, 0.284338001, 0.694837815, 0.213508044, 10.112302060
0.196529080, 0.323418844, 0.507795410, 0.270052291, 0.394877162, 5.671471336
0.748510085, 0.328873498, 0.077949555, 0.753905262, 0.314909957, 21.560353430
0.972542643, 0.552619279, 0.485269735, 0.045399289, 0.077741227, 10.886542960
0.519121416, 0.502755257, 0.770705133, 0.306437360, 0.732636709, 13.987199800
0.327160444, 0.254045662, 0.193774792, 0.273555910, 0.803915740, 11.558867870
0.364099843, 0.035883635, 0.624511094, 0.534783389, 0.318985493, 7.668048802
0.520712418, 0.127981513, 0.117762760, 0.759397831, 0.257425497, 15.260096730
0.014850124, 0.054397020, 0.444461853, 0.271184776, 0.517007931, 6.372941776
0.826220987, 0.527643915, 0.202213268, 0.147830726, 0.056890167, 13.800432030
0.697375656, 0.137644563, 0.018580869, 0.694046034, 0.437428653, 15.320165150
0.092120518, 0.926932704, 0.617410617, 0.800999255, 0.825011867, 15.380257790
0.519304033, 0.296236916, 0.554075913, 0.790865746, 0.303816117, 15.034957090
0.005358870, 0.840788356, 0.593770024, 0.626730254, 0.329155431, 6.770687721
0.558434550, 0.597047285, 0.812709822, 0.834489062, 0.728401137, 22.294423830
0.760732994, 0.370057288, 0.543953796, 0.381559348, 0.505688184, 14.624249710
0.802253774, 0.145640116, 0.542904016, 0.071663679, 0.020318979, 6.097057776
0.572814327, 0.820829734, 0.580144075, 0.806284084, 0.727312987, 21.879793870
0.063759507, 0.393446766, 0.252014862, 0.249282418, 0.413958864, 5.384894955
0.396056676, 0.883943449, 0.419934809, 0.391086218, 0.069071860, 13.640017170
0.712063066, 0.382699168, 0.699855671, 0.493870718, 0.515645506, 15.017520340
0.373576087, 0.102077693, 0.716350142, 0.486072175, 0.926159326, 13.764688840
0.133494121, 0.257088995, 0.082348988, 0.960740614, 0.644901207, 19.003866720
0.912897425, 0.776935729, 0.497122874, 0.455074815, 0.501082266, 13.260701400
0.348918298, 0.937933590, 0.657111548, 0.703839001, 0.614153159, 17.709813920
0.069704290, 0.777159883, 0.698534309, 0.516775690, 0.465382056, 11.737061670
0.004940657, 0.733514722, 0.059410167, 0.678579774, 0.543287868, 13.711128850
0.173698764, 0.106889918, 0.977213839, 0.428435106, 0.872506253, 12.617155450
0.968769797, 0.499500668, 0.807386653, 0.555650667, 0.256524777, 16.930345530
0.377372756, 0.389163938, 0.190361284, 0.749496154, 0.013050527, 13.778223170
0.766201502, 0.076276892, 0.326688195, 0.616091779, 0.848685298, 11.249429950
0.456053481, 0.112559629, 0.659446458, 0.634988445, 0.432847142, 12.497203480
0.451018448, 0.663505258, 0.496470392, 0.047046781, 0.257763734, 10.892087630
0.237566912, 0.355971088, 0.203386966, 0.674718556, 0.622263480, 15.524417600
0.709355501, 0.791698935, 0.486564334, 0.759654374, 0.776932908, 21.253517410
0.597556754, 0.816211819, 0.227604969, 0.519729783, 0.477526294, 20.774509460
0.199097672, 0.549562878, 0.468348899, 0.865861295, 0.835100487, 16.086650190
0.516035010, 0.191157724, 0.571336197, 0.304114800, 0.922775656, 10.610983420
0.807945021, 0.039381487, 0.976910776, 0.452057517, 0.868198887, 15.846293580
0.930124240, 0.961485239, 0.957863719, 0.390911603, 0.354181214, 12.969588140
0.491452137, 0.762768376, 0.359543800, 0.290991551, 0.039352705, 13.848155490
0.594025144, 0.132270048, 0.235464156, 0.704801511, 0.066970474, 9.703866653
0.080403307, 0.852205637, 0.722889135, 0.705525855, 0.180745595, 9.834006408
0.917717021, 0.110187588, 0.363629629, 0.417914770, 0.552285436, 10.329291870
0.158210410, 0.995766228, 0.631449076, 0.672704480, 0.842023700, 15.899360510
0.045672624, 0.762171870, 0.501259876, 0.084566615, 0.740050941, 6.491599412
0.045625603, 0.300375693, 0.201008540, 0.316202423, 0.635320564, 6.509025079
0.019084698, 0.642149379, 0.760381417, 0.917219458, 0.223625393, 11.380109510
0.674432047, 0.808460172, 0.098680024, 0.347847381, 0.420459577, 18.558255920
0.673717547, 0.791355056, 0.109333761, 0.978190130, 0.016593776, 21.842059570
0.828614962, 0.038864895, 0.903456721, 0.059786296, 0.372537155, 7.140200845
0.258785603, 0.744729439, 0.199144755, 0.011968565, 0.754599391, 12.090618110
0.710009262, 0.212290078, 0.112185168, 0.981858414, 0.042809130, 19.006265930
0.016823425, 0.434188425, 0.375844920, 0.384287485, 0.298714829, 6.214250564
0.345258452, 0.994585137, 0.031952654, 0.018343634, 0.364155046, 14.540758800
0.525398819, 0.153129001, 0.091242591, 0.304814269, 0.792266000, 12.103966100
0.392023998, 0.279008684, 0.355609216, 0.649434837, 0.310862078, 13.667864130
0.465739092, 0.234952003, 0.674951557, 0.910572536, 0.944198895, 18.100681580
0.365838209, 0.108376121, 0.573215982, 0.765482144, 0.011458828, 9.939203791
0.934860864, 0.479872369, 0.037863631, 0.070048834, 0.160922688, 16.764665060
