@relation Friedman_Benchmark_problem
@attribute input1 real [0.001211673, 0.99971881]
@attribute input2 real [1.60284E-4, 0.999677453]
@attribute input3 real [6.54566E-4, 0.999061886]
@attribute input4 real [2.12289E-4, 0.999480216]
@attribute input5 real [4.29891E-4, 0.999539431]
@attribute output real [0.664014955, 28.5903858]
@inputs input1, input2, input3, input4, input5
@outputs output
@data
0.481906682, 0.016855051, 0.744780027, 0.695976914, 0.400597620, 9.889567608
0.922566561, 0.737521176, 0.406795929, 0.354149698, 0.315509348, 12.080805080
0.841738875, 0.928823009, 0.182095687, 0.573065532, 0.287912957, 16.716662630
0.115425356, 0.803747898, 0.819437991, 0.911834526, 0.338205328, 15.510281900
0.382550848, 0.243202621, 0.704269362, 0.840733442, 0.054461781, 11.640474910
0.522981545, 0.413078692, 0.057162524, 0.604477538, 0.785229528, 20.432126150
0.700696988, 0.756446488, 0.272281404, 0.287000302, 0.841296539, 16.088259780
0.616965758, 0.432032287, 0.200420890, 0.544886155, 0.538257294, 16.690698160
0.400314402, 0.699067025, 0.748578227, 0.998094784, 0.500204400, 21.660026970
0.855752098, 0.552680303, 0.084580177, 0.873245250, 0.352931993, 22.650494310
0.508866383, 0.788074777, 0.893709391, 0.331260399, 0.519705091, 18.316163600
0.238363493, 0.179191104, 0.047163047, 0.399608062, 0.762100051, 12.003820700
0.660734048, 0.280407853, 0.096852241, 0.397190396, 0.018209117, 12.290901090
0.206732632, 0.532510655, 0.998470907, 0.194100867, 0.475946500, 13.248449470
0.043793145, 0.303800166, 0.832755090, 0.699068438, 0.762459682, 11.969455050
0.108199881, 0.842358312, 0.012308204, 0.090199079, 0.056479970, 9.298347874
0.063205596, 0.953487908, 0.416070799, 0.442643582, 0.413941948, 9.022453974
0.701669272, 0.305247376, 0.045803364, 0.046165615, 0.603834348, 11.880817710
0.961788884, 0.939957716, 0.536051847, 0.776516100, 0.375942337, 14.077535910
0.260808714, 0.613702418, 0.382769512, 0.390699522, 0.271333386, 9.953308406
0.906567979, 0.615451734, 0.562809689, 0.565277973, 0.806302321, 18.826406760
0.683182269, 0.744394009, 0.904893760, 0.172944777, 0.701983987, 19.173375240
0.853798711, 0.368466213, 0.918009690, 0.984494857, 0.935316595, 26.571625080
0.600535058, 0.066129560, 0.669737890, 0.707139862, 0.031915700, 10.351713640
0.457227182, 0.639479300, 0.537534014, 0.332883040, 0.455659614, 10.601203500
0.688073978, 0.785864465, 0.186235365, 0.228851415, 0.761078000, 17.929335630
0.480551317, 0.705812249, 0.993424688, 0.635191512, 0.427162376, 22.053200670
0.979529213, 0.167729039, 0.478219664, 0.806646545, 0.287045694, 14.256972950
0.480305886, 0.295429886, 0.628236321, 0.120240264, 0.090960203, 5.873782634
0.006871800, 0.699278834, 0.828757079, 0.434604684, 0.463928672, 7.813138711
0.667708908, 0.780515736, 0.656367212, 0.393719170, 0.927294897, 17.978097410
0.981801457, 0.483431983, 0.996835596, 0.133718887, 0.464517473, 20.151112360
0.566690870, 0.682362573, 0.694160979, 0.566302347, 0.866679952, 20.697380990
0.694629301, 0.165691369, 0.466260991, 0.360522890, 0.906631430, 12.454974060
0.500782690, 0.398124877, 0.195741185, 0.585506962, 0.475199415, 17.429635620
0.517044967, 0.109949497, 0.025341640, 0.091577305, 0.592042513, 9.923715370
0.659257157, 0.775861893, 0.950976590, 0.752421388, 0.741777067, 25.077604150
0.238991398, 0.345850225, 0.806384020, 0.708783183, 0.170964190, 12.030191660
0.035930078, 0.080623599, 0.015690601, 0.308720241, 0.152814661, 9.733226127
0.919876599, 0.319403513, 0.073232407, 0.426791741, 0.733019229, 19.360006810
0.765876717, 0.886565632, 0.172394697, 0.299645177, 0.026612906, 15.322114800
0.851336771, 0.189755494, 0.800037169, 0.376359861, 0.441518458, 13.683656350
0.728502196, 0.831395515, 0.346678641, 0.942261580, 0.162308601, 20.350179930
0.195994315, 0.071491985, 0.334114493, 0.549761897, 0.422915768, 9.090985453
0.064983871, 0.417926933, 0.671731461, 0.286009469, 0.110320006, 4.128628241
0.695712228, 0.801113810, 0.950053053, 0.682360211, 0.670959735, 22.398417480
0.067186065, 0.045674481, 0.780408416, 0.602384161, 0.226169831, 8.951567984
0.172048074, 0.895458185, 0.506158798, 0.196884252, 0.811567600, 10.550589580
0.436991633, 0.906156897, 0.578210292, 0.814604735, 0.444432746, 19.599301060
0.067325052, 0.410659611, 0.299369239, 0.316623684, 0.772522847, 9.941893893
0.956439247, 0.401175940, 0.160231597, 0.845836671, 0.173275455, 21.889450990
0.132440875, 0.913160034, 0.356023342, 0.716567403, 0.619794242, 16.639781600
0.803102817, 0.484091583, 0.474761064, 0.839737876, 0.277008797, 18.343696510
0.811891836, 0.801048509, 0.308738434, 0.331482420, 0.700177053, 16.959852710
0.089901741, 0.136325384, 0.062921938, 0.167680153, 0.998113389, 11.288828170
0.121124298, 0.773054357, 0.378163652, 0.156557330, 0.760862084, 8.544988296
0.452114529, 0.428114213, 0.721013835, 0.288201822, 0.641423566, 14.175616520
0.976892291, 0.270520637, 0.994507629, 0.270756183, 0.307795537, 17.310703230
0.429136245, 0.758386882, 0.328896027, 0.299210294, 0.755628669, 15.394547570
0.123258676, 0.734787365, 0.558038121, 0.703708834, 0.335782282, 10.449881840
0.089374254, 0.955872254, 0.832729616, 0.448890376, 0.763705899, 12.458203650
0.520793741, 0.926653351, 0.873884010, 0.626192917, 0.051961353, 18.032318830
0.822929835, 0.205234135, 0.815771145, 0.899742825, 0.585607274, 19.405660420
0.153256633, 0.344721409, 0.720287292, 0.152822441, 0.080520884, 4.407622099
0.765091653, 0.176453043, 0.156660103, 0.770200110, 0.346606887, 16.375110990
0.857342163, 0.168706002, 0.072977152, 0.919933593, 0.879148416, 23.052322340
0.734442030, 0.166503965, 0.446766772, 0.907791130, 0.628015550, 16.536892300
0.116297516, 0.369227069, 0.390373861, 0.073017925, 0.320365481, 2.408298898
0.016663279, 0.861391904, 0.941217636, 0.909732527, 0.694475681, 17.221195320
0.227420080, 0.703928619, 0.494298603, 0.717904540, 0.751815008, 15.783565730
0.487394366, 0.911393640, 0.008268824, 0.419446493, 0.595330392, 21.406415280
0.074921591, 0.016274534, 0.043521881, 0.639723218, 0.933053239, 13.793726790
0.906420014, 0.162280463, 0.967757318, 0.555949532, 0.191684878, 15.222346210
0.076470372, 0.226852995, 0.134591811, 0.037504269, 0.540756651, 8.049146245
0.796846221, 0.038065659, 0.054167884, 0.194114316, 0.608022711, 9.412524234
0.022065743, 0.918991483, 0.626685257, 0.887231771, 0.714552867, 14.859963410
0.774930708, 0.805808285, 0.054497505, 0.431325383, 0.257912710, 18.781844180
0.862477908, 0.606859729, 0.180729244, 0.153234018, 0.122614133, 13.014425200
0.022411652, 0.316160681, 0.225374545, 0.614729857, 0.473257504, 11.736143330
0.828861810, 0.463161757, 0.922946336, 0.467296367, 0.528947949, 19.721489880
0.625885814, 0.035910243, 0.885819885, 0.848418962, 0.533948878, 15.502766800
0.708962721, 0.934205549, 0.044027503, 0.605432709, 0.165964301, 21.414684460
0.135356122, 0.543800290, 0.873979720, 0.566158447, 0.453430990, 13.103621060
0.233064450, 0.137286187, 0.498967626, 0.572378245, 0.538067770, 9.789964308
0.197505366, 0.911527170, 0.319659840, 0.590613887, 0.630308013, 13.509337850
0.749100912, 0.131380319, 0.497436438, 0.534581431, 0.335558882, 10.955700210
0.089107936, 0.340361645, 0.903037662, 0.944207293, 0.271154705, 14.276760870
0.131402473, 0.715015106, 0.374679535, 0.939044162, 0.564041990, 15.370977500
0.279283403, 0.053623750, 0.850174133, 0.771487843, 0.993436082, 15.483303780
0.222522991, 0.609622413, 0.313045500, 0.631187077, 0.099608463, 11.415028420
0.035629264, 0.126330403, 0.902212766, 0.842905526, 0.386497712, 11.803168850
0.932383767, 0.152301048, 0.959919697, 0.582673330, 0.646100545, 17.353484030
0.810716912, 0.262116166, 0.454194418, 0.854706083, 0.279769507, 15.181592680
0.465494161, 0.829479612, 0.530591920, 0.154572123, 0.264144290, 14.419864700
0.806770070, 0.500186648, 0.544399775, 0.761515561, 0.055650987, 16.834386680
0.854297219, 0.264310956, 0.009230397, 0.863056387, 0.288099005, 20.169756770
0.992996929, 0.434171449, 0.209130182, 0.078846108, 0.558954991, 16.356435460
0.667639019, 0.094134756, 0.708769223, 0.033862176, 0.771752859, 6.804912510
0.521259413, 0.500020314, 0.910833112, 0.503318029, 0.297686204, 17.685677990
0.780143926, 0.004820877, 0.557158238, 0.062379016, 0.835640930, 4.826842507
0.945272054, 0.728170658, 0.575359221, 0.814238570, 0.848323851, 20.103247630
0.467287852, 0.445319165, 0.690848200, 0.031503816, 0.610299624, 9.086305014
0.195481826, 0.038339425, 0.742817968, 0.426593066, 0.781825556, 10.684851840
0.941882595, 0.440291357, 0.312740477, 0.635550489, 0.952683622, 20.835713800
0.605148406, 0.373824896, 0.545631981, 0.863015609, 0.887625264, 20.156771910
0.630311385, 0.499441759, 0.228838092, 0.630227011, 0.670803726, 20.437913730
0.946831304, 0.041567426, 0.445015768, 0.711182932, 0.738906985, 12.965028700
0.683078772, 0.727944814, 0.357343228, 0.679170327, 0.343104108, 18.418106970
0.196529080, 0.323418844, 0.507795410, 0.270052291, 0.394877162, 5.671471336
0.364099843, 0.035883635, 0.624511094, 0.534783389, 0.318985493, 7.668048802
0.092120518, 0.926932704, 0.617410617, 0.800999255, 0.825011867, 15.380257790
0.802253774, 0.145640116, 0.542904016, 0.071663679, 0.020318979, 6.097057776
0.373576087, 0.102077693, 0.716350142, 0.486072175, 0.926159326, 13.764688840
0.004940657, 0.733514722, 0.059410167, 0.678579774, 0.543287868, 13.711128850
0.456053481, 0.112559629, 0.659446458, 0.634988445, 0.432847142, 12.497203480
0.199097672, 0.549562878, 0.468348899, 0.865861295, 0.835100487, 16.086650190
0.594025144, 0.132270048, 0.235464156, 0.704801511, 0.066970474, 9.703866653
0.045625603, 0.300375693, 0.201008540, 0.316202423, 0.635320564, 6.509025079
0.258785603, 0.744729439, 0.199144755, 0.011968565, 0.754599391, 12.090618110
0.392023998, 0.279008684, 0.355609216, 0.649434837, 0.310862078, 13.667864130
