@relation Friedman_Benchmark_problem
@attribute input1 real [0.001211673, 0.99971881]
@attribute input2 real [1.60284E-4, 0.999677453]
@attribute input3 real [6.54566E-4, 0.999061886]
@attribute input4 real [2.12289E-4, 0.999480216]
@attribute input5 real [4.29891E-4, 0.999539431]
@attribute output real [0.664014955, 28.5903858]
@inputs input1, input2, input3, input4, input5
@outputs output
@data
0.386811669, 0.088729524, 0.623979350, 0.312521948, 0.489380867, 5.767377888
0.135955820, 0.433430788, 0.935092963, 0.759319772, 0.490807454, 16.681083250
0.420825450, 0.138071328, 0.209836291, 0.013536451, 0.152816743, 4.979881182
0.497386707, 0.046176295, 0.708724367, 0.593337594, 0.379841627, 11.018900360
0.233064450, 0.137286187, 0.498967626, 0.572378245, 0.538067770, 9.789964308
0.479504516, 0.425177696, 0.881475480, 0.182012031, 0.751483667, 15.358244180
0.261997675, 0.290489581, 0.109506762, 0.677232439, 0.311114454, 13.668990600
0.460531763, 0.093772420, 0.150263366, 0.947842438, 0.971911546, 20.211834550
0.839787035, 0.759798567, 0.193053281, 0.187602777, 0.658195380, 14.336151520
0.258785603, 0.744729439, 0.199144755, 0.011968565, 0.754599391, 12.090618110
0.287089026, 0.712649612, 0.143164136, 0.226306007, 0.762624870, 14.765836360
0.458116579, 0.374247358, 0.694629101, 0.163726844, 0.172662619, 7.841681274
0.900225371, 0.324695762, 0.048402482, 0.572098395, 0.789662647, 20.960348140
0.075873356, 0.363556557, 0.700271098, 0.573777889, 0.283971720, 6.973249846
0.114825756, 0.915080280, 0.214756135, 0.331330511, 0.208277663, 8.067076362
0.616965758, 0.432032287, 0.200420890, 0.544886155, 0.538257294, 16.690698160
0.729499379, 0.624728241, 0.667377260, 0.523396250, 0.485896217, 16.638179570
0.279283403, 0.053623750, 0.850174133, 0.771487843, 0.993436082, 15.483303780
0.364099843, 0.035883635, 0.624511094, 0.534783389, 0.318985493, 7.668048802
0.674432047, 0.808460172, 0.098680024, 0.347847381, 0.420459577, 18.558255920
0.302497256, 0.036879552, 0.405402490, 0.669177745, 0.205962857, 8.123948658
0.774930708, 0.805808285, 0.054497505, 0.431325383, 0.257912710, 18.781844180
0.132440875, 0.913160034, 0.356023342, 0.716567403, 0.619794242, 16.639781600
0.881634357, 0.742351398, 0.844403519, 0.098283417, 0.452763838, 13.012163780
0.736249235, 0.915065325, 0.067887643, 0.935868652, 0.377357337, 22.415503240
0.043941656, 0.762327388, 0.028601236, 0.104061811, 0.202374297, 6.701149626
0.116485390, 0.214337503, 0.219941284, 0.254672774, 0.352637125, 7.112853777
0.043793145, 0.303800166, 0.832755090, 0.699068438, 0.762459682, 11.969455050
0.397234094, 0.447366725, 0.799935551, 0.378370649, 0.189468872, 10.858852330
0.293744819, 0.079198150, 0.016362441, 0.906864336, 0.525973306, 14.470783670
0.131402473, 0.715015106, 0.374679535, 0.939044162, 0.564041990, 15.370977500
0.919876599, 0.319403513, 0.073232407, 0.426791741, 0.733019229, 19.360006810
0.639136332, 0.169246703, 0.383199346, 0.612102274, 0.667757506, 11.468549170
0.455210531, 0.833948057, 0.415190074, 0.793046176, 0.717822071, 22.699008820
0.022411652, 0.316160681, 0.225374545, 0.614729857, 0.473257504, 11.736143330
0.017182386, 0.959536134, 0.815701236, 0.213162583, 0.681053707, 8.318943476
0.682650787, 0.524708674, 0.375210512, 0.153766690, 0.353991386, 12.539439790
0.750557522, 0.436750443, 0.537431382, 0.324928766, 0.336739509, 15.051730190
0.446291147, 0.236676903, 0.615196067, 0.051905880, 0.978971884, 9.082667538
0.116757566, 0.887383580, 0.205468917, 0.121564385, 0.095153360, 6.846979910
0.316781174, 0.319241502, 0.482121635, 0.127908819, 0.403834036, 6.948990585
0.499054765, 0.428169783, 0.266763940, 0.099986225, 0.176041433, 9.038206554
0.436781784, 0.845225149, 0.167516954, 0.395335885, 0.805057665, 19.596196220
0.090451953, 0.539952534, 0.085161857, 0.585923287, 0.563927450, 12.656185230
0.149481000, 0.264223591, 0.151209728, 0.242066470, 0.546128003, 7.960097505
0.678117829, 0.006525348, 0.296765545, 0.745742500, 0.148417059, 7.411490033
0.637978660, 0.799748803, 0.544318636, 0.964656013, 0.098034634, 19.168344020
0.348151395, 0.406173764, 0.243864196, 0.201591422, 0.040682044, 7.071846797
0.426944954, 0.237723010, 0.889008333, 0.162165466, 0.838366866, 10.730170000
0.402136725, 0.596101795, 0.527052892, 0.397774454, 0.754243205, 15.042205300
0.963894300, 0.617246192, 0.186178731, 0.672646466, 0.272272124, 18.706177800
0.838893114, 0.980599737, 0.681348740, 0.737298117, 0.216132318, 16.297221270
0.691956588, 0.916973698, 0.810017155, 0.389810891, 0.544087337, 18.573644560
0.737097756, 0.248386119, 0.611402073, 0.791083786, 0.445192442, 16.398689140
0.917163315, 0.672245376, 0.333161555, 0.190953861, 0.569198571, 14.715328040
0.801554780, 0.280820668, 0.151103889, 0.202620988, 0.152053159, 11.020900720
0.122858289, 0.802585406, 0.402601184, 0.157555809, 0.566927405, 7.472131214
0.795163316, 0.510248931, 0.366079173, 0.474887580, 0.082245278, 14.650804200
0.452114529, 0.428114213, 0.721013835, 0.288201822, 0.641423566, 14.175616520
0.783987116, 0.748794922, 0.126252470, 0.136837719, 0.094562003, 13.181164230
0.845853269, 0.336280328, 0.820427614, 0.630922785, 0.503999895, 18.911596710
0.804979960, 0.919515161, 0.769721175, 0.642983686, 0.954109357, 19.326342880
0.216596355, 0.404131732, 0.189066463, 0.033059590, 0.889563758, 9.272928317
0.289305537, 0.481002636, 0.138217035, 0.640827345, 0.776678494, 17.843565420
0.460362533, 0.431759181, 0.518243298, 0.878752025, 0.434963715, 16.841968380
0.043064424, 0.147032020, 0.212793888, 0.060098175, 0.435508574, 7.249289042
0.497189030, 0.104785853, 0.313192495, 0.074822065, 0.038829034, 2.228410859
0.434504145, 0.476533070, 0.242606324, 0.848037206, 0.784729111, 19.726977460
0.424117752, 0.471769451, 0.459103323, 0.065060205, 0.167601327, 7.065076890
0.514212918, 0.296390432, 0.061759624, 0.752590169, 0.399381099, 18.681489090
0.260808714, 0.613702418, 0.382769512, 0.390699522, 0.271333386, 9.953308406
0.221279887, 0.401100920, 0.423460278, 0.014721380, 0.790003071, 6.431416547
0.712476992, 0.447864264, 0.686268091, 0.050245327, 0.670684529, 13.510585940
0.633843365, 0.187015142, 0.887036959, 0.801304323, 0.821085392, 18.921662920
0.546450663, 0.903290479, 0.427121820, 0.974718528, 0.921994212, 24.777976460
0.016663279, 0.861391904, 0.941217636, 0.909732527, 0.694475681, 17.221195320
0.739108933, 0.000160284, 0.785475887, 0.370009414, 0.073785155, 5.726277248
0.521259413, 0.500020314, 0.910833112, 0.503318029, 0.297686204, 17.685677990
0.221333093, 0.923635614, 0.236692237, 0.765782111, 0.957434699, 20.209139520
0.015332581, 0.792600177, 0.337669316, 0.461675625, 0.327639261, 7.092607982
0.206969406, 0.857862431, 0.278257605, 0.979269610, 0.618163297, 17.849062980
0.576673512, 0.721888168, 0.875029047, 0.871596195, 0.157559271, 20.464703230
0.980575813, 0.446383119, 0.139941805, 0.579794740, 0.375465816, 19.918315120
0.644832767, 0.113935222, 0.169143085, 0.365565032, 0.425503841, 9.846530539
0.476864807, 0.500594837, 0.553220671, 0.391534437, 0.471028128, 12.179556290
0.195521082, 0.423870780, 0.046259104, 0.521991404, 0.688904790, 16.208782340
0.622518865, 0.969099516, 0.737678064, 0.947591560, 0.508042015, 24.707313380
0.909850431, 0.852407415, 0.704549400, 0.590982800, 0.253403975, 11.418542490
0.466046263, 0.251673251, 0.894327966, 0.406279230, 0.279648861, 12.002032920
0.914104726, 0.633842441, 0.177942392, 0.783555483, 0.509722687, 22.710821480
0.222522991, 0.609622413, 0.313045500, 0.631187077, 0.099608463, 11.415028420
0.178887178, 0.062299497, 0.054686253, 0.285016112, 0.354562288, 10.349340240
0.253297429, 0.845377435, 0.663113905, 0.652990825, 0.234222041, 15.194071830
0.949567128, 0.910087330, 0.178997087, 0.141720879, 0.052076193, 8.005818953
0.033199599, 0.264592066, 0.770008985, 0.469566171, 0.820695517, 11.351512690
0.723348804, 0.219935934, 0.202131765, 0.347388942, 0.918122804, 15.890320450
0.927151608, 0.767271445, 0.584186090, 0.502919580, 0.384517557, 13.511695720
0.357083622, 0.129579412, 0.810736250, 0.452043150, 0.727107602, 11.824655010
0.884234697, 0.280287197, 0.911893405, 0.916457295, 0.738423070, 23.308778970
0.327160444, 0.254045662, 0.193774792, 0.273555910, 0.803915740, 11.558867870
0.053205477, 0.742317168, 0.508230487, 0.542944212, 0.466437081, 12.378374300
0.688073978, 0.785864465, 0.186235365, 0.228851415, 0.761078000, 17.929335630
0.774868478, 0.194650794, 0.876772282, 0.991905565, 0.715884723, 22.376833490
0.889776740, 0.708693086, 0.286124399, 0.239045141, 0.873655030, 15.858810950
0.708760122, 0.944489692, 0.044592692, 0.156156400, 0.823329002, 18.084692290
0.656987531, 0.485872317, 0.963353730, 0.308312186, 0.145301068, 16.839670300
0.530592623, 0.161473301, 0.040615751, 0.098615822, 0.717317093, 11.787536470
0.554510784, 0.061731801, 0.479342955, 0.838490609, 0.027594279, 6.864393232
0.812516843, 0.939242848, 0.515336797, 0.334005929, 0.483554259, 12.029514270
0.951054807, 0.520584582, 0.872511144, 0.143268759, 0.253813896, 16.129260090
0.785417010, 0.791785364, 0.335382718, 0.004998688, 0.303440931, 10.744904680
0.566690870, 0.682362573, 0.694160979, 0.566302347, 0.866679952, 20.697380990
0.069704290, 0.777159883, 0.698534309, 0.516775690, 0.465382056, 11.737061670
0.135560709, 0.553052519, 0.740114551, 0.876328251, 0.631079762, 15.363457710
0.227157914, 0.129199340, 0.078041646, 0.658331033, 0.680399661, 15.363633980
0.706252438, 0.316518497, 0.739487809, 0.721100291, 0.137284358, 16.475496210
0.612114734, 0.790125912, 0.037905019, 0.476519590, 0.110222857, 21.243930870
0.751543935, 0.124316473, 0.123407293, 0.194355767, 0.979310433, 10.862419660
0.679623174, 0.790519981, 0.908062601, 0.294130609, 0.868037434, 20.560925150
0.321439993, 0.073498114, 0.036302927, 0.742371529, 0.042112057, 12.843182290
0.888273282, 0.943225266, 0.626667199, 0.709884059, 0.982673154, 16.881568990
0.171098188, 0.566628363, 0.068484722, 0.799782581, 0.876056040, 18.946593200
0.373576087, 0.102077693, 0.716350142, 0.486072175, 0.926159326, 13.764688840
0.961788884, 0.939957716, 0.536051847, 0.776516100, 0.375942337, 14.077535910
0.285555100, 0.647962807, 0.854050052, 0.836891784, 0.325534872, 19.902896420
0.887643049, 0.753712928, 0.425993712, 0.895572599, 0.629825054, 20.789402510
0.807945021, 0.039381487, 0.976910776, 0.452057517, 0.868198887, 15.846293580
0.352273424, 0.888620372, 0.351999219, 0.195655032, 0.739394829, 14.131550380
0.393387145, 0.666473628, 0.648828831, 0.359280941, 0.709448689, 16.214965010
0.206465689, 0.910855862, 0.726745059, 0.574554120, 0.907339802, 17.114836880
0.481906682, 0.016855051, 0.744780027, 0.695976914, 0.400597620, 9.889567608
0.333765281, 0.120153960, 0.243370028, 0.348375926, 0.611294419, 8.196143085
0.923795704, 0.808937440, 0.785926385, 0.794357946, 0.600716608, 19.995853030
0.216138717, 0.909668142, 0.062146454, 0.551648914, 0.955308504, 21.640695670
0.337175491, 0.611824180, 0.936598111, 0.541373973, 0.045119082, 13.955900100
0.878270434, 0.705255270, 0.523335609, 0.890345676, 0.296208239, 19.450503980
0.528612718, 0.716835171, 0.249539522, 0.938969273, 0.828559522, 23.775695700
0.523895124, 0.385343879, 0.673567183, 0.314630715, 0.199579666, 10.685566050
0.294472299, 0.223775207, 0.907630692, 0.052349484, 0.335608547, 7.130714562
0.317550982, 0.879520848, 0.985574469, 0.538183030, 0.706865822, 20.844352580
0.152168220, 0.655417028, 0.061961304, 0.733290645, 0.858755792, 19.712251090
0.410744906, 0.137044531, 0.125669069, 0.407255460, 0.867195582, 14.847531180
0.375112201, 0.188249706, 0.011690813, 0.026804106, 0.454455911, 9.173519741
0.831483132, 0.207165499, 0.783687822, 0.809427880, 0.602539196, 17.834256770
0.792112470, 0.547899652, 0.133810578, 0.365009098, 0.965678816, 19.703662970
0.392723740, 0.151174656, 0.897623245, 0.769212230, 0.644638571, 18.991886510
0.799692924, 0.995531855, 0.329678781, 0.986634321, 0.946989531, 21.229858350
0.323085957, 0.238512857, 0.646096717, 0.527185686, 0.701953112, 11.432926330
0.509471592, 0.731829641, 0.510231808, 0.197909026, 0.875870902, 16.056641520
0.566064728, 0.533016368, 0.965076272, 0.225395711, 0.822605619, 16.820363760
0.457664228, 0.931714930, 0.583651001, 0.247809361, 0.947058464, 15.333192920
0.027331964, 0.638546321, 0.374743689, 0.569093048, 0.274152969, 7.964327679
0.573878155, 0.268686634, 0.982759497, 0.892343756, 0.919358694, 22.647914780
0.006871800, 0.699278834, 0.828757079, 0.434604684, 0.463928672, 7.813138711
0.938537933, 0.592365838, 0.836221631, 0.743969912, 0.739834185, 24.046932570
0.019084698, 0.642149379, 0.760381417, 0.917219458, 0.223625393, 11.380109510
0.458538962, 0.522468409, 0.373569919, 0.041499334, 0.776281804, 11.081367880
0.480305886, 0.295429886, 0.628236321, 0.120240264, 0.090960203, 5.873782634
0.377372756, 0.389163938, 0.190361284, 0.749496154, 0.013050527, 13.778223170
0.237566912, 0.355971088, 0.203386966, 0.674718556, 0.622263480, 15.524417600
0.770308554, 0.411632706, 0.856134942, 0.312596297, 0.219559682, 14.502097200
0.899186883, 0.125701823, 0.728926601, 0.999480216, 0.106530983, 14.029614230
0.282542067, 0.056967933, 0.693399649, 0.089277861, 0.009201675, 0.961277290
0.178573700, 0.983631242, 0.453757221, 0.560996879, 0.761672202, 15.560554810
0.098336502, 0.974117992, 0.024126294, 0.155656083, 0.909714924, 12.909569790
0.520114646, 0.257264078, 0.801836579, 0.048371600, 0.268812743, 7.235893310
0.760164432, 0.786212591, 0.605187829, 0.760995422, 0.947362025, 21.725988790
0.681215265, 0.426442877, 0.306825308, 0.542676811, 0.840289646, 18.763046770
0.340258297, 0.888065817, 0.905714867, 0.237040513, 0.186203354, 16.044993440
0.206590435, 0.135992245, 0.791160900, 0.202528136, 0.240147207, 5.414611504
0.708962721, 0.934205549, 0.044027503, 0.605432709, 0.165964301, 21.414684460
0.666376898, 0.698846894, 0.586676126, 0.957560020, 0.408279050, 22.401618380
0.998023234, 0.797512392, 0.580531944, 0.615552673, 0.554133127, 15.364784910
0.333668779, 0.172404084, 0.391837590, 0.448296788, 0.934081076, 12.261853920
0.409238907, 0.346633534, 0.499260234, 0.446083882, 0.201135025, 10.290314850
0.425233326, 0.427819304, 0.824715383, 0.741105369, 0.607158637, 19.962514170
0.383754862, 0.067825828, 0.328785514, 0.213863950, 0.569176190, 4.372712093
0.749684939, 0.867117667, 0.173930228, 0.380092781, 0.102526822, 15.097524160
0.848119331, 0.591279992, 0.172125405, 0.654930544, 0.284196107, 19.850696080
0.636034417, 0.705336338, 0.319499974, 0.020568319, 0.212784092, 12.744167680
0.275034287, 0.323059695, 0.980593186, 0.617009441, 0.861043573, 18.318834250
0.551273564, 0.268996603, 0.026961005, 0.995358841, 0.630504981, 21.008529450
0.629993971, 0.382116956, 0.981954321, 0.984712732, 0.075063183, 20.978570390
0.193069934, 0.351151654, 0.871722726, 0.400218301, 0.755258346, 12.797577380
0.738546068, 0.472263207, 0.308286029, 0.888422456, 0.408265213, 19.142255050
0.097314050, 0.932609373, 0.367983551, 0.177781436, 0.202805098, 6.877368368
0.206732632, 0.532510655, 0.998470907, 0.194100867, 0.475946500, 13.248449470
0.490243588, 0.893600516, 0.261996483, 0.278784858, 0.157419884, 13.779304130
0.981801457, 0.483431983, 0.996835596, 0.133718887, 0.464517473, 20.151112360
0.771953190, 0.563607784, 0.403376078, 0.767786961, 0.647075185, 21.552373880
0.937131668, 0.781441588, 0.749166082, 0.771421417, 0.341062426, 15.577356190
0.700696988, 0.756446488, 0.272281404, 0.287000302, 0.841296539, 16.088259780
0.520793741, 0.926653351, 0.873884010, 0.626192917, 0.051961353, 18.032318830
0.149990901, 0.271962959, 0.159551297, 0.164610340, 0.849480690, 9.551073675
0.500782690, 0.398124877, 0.195741185, 0.585506962, 0.475199415, 17.429635620
0.016823425, 0.434188425, 0.375844920, 0.384287485, 0.298714829, 6.214250564
0.504022766, 0.218915396, 0.179430397, 0.397258466, 0.686716821, 12.336643260
0.051962858, 0.538554655, 0.356595075, 0.331560476, 0.466762471, 6.894882324
0.366914125, 0.674946446, 0.860374313, 0.947456440, 0.181028475, 18.948318310
0.804492582, 0.132972909, 0.138261514, 0.077653101, 0.842434461, 10.987640860
0.650165783, 0.489485959, 0.452929910, 0.435972552, 0.897757597, 16.122249050
0.505968196, 0.324976353, 0.804087541, 0.155063316, 0.088158187, 8.158757905
0.520839773, 0.378738363, 0.800790610, 0.775904142, 0.365906813, 16.705982020
0.318335262, 0.581935346, 0.398364866, 0.552673080, 0.013649064, 10.707997210
0.888560739, 0.766341339, 0.449612702, 0.857673921, 0.426908976, 19.090133960
0.250894686, 0.248034059, 0.153820938, 0.886756994, 0.051769692, 13.183816850
0.580013093, 0.519908720, 0.234867453, 0.844586530, 0.895633865, 23.803526470
0.747676960, 0.146746359, 0.407314377, 0.445825874, 0.667234477, 11.886524730
0.688422808, 0.211727756, 0.589623473, 0.903451229, 0.005851287, 14.648524990
0.226413261, 0.815961944, 0.773574291, 0.484440355, 0.900050364, 15.913876000
0.812318044, 0.986835271, 0.920524625, 0.683669748, 0.531917875, 16.995153780
0.827438144, 0.481335312, 0.405423979, 0.880221109, 0.862836447, 24.736986350
0.367555506, 0.973951174, 0.385804651, 0.198799801, 0.624169748, 13.222946180
0.310490878, 0.542242074, 0.570738090, 0.430107315, 0.295265656, 10.982712830
0.465739092, 0.234952003, 0.674951557, 0.910572536, 0.944198895, 18.100681580
0.841593141, 0.497566105, 0.808040111, 0.973260594, 0.603617325, 25.345017140
0.507116790, 0.605318561, 0.044911120, 0.283440807, 0.883489761, 19.349279760
0.341581351, 0.881773468, 0.108553664, 0.316860057, 0.093944522, 15.408293850
0.988085136, 0.195445914, 0.685649511, 0.975179353, 0.447754819, 19.455358950
0.651623330, 0.804046865, 0.755587941, 0.840495043, 0.713142549, 22.127610230
0.238117637, 0.764636658, 0.707942804, 0.917603404, 0.994361340, 21.900162100
0.090685104, 0.829733961, 0.028553770, 0.637905652, 0.082739109, 13.033267100
0.851827738, 0.011542138, 0.566660445, 0.383559507, 0.149246721, 5.571254592
0.352712190, 0.197749046, 0.304710984, 0.777898123, 0.948794432, 14.930129370
0.661259415, 0.440043255, 0.876135588, 0.738940369, 0.344694497, 19.704030060
0.018297133, 0.907473412, 0.507704199, 0.374261378, 0.832324017, 7.060497040
0.005373158, 0.981115193, 0.743640156, 0.501303885, 0.516776860, 8.857655828
0.210073934, 0.347436914, 0.389259494, 0.128814021, 0.293827337, 4.279413568
0.683078772, 0.727944814, 0.357343228, 0.679170327, 0.343104108, 18.418106970
0.501855145, 0.930710069, 0.714913445, 0.376269310, 0.552216840, 17.520188390
0.436605290, 0.111880698, 0.991663924, 0.342720331, 0.067698942, 10.827395910
0.770760942, 0.854541287, 0.661311071, 0.947355682, 0.191475813, 16.421063140
0.791766882, 0.153877816, 0.445357238, 0.064765102, 0.269394097, 4.836611986
0.373025417, 0.693951973, 0.513650678, 0.774634087, 0.892699386, 20.045652790
0.227420080, 0.703928619, 0.494298603, 0.717904540, 0.751815008, 15.783565730
0.919005708, 0.766384387, 0.872386841, 0.922490210, 0.987678493, 25.267785470
0.302272524, 0.829785026, 0.530069356, 0.022472818, 0.916873031, 12.950813850
0.290812270, 0.278634693, 0.682643687, 0.454979097, 0.561034697, 10.674156880
0.456060673, 0.183196190, 0.381105870, 0.052075041, 0.640306306, 6.734506881
0.819352972, 0.076868390, 0.135787668, 0.782017377, 0.403987761, 14.141176610
0.549895189, 0.731976049, 0.948102867, 0.529583082, 0.246776245, 20.098397060
0.810716912, 0.262116166, 0.454194418, 0.854706083, 0.279769507, 15.181592680
0.552924003, 0.477958087, 0.237698278, 0.646116007, 0.716632355, 19.364633970
0.174921153, 0.111973897, 0.906968582, 0.549768394, 0.486723848, 11.428739770
0.795929613, 0.036058521, 0.342060955, 0.591964417, 0.893864209, 10.271385750
0.293644030, 0.089343782, 0.656614638, 0.823687456, 0.645834409, 13.188589520
0.198071468, 0.471217667, 0.040037870, 0.423250798, 0.957416447, 16.467349550
0.139452641, 0.775712580, 0.484577960, 0.251475222, 0.949479106, 9.682474503
0.438015575, 0.962286331, 0.825387113, 0.338161620, 0.296599165, 18.327203740
0.380547997, 0.573204285, 0.650608093, 0.833412437, 0.154872703, 15.543095960
0.710344420, 0.503880217, 0.818934236, 0.964459222, 0.165351002, 21.682509880
0.074921591, 0.016274534, 0.043521881, 0.639723218, 0.933053239, 13.793726790
0.165876869, 0.288053628, 0.186011208, 0.027401799, 0.324397254, 5.359348761
0.132633527, 0.805199615, 0.076745028, 0.924248215, 0.253042411, 19.355291430
0.660848139, 0.400899401, 0.444339773, 0.072239494, 0.675400070, 11.065223130
0.844923114, 0.201229962, 0.490780113, 0.162814535, 0.212879326, 9.017386720
0.522995779, 0.552871092, 0.958324326, 0.914535234, 0.861863614, 25.389520960
0.072437493, 0.619946249, 0.703437791, 0.673868810, 0.276912103, 11.080805200
0.546379333, 0.202756063, 0.478624023, 0.777858854, 0.563128945, 16.596848860
0.090962495, 0.553994840, 0.994652121, 0.689805108, 0.787294073, 16.511229750
0.213111478, 0.179152741, 0.670399105, 0.200940043, 0.643487526, 7.587357434
0.296579564, 0.919220313, 0.874022657, 0.987840738, 0.795213307, 24.086903420
0.766805826, 0.011340985, 0.591144949, 0.845875160, 0.551276084, 11.399981930
0.855329395, 0.401314627, 0.522281634, 0.539253636, 0.221282777, 14.502237210
0.630395569, 0.326207301, 0.893229303, 0.616315054, 0.041473635, 16.816237610
0.930911533, 0.693493541, 0.011389092, 0.063603660, 0.862876435, 20.101683470
0.230653548, 0.459820623, 0.109667507, 0.255911756, 0.520679338, 10.582191940
0.445553996, 0.997123229, 0.958561978, 0.248515441, 0.881470531, 19.954153650
0.710881843, 0.781905358, 0.303847368, 0.296325350, 0.422594252, 15.605069110
0.716290015, 0.895567042, 0.575246335, 0.705587494, 0.786106008, 19.865429460
0.384382825, 0.235050041, 0.637783305, 0.881169885, 0.180766288, 12.362402060
0.851719282, 0.946391981, 0.726973345, 0.816547944, 0.528688152, 16.593796210
0.422951591, 0.018905504, 0.882280414, 0.087274762, 0.336759728, 8.272238086
0.028051290, 0.703048188, 0.847584559, 0.339276820, 0.248972553, 7.960514326
0.567270049, 0.370475062, 0.646909315, 0.507712582, 0.456596834, 13.170114570
0.792591964, 0.257008216, 0.289020598, 0.682617512, 0.197915377, 15.341180500
0.436991633, 0.906156897, 0.578210292, 0.814604735, 0.444432746, 19.599301060
0.289361613, 0.031729653, 0.828245574, 0.411113563, 0.757629619, 9.796162867
0.270019289, 0.070768623, 0.229972695, 0.773162405, 0.439304999, 11.085261480
0.850563209, 0.592598604, 0.122218351, 0.517754487, 0.078141841, 17.177927110
0.030199806, 0.803626268, 0.624902059, 0.374444071, 0.626545952, 6.239981765
0.508866383, 0.788074777, 0.893709391, 0.331260399, 0.519705091, 18.316163600
0.130435825, 0.221568178, 0.232402131, 0.632654428, 0.510468694, 11.602191520
0.707916412, 0.658411659, 0.472225627, 0.939209797, 0.190747194, 19.447657360
0.053017960, 0.900716169, 0.144824520, 0.532935067, 0.166617962, 10.015387900
0.930124240, 0.961485239, 0.957863719, 0.390911603, 0.354181214, 12.969588140
0.898723724, 0.577023070, 0.154900625, 0.490366866, 0.104313523, 16.748072290
0.675815453, 0.394887746, 0.403882928, 0.745564894, 0.404155001, 17.009681740
0.623516672, 0.768565062, 0.288802201, 0.537738771, 0.343801196, 17.652310530
0.563430024, 0.657591995, 0.422314357, 0.760624849, 0.307965067, 18.466691110
0.760134791, 0.495111245, 0.698864055, 0.755214856, 0.176425651, 16.982944320
0.740039016, 0.134505860, 0.193376889, 0.365754413, 0.285420758, 10.358818520
0.090178852, 0.857831904, 0.978453824, 0.606336331, 0.040430198, 15.547689070
0.688750272, 0.427751530, 0.159100460, 0.736944530, 0.743553204, 22.387740500
0.651976412, 0.271666435, 0.247384407, 0.773591888, 0.657258828, 17.651428780
0.748774982, 0.930424256, 0.907944558, 0.134835064, 0.426491650, 15.405567770
0.757185453, 0.529658683, 0.989250305, 0.638575188, 0.658246866, 24.940478510
0.732944277, 0.457072944, 0.124707209, 0.960824239, 0.466179869, 23.251882030
0.687171630, 0.923908327, 0.915007442, 0.499412344, 0.939959474, 21.746999490
0.584634867, 0.910358740, 0.844509618, 0.140289114, 0.990711841, 18.836159490
0.004508398, 0.488305310, 0.857778503, 0.454003861, 0.983241136, 11.754694640
0.305609614, 0.603341228, 0.625526554, 0.507615587, 0.504008025, 13.737306010
0.671968069, 0.609734465, 0.413509225, 0.285422759, 0.348239864, 14.440431790
0.345258452, 0.994585137, 0.031952654, 0.018343634, 0.364155046, 14.540758800
0.998254374, 0.067532501, 0.448018997, 0.205897276, 0.328471756, 6.487956186
0.352417468, 0.303276763, 0.692412730, 0.396752905, 0.721610646, 9.850745243
0.195994315, 0.071491985, 0.334114493, 0.549761897, 0.422915768, 9.090985453
0.728502196, 0.831395515, 0.346678641, 0.942261580, 0.162308601, 20.350179930
0.045672624, 0.762171870, 0.501259876, 0.084566615, 0.740050941, 6.491599412
0.564922177, 0.312025083, 0.609664151, 0.722949953, 0.302812474, 14.548902490
0.752159046, 0.165314680, 0.766794625, 0.901334688, 0.219296038, 16.207281390
0.565016874, 0.242047522, 0.360044617, 0.209515257, 0.860668029, 11.087953190
0.851480948, 0.605718110, 0.968884272, 0.623758132, 0.139941572, 20.296523520
0.822929835, 0.205234135, 0.815771145, 0.899742825, 0.585607274, 19.405660420
0.095241590, 0.578981851, 0.392090099, 0.928193485, 0.999539431, 18.140816900
0.937618290, 0.560553396, 0.406227198, 0.768636330, 0.988727390, 22.259200640
0.584280067, 0.425861784, 0.599907628, 0.904139656, 0.766891658, 20.124485760
0.828861810, 0.463161757, 0.922946336, 0.467296367, 0.528947949, 19.721489880
0.535702414, 0.344738512, 0.888255420, 0.767811134, 0.884470968, 20.030961060
0.152354713, 0.486959549, 0.641055447, 0.016873361, 0.924605132, 7.996050828
0.667708908, 0.780515736, 0.656367212, 0.393719170, 0.927294897, 17.978097410
0.257684056, 0.926438751, 0.766297841, 0.022422279, 0.420533089, 11.221854950
0.542742944, 0.489778034, 0.321400670, 0.687310922, 0.291896481, 18.194603560
0.680796605, 0.314787523, 0.739593203, 0.756174088, 0.597047172, 16.664452150
0.989973376, 0.739856505, 0.342067001, 0.651347935, 0.099394724, 14.713805830
0.427334406, 0.062529991, 0.318373140, 0.953934844, 0.805434219, 16.079849960
0.799646545, 0.540045452, 0.997714486, 0.765290922, 0.133468595, 24.105490280
0.670214117, 0.384165473, 0.100434490, 0.578451308, 0.181619048, 16.030818550
0.422833161, 0.855796751, 0.991217089, 0.954354881, 0.930609105, 27.779852940
0.841474223, 0.329671047, 0.910675963, 0.959963700, 0.014826891, 19.689389860
0.859943044, 0.711966906, 0.438311301, 0.866612474, 0.212432114, 19.030018900
0.732414099, 0.250196987, 0.395934358, 0.682652896, 0.545422691, 14.073852150
0.917717021, 0.110187588, 0.363629629, 0.417914770, 0.552285436, 10.329291870
0.528955706, 0.085313281, 0.073061095, 0.744345821, 0.431631819, 16.270229290
0.253774747, 0.533114531, 0.929135618, 0.252228198, 0.344459554, 13.527456830
0.653991176, 0.058670913, 0.418363727, 0.961490417, 0.008713562, 10.978620150
0.603429396, 0.491426108, 0.507135826, 0.792269614, 0.091210013, 17.220541400
0.431337477, 0.376692569, 0.709046465, 0.756656636, 0.336147055, 14.805597550
0.578030646, 0.050298665, 0.194514915, 0.542311056, 0.248207378, 10.334950150
0.821369068, 0.876941467, 0.653475783, 0.996992225, 0.671972576, 21.112159750
0.382252753, 0.315617122, 0.887081358, 0.237344894, 0.175529898, 9.842586798
0.823805812, 0.808209224, 0.634120088, 0.904710356, 0.371733165, 19.424513500
0.158721125, 0.011496923, 0.122606313, 0.327931431, 0.825913608, 10.553008370
0.240488021, 0.044183355, 0.136056894, 0.426087796, 0.819573061, 11.455561750
0.511886282, 0.446499220, 0.280165828, 0.719922096, 0.566234111, 17.491446110
0.466632614, 0.010224496, 0.626103174, 0.170595093, 0.625739201, 5.936056474
0.596159249, 0.091307982, 0.947014417, 0.839912000, 0.987079422, 18.304028770
0.439676518, 0.274407615, 0.168516277, 0.209686224, 0.539731970, 8.473425098
0.978346016, 0.547554565, 0.744706278, 0.971685092, 0.130620100, 22.331392120
0.525398819, 0.153129001, 0.091242591, 0.304814269, 0.792266000, 12.103966100
0.174510855, 0.082435004, 0.805498268, 0.009813211, 0.586867978, 3.584697559
0.660734048, 0.280407853, 0.096852241, 0.397190396, 0.018209117, 12.290901090
0.982392880, 0.291804704, 0.025325826, 0.936259340, 0.214301422, 22.711260800
0.325826664, 0.154995867, 0.425737657, 0.380859501, 0.632491115, 9.373106789
0.382603875, 0.763985652, 0.314419256, 0.122835800, 0.581721123, 11.664889580
0.372402732, 0.578557948, 0.228936042, 0.592193056, 0.139325833, 14.719233300
0.222869670, 0.014352068, 0.162988714, 0.923488652, 0.793382656, 15.996656240
0.146730160, 0.248228745, 0.065834535, 0.772293471, 0.905506284, 16.763219590
0.742462799, 0.938473297, 0.957576619, 0.571299181, 0.940582312, 21.893482050
0.564784130, 0.956269036, 0.729525958, 0.885756780, 0.228660217, 21.810556350
0.231513081, 0.901299512, 0.873836128, 0.155944494, 0.742206662, 12.485780780
0.475128745, 0.450727899, 0.810026111, 0.477763093, 0.322668184, 14.512679170
0.526641758, 0.360032192, 0.087489358, 0.444314042, 0.819533095, 15.827128560
0.713458221, 0.084512870, 0.212228008, 0.502588943, 0.137337759, 9.690427418
0.616992850, 0.698109682, 0.346514653, 0.331735635, 0.187002838, 16.114306330
0.487394366, 0.911393640, 0.008268824, 0.419446493, 0.595330392, 21.406415280
0.063205596, 0.953487908, 0.416070799, 0.442643582, 0.413941948, 9.022453974
0.063759507, 0.393446766, 0.252014862, 0.249282418, 0.413958864, 5.384894955
0.558408249, 0.338741952, 0.996040682, 0.326864609, 0.348655034, 18.052622970
0.082362454, 0.092983295, 0.400267323, 0.236705944, 0.900404847, 7.812646362
0.901111137, 0.023798775, 0.939099216, 0.104731882, 0.783136618, 8.588867554
0.956510934, 0.105212338, 0.501699728, 0.404354623, 0.378079078, 8.635755062
0.942018050, 0.770598266, 0.256893238, 0.159813010, 0.734895591, 14.735730120
0.897527548, 0.829371341, 0.467264105, 0.212098406, 0.229768402, 10.130999110
0.950526095, 0.328105207, 0.532568056, 0.562205053, 0.627150924, 14.923497970
0.838820364, 0.266126260, 0.837324648, 0.576698736, 0.969617422, 19.642953850
0.044891643, 0.092149888, 0.215375810, 0.417157683, 0.116928558, 7.304910574
0.203900300, 0.716177341, 0.788997009, 0.950951784, 0.508792994, 18.120276430
0.466445364, 0.171247535, 0.033371360, 0.951452660, 0.427901242, 18.927372730
0.765642011, 0.581521838, 0.337299622, 0.830910616, 0.584486700, 20.501159110
0.002741799, 0.138538636, 0.799266783, 0.810399423, 0.144058069, 13.349001850
0.073955942, 0.532631714, 0.187388523, 0.554009929, 0.142836084, 10.338612420
0.559078081, 0.917156068, 0.601074479, 0.363780755, 0.902125726, 17.597202960
0.111021002, 0.548591003, 0.923564432, 0.537615171, 0.129917328, 10.445677940
0.734442030, 0.166503965, 0.446766772, 0.907791130, 0.628015550, 16.536892300
0.600704610, 0.731301057, 0.319006830, 0.177400955, 0.466102324, 14.817923370
0.341016568, 0.335036685, 0.606606881, 0.697502029, 0.378749778, 12.621162960
0.080403307, 0.852205637, 0.722889135, 0.705525855, 0.180745595, 9.834006408
0.107831203, 0.221571757, 0.267548798, 0.808068393, 0.251011241, 10.766144140
0.565412516, 0.127648074, 0.843059294, 0.896651074, 0.221524898, 15.518568120
0.804476415, 0.974200835, 0.837723415, 0.492986218, 0.828973994, 17.983457060
0.244093214, 0.450785088, 0.371676276, 0.444038433, 0.112774609, 9.341272092
0.315322881, 0.997338137, 0.069173897, 0.568174290, 0.251029578, 18.636486910
0.766201502, 0.076276892, 0.326688195, 0.616091779, 0.848685298, 11.249429950
0.862477908, 0.606859729, 0.180729244, 0.153234018, 0.122614133, 13.014425200
0.084549336, 0.570359053, 0.707583904, 0.392845717, 0.349113727, 8.292473176
0.694204341, 0.992161445, 0.228878170, 0.023839209, 0.336196457, 11.861429700
0.091983196, 0.578294707, 0.643643986, 0.438915473, 0.800185991, 12.439239740
0.834049442, 0.410892355, 0.585143158, 0.902280388, 0.507019639, 21.415166010
0.922566561, 0.737521176, 0.406795929, 0.354149698, 0.315509348, 12.080805080
0.981140356, 0.990766398, 0.528126167, 0.938412672, 0.362175476, 12.282607730
0.946831304, 0.041567426, 0.445015768, 0.711182932, 0.738906985, 12.965028700
0.399909651, 0.724006586, 0.680011480, 0.604073182, 0.814050168, 20.453214280
0.065729817, 0.743863739, 0.697108468, 0.513595478, 0.232512181, 9.241156419
0.791048122, 0.094938060, 0.598009755, 0.265127012, 0.023712227, 6.471277403
0.906567979, 0.615451734, 0.562809689, 0.565277973, 0.806302321, 18.826406760
0.331926454, 0.061027230, 0.559750553, 0.521512801, 0.988541846, 10.452585070
0.501795080, 0.340810097, 0.307292145, 0.127482360, 0.215584815, 9.332889405
0.629283968, 0.409180444, 0.772471313, 0.652095367, 0.439925157, 18.555709990
0.317863759, 0.951299895, 0.927591766, 0.090060497, 0.695471780, 17.795900560
0.595514414, 0.758385632, 0.316620627, 0.742506447, 0.367147107, 19.904707470
0.967035072, 0.462770691, 0.082284335, 0.325784014, 0.736124208, 21.661186970
0.694629301, 0.165691369, 0.466260991, 0.360522890, 0.906631430, 12.454974060
0.172048074, 0.895458185, 0.506158798, 0.196884252, 0.811567600, 10.550589580
0.251621767, 0.388700921, 0.643072582, 0.827158501, 0.734960746, 15.419655490
0.004108159, 0.557557360, 0.982162272, 0.027003743, 0.415082555, 7.043573475
0.457227182, 0.639479300, 0.537534014, 0.332883040, 0.455659614, 10.601203500
0.221617342, 0.715240650, 0.589748250, 0.128886430, 0.004960676, 5.545440415
0.642790346, 0.055310599, 0.416720691, 0.825228872, 0.784082595, 13.424420840
0.544828343, 0.970482929, 0.324173100, 0.915346046, 0.824845854, 24.898853160
0.647343969, 0.776445349, 0.681097903, 0.273834706, 0.541973430, 15.893516070
0.946329521, 0.113556905, 0.453687824, 0.879448454, 0.274596252, 14.970046530
0.933006947, 0.272556283, 0.986582189, 0.435007741, 0.422346456, 18.528885890
0.599871778, 0.552060016, 0.992744238, 0.952489168, 0.607449427, 24.815225470
0.246861677, 0.639857764, 0.254428326, 0.951921171, 0.029148659, 14.504128200
0.857240314, 0.168454818, 0.606093379, 0.654405387, 0.126630363, 11.496121140
0.453234531, 0.427658974, 0.250109677, 0.538469285, 0.518175875, 15.769087460
0.780143926, 0.004820877, 0.557158238, 0.062379016, 0.835640930, 4.826842507
0.416395293, 0.629497355, 0.504853982, 0.382287598, 0.657828547, 15.162327010
0.517177338, 0.409964483, 0.472518593, 0.816433655, 0.406248403, 16.005302920
0.460548673, 0.259841910, 0.118727344, 0.232576972, 0.349773456, 8.797926093
0.753826527, 0.541648268, 0.738971646, 0.651861828, 0.146338196, 16.126532020
0.932878420, 0.010287868, 0.248479856, 0.531990661, 0.891606245, 13.366628360
0.429479688, 0.131345495, 0.155431462, 0.703712973, 0.376433789, 12.894364290
0.620291452, 0.093672351, 0.167487811, 0.109118609, 0.865183138, 9.610590885
0.248438227, 0.123152911, 0.696067918, 0.294354001, 0.061972151, 3.726014583
0.964867244, 0.172531945, 0.647559237, 0.890589686, 0.692629601, 19.647518060
0.307076037, 0.005085375, 0.154798726, 0.489618603, 0.755630525, 10.781509910
0.720805966, 0.246717091, 0.219872858, 0.582669688, 0.610333795, 16.318198280
0.865593845, 0.208473874, 0.633247248, 0.332551596, 0.200552924, 9.923332320
0.835029529, 0.036326592, 0.974787504, 0.599407633, 0.993687429, 16.295619890
0.350201925, 0.544432052, 0.078505593, 0.214754806, 0.318275596, 14.851121240
0.238991398, 0.345850225, 0.806384020, 0.708783183, 0.170964190, 12.030191660
0.387132551, 0.240107447, 0.306564957, 0.985766305, 0.422203750, 15.252964910
0.650621553, 0.965595099, 0.320791260, 0.702295242, 0.452902851, 20.711168440
0.181366653, 0.413224035, 0.484570017, 0.173463435, 0.795719089, 7.517204892
0.884381457, 0.721615643, 0.198558927, 0.258553454, 0.464793919, 15.462946680
0.326238888, 0.203445697, 0.251514250, 0.332771577, 0.360980135, 8.909221239
0.005358870, 0.840788356, 0.593770024, 0.626730254, 0.329155431, 6.770687721
0.466320775, 0.947663007, 0.209719469, 0.866235260, 0.507813121, 22.587875690
0.356434274, 0.752333886, 0.882423156, 0.489140410, 0.059290350, 15.312532560
0.451018448, 0.663505258, 0.496470392, 0.047046781, 0.257763734, 10.892087630
0.123517976, 0.281372295, 0.568637409, 0.799322390, 0.356521391, 11.887635780
0.654225183, 0.356847229, 0.807962796, 0.213950649, 0.420655241, 14.285347990
0.490454181, 0.961842773, 0.469204447, 0.268204666, 0.249354601, 14.289193440
0.340737705, 0.596328509, 0.753617699, 0.490749054, 0.857785990, 15.305714980
0.503029897, 0.467947143, 0.920215414, 0.646907734, 0.492187073, 19.316026900
0.849134333, 0.559612162, 0.162370308, 0.850121192, 0.251556106, 20.671191120
0.644179455, 0.697752430, 0.837943861, 0.657990749, 0.338469302, 21.694164670
0.517044967, 0.109949497, 0.025341640, 0.091577305, 0.592042513, 9.923715370
0.443988333, 0.620743764, 0.535835731, 0.654041610, 0.553980262, 16.672246300
0.125460043, 0.354410104, 0.872957706, 0.528960873, 0.136057983, 10.715891320
0.436442829, 0.516352221, 0.306488043, 0.230400099, 0.970695389, 13.743141090
0.839825558, 0.138136279, 0.847718824, 0.657902002, 0.466890217, 16.697048070
0.199097672, 0.549562878, 0.468348899, 0.865861295, 0.835100487, 16.086650190
0.317515806, 0.534054220, 0.157823652, 0.197415053, 0.024567403, 8.833997251
0.461485025, 0.455760747, 0.237624332, 0.919890912, 0.459974439, 19.551269970
0.052115965, 0.042216124, 0.815884795, 0.015894773, 0.313891926, 0.956075976
0.337075863, 0.633374928, 0.586493013, 0.159211997, 0.832349003, 12.274797160
0.542815758, 0.204882426, 0.361631432, 0.793617408, 0.327886110, 14.157230550
0.883320925, 0.306130870, 0.722602482, 0.890300696, 0.854467318, 21.294905660
0.207910667, 0.101989851, 0.853649674, 0.904776430, 0.020643655, 11.856590820
0.902322683, 0.922401546, 0.116912281, 0.406841001, 0.796794611, 17.782174690
0.097559374, 0.341937553, 0.380034075, 0.525980544, 0.866247964, 11.114336290
0.392740804, 0.318766967, 0.821705584, 0.181867222, 0.329318625, 10.495460160
0.396688067, 0.084834550, 0.371445178, 0.174419789, 0.188074224, 3.323956614
0.089374254, 0.955872254, 0.832729616, 0.448890376, 0.763705899, 12.458203650
0.405653404, 0.133410784, 0.438640367, 0.098367981, 0.283272999, 5.261449167
0.661109353, 0.966279917, 0.046392482, 0.831896084, 0.262769266, 22.748373220
0.749100912, 0.131380319, 0.497436438, 0.534581431, 0.335558882, 10.955700210
0.388123388, 0.971124076, 0.620878177, 0.855904386, 0.048297143, 18.104572940
0.287509280, 0.839967849, 0.535569167, 0.036112456, 0.871757591, 11.062868660
0.438793783, 0.605066269, 0.567155041, 0.240981547, 0.891096905, 13.681482290
0.632170339, 0.756230619, 0.152239283, 0.353329620, 0.261528184, 17.117304030
0.886720169, 0.690111134, 0.792773663, 0.041470703, 0.495101703, 12.578262230
0.919861032, 0.166525625, 0.659486045, 0.023770402, 0.660441332, 7.730188617
0.516035010, 0.191157724, 0.571336197, 0.304114800, 0.922775656, 10.610983420
0.904755242, 0.812556945, 0.333081816, 0.407843361, 0.640976152, 16.304973590
0.197505366, 0.911527170, 0.319659840, 0.590613887, 0.630308013, 13.509337850
0.929114416, 0.044011307, 0.446375263, 0.062783125, 0.804401554, 5.539534088
0.811606593, 0.999677453, 0.043594481, 0.352720068, 0.275111885, 14.772756220
0.150277914, 0.090716563, 0.138694404, 0.329071711, 0.024599882, 6.604591931
0.815258774, 0.867749803, 0.382140983, 0.217920318, 0.406772198, 12.100162590
0.469194038, 0.165978543, 0.286595795, 0.868629425, 0.020905372, 11.616683480
0.088688993, 0.225922954, 0.000654566, 0.639823192, 0.914894197, 17.503537820
0.135753774, 0.449144900, 0.263393926, 0.003074571, 0.406692031, 5.554677868
0.401486244, 0.207730690, 0.334435045, 0.697906177, 0.347891304, 12.162796990
0.488183011, 0.656678770, 0.453527197, 0.301926446, 0.430948980, 13.952518480
0.454819005, 0.988775770, 0.978168760, 0.806714807, 0.957445394, 26.573293720
0.915189828, 0.290629088, 0.479596411, 0.327678652, 0.343365775, 13.284797870
0.760435093, 0.444375560, 0.423703642, 0.404796686, 0.719582141, 15.816457700
0.009466111, 0.178000142, 0.350717765, 0.610492577, 0.858929968, 11.669226710
0.176779492, 0.362721032, 0.494585540, 0.535912897, 0.411886914, 10.251120930
0.520255298, 0.638610263, 0.002716742, 0.892449570, 0.958554699, 26.794316850
0.637858648, 0.621109284, 0.125605266, 0.780644995, 0.925827218, 26.264485800
0.912897425, 0.776935729, 0.497122874, 0.455074815, 0.501082266, 13.260701400
0.557746714, 0.841800961, 0.538561579, 0.424596416, 0.172727743, 14.412036380
0.517274510, 0.364291007, 0.913307881, 0.808028802, 0.862186994, 21.266463090
0.390843655, 0.686858878, 0.852363442, 0.272691619, 0.315721263, 14.280246870
0.221688914, 0.418153235, 0.894243282, 0.574603827, 0.395513936, 15.286410690
0.067186065, 0.045674481, 0.780408416, 0.602384161, 0.226169831, 8.951567984
0.905427390, 0.413728702, 0.440908890, 0.377539243, 0.024233717, 13.104994060
0.972542643, 0.552619279, 0.485269735, 0.045399289, 0.077741227, 10.886542960
0.857626847, 0.964595220, 0.500985451, 0.389440488, 0.906357659, 14.168751940
0.019052036, 0.321368622, 0.372566244, 0.184408928, 0.291411817, 5.959279973
0.854297219, 0.264310956, 0.009230397, 0.863056387, 0.288099005, 20.169756770
0.655168058, 0.616821771, 0.017937154, 0.372118253, 0.784693761, 21.289593910
0.532913243, 0.952285036, 0.602661555, 0.950454469, 0.624666779, 25.288408680
0.607156981, 0.100037900, 0.683547335, 0.329703746, 0.231812775, 7.671501487
0.592191896, 0.127941900, 0.728724196, 0.011652736, 0.652847428, 8.956547851
0.395243623, 0.898949043, 0.789879501, 0.617904589, 0.652299660, 21.963715950
0.540148662, 0.011331640, 0.499361968, 0.445212243, 0.640768534, 6.868084070
0.622283759, 0.660120173, 0.251549192, 0.675937761, 0.596081822, 21.871217620
0.779685021, 0.497916423, 0.248519422, 0.920572691, 0.155722658, 19.575318640
0.639794065, 0.628842966, 0.078098175, 0.213500361, 0.998372374, 18.585397310
0.087844888, 0.935969099, 0.363850401, 0.586112139, 0.418647761, 10.724481280
0.532422108, 0.128847013, 0.617840580, 0.023660990, 0.585908559, 5.727393684
0.014850124, 0.054397020, 0.444461853, 0.271184776, 0.517007931, 6.372941776
0.189125635, 0.614187977, 0.151450360, 0.605310264, 0.963429089, 17.200251850
0.082171782, 0.220394544, 0.706144075, 0.252284106, 0.893536716, 7.446815396
0.811891836, 0.801048509, 0.308738434, 0.331482420, 0.700177053, 16.959852710
0.197832411, 0.123434299, 0.459576034, 0.707559695, 0.155092903, 8.885848603
0.464206378, 0.182161842, 0.222773776, 0.072579927, 0.018790432, 5.373667205
0.248700099, 0.694994780, 0.755057985, 0.635797699, 0.380529018, 15.372566310
0.907758072, 0.303356826, 0.478713647, 0.658049508, 0.915548818, 17.989491520
0.095380472, 0.942943566, 0.860092261, 0.177426575, 0.717719907, 10.037828550
0.924937884, 0.026288165, 0.387395880, 0.826263110, 0.941329153, 14.380572060
0.581133816, 0.526530077, 0.263213342, 0.229555706, 0.677919423, 14.411301180
0.513386612, 0.181247356, 0.241608687, 0.050242187, 0.639841870, 9.198685877
0.396056676, 0.883943449, 0.419934809, 0.391086218, 0.069071860, 13.640017170
0.631123985, 0.479984359, 0.137712336, 0.684183525, 0.577725423, 22.579412140
0.406842974, 0.816174501, 0.861105547, 0.128901960, 0.157478810, 14.433097680
0.133088132, 0.269872740, 0.631506050, 0.232246422, 0.103433052, 4.678903881
0.950603273, 0.086074406, 0.548067468, 0.781933887, 0.584030975, 13.186758600
0.598939719, 0.398312194, 0.035384347, 0.720999654, 0.148925909, 18.571355330
0.759670142, 0.931794384, 0.363970652, 0.767101990, 0.919973585, 20.726402170
0.522981545, 0.413078692, 0.057162524, 0.604477538, 0.785229528, 20.432126150
0.995953470, 0.470357061, 0.588025194, 0.206753836, 0.740745865, 14.723416210
0.542474839, 0.856717398, 0.032888056, 0.204928133, 0.810519474, 20.595384870
0.947461170, 0.227477670, 0.269523235, 0.199016048, 0.747937081, 11.325652200
0.005459407, 0.828165040, 0.620180113, 0.000212289, 0.296212864, 0.664014955
0.917597582, 0.937180575, 0.261756300, 0.919950120, 0.041452398, 14.991063140
0.633043338, 0.329949978, 0.650065676, 0.506334848, 0.925871568, 16.859526440
0.659257157, 0.775861893, 0.950976590, 0.752421388, 0.741777067, 25.077604150
0.235653009, 0.559526605, 0.322117334, 0.725667622, 0.993045221, 15.073051140
0.154620563, 0.739880395, 0.576683053, 0.815586062, 0.082038126, 13.109343440
0.238363493, 0.179191104, 0.047163047, 0.399608062, 0.762100051, 12.003820700
0.666612633, 0.013994812, 0.654372943, 0.807997922, 0.558915205, 11.433911550
0.009133713, 0.913524179, 0.932284430, 0.176714259, 0.722067479, 9.748434975
0.735111545, 0.741813187, 0.558632608, 0.542172079, 0.883317248, 20.954383000
0.758367847, 0.141954006, 0.341619381, 0.255265415, 0.172967363, 7.554170390
0.737277490, 0.013558788, 0.372184820, 0.438442097, 0.151158857, 6.053346087
0.053095221, 0.659491047, 0.072895606, 0.119075567, 0.652466642, 10.118602030
0.210576716, 0.285254022, 0.691076802, 0.276599988, 0.699810211, 8.954024414
0.232010309, 0.784573807, 0.510682327, 0.622456325, 0.354894060, 15.324348480
0.097589845, 0.641199352, 0.430166595, 0.877452400, 0.671345864, 14.891195550
0.693067486, 0.827108135, 0.240323189, 0.425362148, 0.692979895, 19.129636310
0.140198779, 0.103533598, 0.014795485, 0.517784073, 0.368709474, 13.052394390
0.750990239, 0.686462903, 0.963499423, 0.739162516, 0.526401369, 22.636438360
0.419872823, 0.782325228, 0.427393887, 0.646691864, 0.372122147, 18.264125060
0.803102817, 0.484091583, 0.474761064, 0.839737876, 0.277008797, 18.343696510
0.968769797, 0.499500668, 0.807386653, 0.555650667, 0.256524777, 16.930345530
0.035865780, 0.449148509, 0.298831401, 0.034518682, 0.219300867, 2.225445244
0.358540494, 0.437517513, 0.070824517, 0.778908472, 0.871426445, 20.075384430
0.133412538, 0.455862187, 0.233866304, 0.012298970, 0.999514229, 9.335228676
0.177506737, 0.504990335, 0.721410056, 0.179489463, 0.977340636, 11.768975600
0.366878075, 0.320904630, 0.815697477, 0.176250503, 0.167517571, 6.824588715
0.004090843, 0.387496350, 0.812983143, 0.518775776, 0.108219113, 8.397880004
0.853788354, 0.266754424, 0.006520333, 0.247514271, 0.048984628, 14.809872520
0.828614962, 0.038864895, 0.903456721, 0.059786296, 0.372537155, 7.140200845
0.083859899, 0.799396359, 0.082966835, 0.028614089, 0.230294549, 7.178705376
0.327868132, 0.204249240, 0.143108395, 0.678870952, 0.402948181, 14.056823670
0.492074229, 0.872327956, 0.344182291, 0.425605284, 0.080824314, 14.250025050
0.676263163, 0.791850079, 0.970953498, 0.945632422, 0.267340538, 26.682666250
0.084481818, 0.907260598, 0.417659308, 0.043392507, 0.369142601, 5.130524480
0.257298384, 0.138754304, 0.917342111, 0.428200087, 0.564382680, 13.352508170
0.743846533, 0.528126141, 0.938154910, 0.830695632, 0.473128939, 22.505809140
0.214229886, 0.163039550, 0.422751590, 0.054694844, 0.369387388, 2.842880389
0.024561147, 0.426353223, 0.426330256, 0.200767480, 0.948752072, 7.219789222
0.395472681, 0.148524058, 0.866104054, 0.219236499, 0.332988133, 6.693455771
0.924485153, 0.580016082, 0.549265648, 0.549253538, 0.430325535, 16.814192430
0.296140259, 0.604806607, 0.017013776, 0.303624812, 0.110604002, 12.237138750
0.603542512, 0.602335954, 0.752730408, 0.776662110, 0.809905253, 21.660990280
0.635943127, 0.808775842, 0.198873699, 0.349926703, 0.841480572, 19.133090330
0.574893507, 0.240461554, 0.784251387, 0.344200582, 0.605247364, 10.854432820
0.770125539, 0.614244142, 0.703048692, 0.852531099, 0.919246984, 24.431655970
0.121085360, 0.390646623, 0.751809666, 0.734058843, 0.403221466, 12.613329780
0.267420537, 0.548423201, 0.275587474, 0.755913221, 0.035072033, 14.338394700
0.605148406, 0.373824896, 0.545631981, 0.863015609, 0.887625264, 20.156771910
0.667639019, 0.094134756, 0.708769223, 0.033862176, 0.771752859, 6.804912510
