@relation Friedman_Benchmark_problem
@attribute input1 real [0.001211673, 0.99971881]
@attribute input2 real [1.60284E-4, 0.999677453]
@attribute input3 real [6.54566E-4, 0.999061886]
@attribute input4 real [2.12289E-4, 0.999480216]
@attribute input5 real [4.29891E-4, 0.999539431]
@attribute output real [0.664014955, 28.5903858]
@inputs input1, input2, input3, input4, input5
@outputs output
@data
0.114237853, 0.141278615, 0.708604056, 0.411756938, 0.076210619, 5.237348660
0.915969019, 0.943061607, 0.019369819, 0.442315086, 0.187784192, 14.623322540
0.076470372, 0.226852995, 0.134591811, 0.037504269, 0.540756651, 8.049146245
0.935270551, 0.503412533, 0.225813381, 0.924543835, 0.156329168, 20.384249810
0.301295509, 0.234520757, 0.439677130, 0.280421400, 0.229895909, 6.842134814
0.146032237, 0.393922627, 0.925451242, 0.067978640, 0.829550564, 8.727333095
0.930879300, 0.376931944, 0.059944466, 0.925926597, 0.736433775, 26.348464670
0.825914293, 0.515597681, 0.896151864, 0.318783790, 0.986929685, 22.170765050
0.754369047, 0.869732765, 0.856809609, 0.938498974, 0.209747002, 24.538060680
0.055713017, 0.368866806, 0.852229748, 0.959679985, 0.228459896, 14.424663310
0.272497042, 0.404776325, 0.519617498, 0.374779335, 0.919178308, 12.763749980
0.362628960, 0.590341156, 0.951822399, 0.059103187, 0.663722427, 13.662469880
0.694586373, 0.744094063, 0.959116488, 0.694354753, 0.469352355, 23.955948470
0.855752098, 0.552680303, 0.084580177, 0.873245250, 0.352931993, 22.650494310
0.163473644, 0.685988112, 0.300577744, 0.185349306, 0.526863290, 9.255939802
0.487398005, 0.947133425, 0.008690227, 0.558044570, 0.767047391, 25.242623350
0.469790482, 0.023645856, 0.437276716, 0.705955058, 0.395951455, 10.245401480
0.491452137, 0.762768376, 0.359543800, 0.290991551, 0.039352705, 13.848155490
0.553693098, 0.031246932, 0.087450857, 0.066190601, 0.269221497, 3.880657980
0.590389914, 0.430674851, 0.869041807, 0.070911615, 0.634302531, 13.229208640
0.116297516, 0.369227069, 0.390373861, 0.073017925, 0.320365481, 2.408298898
0.327920818, 0.721678135, 0.812289940, 0.710827165, 0.244914770, 18.677945090
0.328590487, 0.298496802, 0.748423070, 0.474298591, 0.297791230, 12.000269140
0.846813799, 0.769648069, 0.925009895, 0.733507239, 0.985916801, 24.494567580
0.631652430, 0.669841337, 0.723096147, 0.738584090, 0.845670619, 21.218584420
0.967742565, 0.411062054, 0.251759789, 0.744212899, 0.126211786, 20.135427250
0.167567215, 0.888943486, 0.525306655, 0.247982466, 0.647122707, 11.414830550
0.446298950, 0.313318217, 0.309534307, 0.147756459, 0.327506430, 8.586384718
0.195853496, 0.688514441, 0.111650116, 0.727117265, 0.229989360, 14.223029040
0.006933296, 0.303224157, 0.175775178, 0.499353535, 0.362390996, 8.577788877
0.481006148, 0.172709160, 0.387991218, 0.673075380, 0.484631260, 11.160299700
0.745488821, 0.657033258, 0.934958400, 0.437775904, 0.608481506, 20.484473360
0.035930078, 0.080623599, 0.015690601, 0.308720241, 0.152814661, 9.733226127
0.972151358, 0.709814578, 0.300293581, 0.394587137, 0.451598331, 16.296222680
0.608443350, 0.733470141, 0.621582543, 0.773478256, 0.541283300, 21.538981530
0.092838384, 0.977092861, 0.240315203, 0.346934467, 0.454726692, 10.557347690
0.400314402, 0.699067025, 0.748578227, 0.998094784, 0.500204400, 21.660026970
0.832038169, 0.658187615, 0.271894887, 0.491009573, 0.416346801, 17.281071420
0.723178009, 0.542554792, 0.641943846, 0.741834812, 0.771019388, 21.265598730
0.136673019, 0.477048239, 0.302084708, 0.985242428, 0.277214244, 14.985401480
0.837944690, 0.666131688, 0.290639010, 0.577045304, 0.373258020, 18.490030280
0.288299589, 0.601589996, 0.426680061, 0.636209188, 0.421762127, 12.447269440
0.697045856, 0.898677955, 0.127527385, 0.657777435, 0.243517219, 19.217397020
0.037020773, 0.792336360, 0.746715992, 0.709087587, 0.160518812, 9.061686377
0.086218271, 0.960969292, 0.890740255, 0.171371307, 0.248929335, 8.708381352
0.932383767, 0.152301048, 0.959919697, 0.582673330, 0.646100545, 17.353484030
0.996731568, 0.112055213, 0.705569279, 0.607217202, 0.691469210, 14.265762630
0.987420164, 0.664753685, 0.757268434, 0.344619921, 0.723573568, 17.502203960
0.525396526, 0.130608036, 0.912849311, 0.304407345, 0.795863017, 12.592344740
0.700399618, 0.835978363, 0.354825135, 0.948979479, 0.138795050, 20.188669880
0.505989769, 0.536843771, 0.554004978, 0.094220660, 0.552431183, 11.027777910
0.833938966, 0.325911077, 0.984015046, 0.223095775, 0.234936353, 13.946846860
0.695712228, 0.801113810, 0.950053053, 0.682360211, 0.670959735, 22.398417480
0.419287179, 0.030711523, 0.829197496, 0.759931968, 0.503186926, 14.968354230
0.348918298, 0.937933590, 0.657111548, 0.703839001, 0.614153159, 17.709813920
0.857952694, 0.164734938, 0.073153304, 0.649924495, 0.119794393, 14.116058510
0.450112456, 0.765760512, 0.745315864, 0.958430530, 0.957566028, 24.308826680
0.836772920, 0.158174021, 0.638384908, 0.789509816, 0.987225107, 19.600636540
0.216189951, 0.412834925, 0.663125318, 0.765079129, 0.053452224, 11.180164980
0.942201261, 0.569909705, 0.294539660, 0.885332553, 0.062325606, 20.352730510
0.036429965, 0.990011217, 0.111492664, 0.180777972, 0.631791522, 8.753545786
0.738857532, 0.531153578, 0.670619135, 0.361850215, 0.942286724, 19.910288430
0.802482941, 0.396292317, 0.198171363, 0.452286913, 0.121095523, 15.040372070
0.968496919, 0.819564145, 0.150798238, 0.200821887, 0.483081477, 12.519610160
0.080477185, 0.577759683, 0.389172660, 0.276018292, 0.986977331, 10.265190900
0.944013637, 0.369259015, 0.704115986, 0.334426268, 0.611705425, 16.673260020
0.506963177, 0.096684415, 0.748968189, 0.827914036, 0.155076877, 11.112183590
0.787533964, 0.582391015, 0.873487711, 0.734133590, 0.137310613, 19.769598380
0.382550848, 0.243202621, 0.704269362, 0.840733442, 0.054461781, 11.640474910
0.621151546, 0.540659514, 0.028418189, 0.306362804, 0.000429891, 16.067851890
0.340844690, 0.647022933, 0.623555606, 0.150929782, 0.492720177, 10.047974250
0.680385608, 0.278380218, 0.183449375, 0.867638674, 0.290739446, 18.030004100
0.718989730, 0.409464958, 0.566681593, 0.591252858, 0.905641579, 17.499595250
0.514877706, 0.825276645, 0.253252699, 0.406087542, 0.397079077, 16.842556500
0.494396668, 0.681002274, 0.334662718, 0.933875696, 0.804534683, 23.430395290
0.430912056, 0.198626691, 0.924061888, 0.423132319, 0.793835089, 14.217000560
0.073270890, 0.804740169, 0.564525260, 0.413909428, 0.215819227, 7.126505082
0.440567893, 0.028608350, 0.173937236, 0.448921893, 0.073234873, 8.413045097
0.237730023, 0.957878557, 0.536637185, 0.525125523, 0.469090185, 12.115080010
0.537565401, 0.641126421, 0.713911269, 0.533903583, 0.678412557, 18.602751980
0.725854314, 0.826540779, 0.668313573, 0.718924818, 0.771965165, 20.580209010
0.235029127, 0.432387504, 0.689006546, 0.944618444, 0.309069322, 15.830168430
0.530334742, 0.628830392, 0.954607107, 0.407725335, 0.481840481, 19.916765430
0.519121416, 0.502755257, 0.770705133, 0.306437360, 0.732636709, 13.987199800
0.956439247, 0.401175940, 0.160231597, 0.845836671, 0.173275455, 21.889450990
0.023186165, 0.922654396, 0.600149282, 0.277422265, 0.775394699, 7.081981875
0.722828607, 0.111071563, 0.045143566, 0.566283928, 0.685783326, 15.114140890
0.999173272, 0.092032150, 0.059071818, 0.355649845, 0.048457356, 12.620697230
0.857342163, 0.168706002, 0.072977152, 0.919933593, 0.879148416, 23.052322340
0.456053481, 0.112559629, 0.659446458, 0.634988445, 0.432847142, 12.497203480
0.572814327, 0.820829734, 0.580144075, 0.806284084, 0.727312987, 21.879793870
0.811999986, 0.863192169, 0.621615763, 0.099730515, 0.664716846, 12.237987430
0.943933771, 0.584889137, 0.407540105, 0.662695994, 0.548686082, 19.761391660
0.429136245, 0.758386882, 0.328896027, 0.299210294, 0.755628669, 15.394547570
0.992996929, 0.434171449, 0.209130182, 0.078846108, 0.558954991, 16.356435460
0.021118023, 0.611435268, 0.117090629, 0.158392533, 0.784396146, 9.182302460
0.133494121, 0.257088995, 0.082348988, 0.960740614, 0.644901207, 19.003866720
0.541158080, 0.924828948, 0.956424029, 0.251718659, 0.340278234, 17.810314640
0.219606072, 0.962564282, 0.555140773, 0.248859475, 0.260231411, 11.882383370
0.695936733, 0.005985921, 0.999061886, 0.998106408, 0.614360737, 18.675612410
0.551209624, 0.641040743, 0.872468471, 0.724183363, 0.416139242, 22.112856840
0.445224054, 0.756757112, 0.322922023, 0.628513890, 0.846236227, 19.150641900
0.758325195, 0.723066760, 0.449972370, 0.389971759, 0.123973373, 13.832505600
0.073826775, 0.264086693, 0.806735212, 0.157842153, 0.379109454, 5.112230382
0.578444575, 0.115496983, 0.507192668, 0.350514544, 0.614664760, 8.422980244
0.965144512, 0.895574977, 0.653171604, 0.009647451, 0.958938550, 9.212674563
0.558434550, 0.597047285, 0.812709822, 0.834489062, 0.728401137, 22.294423830
0.913052139, 0.296379575, 0.955132501, 0.567619669, 0.804097048, 20.312342730
0.276301806, 0.771362777, 0.765158097, 0.828998801, 0.808555575, 19.269783970
0.952039105, 0.187381556, 0.485587291, 0.164108907, 0.924905553, 12.578107010
0.126376508, 0.355013633, 0.800212839, 0.101619019, 0.211713919, 5.897039170
0.994293205, 0.164896879, 0.663575757, 0.188836723, 0.776780108, 10.679284280
0.495886985, 0.317401815, 0.414556464, 0.570357914, 0.696397273, 14.178897330
0.733820751, 0.064917804, 0.769080335, 0.349298630, 0.673167653, 9.276935643
0.810038710, 0.601499014, 0.533140223, 0.181460601, 0.335890566, 13.944995170
0.330049526, 0.627719101, 0.040620732, 0.147535558, 0.158041144, 13.362048910
0.980334925, 0.080626670, 0.045850399, 0.508094381, 0.206245822, 11.679535780
0.872151915, 0.615285114, 0.926433812, 0.717794786, 0.673925011, 23.210954030
0.123258676, 0.734787365, 0.558038121, 0.703708834, 0.335782282, 10.449881840
0.800832799, 0.190242490, 0.582818005, 0.066951485, 0.741862602, 7.905320591
0.208808765, 0.922204838, 0.185037283, 0.462486721, 0.293416150, 13.454488880
0.891997601, 0.519770578, 0.878169984, 0.718740475, 0.961534209, 25.002916640
0.436215868, 0.287366679, 0.439482392, 0.367894694, 0.305120683, 8.282641459
0.666579121, 0.684871966, 0.338900803, 0.556116886, 0.835266399, 21.472762640
0.563816569, 0.453855914, 0.530261185, 0.906427710, 0.237864571, 18.297794820
0.467287852, 0.445319165, 0.690848200, 0.031503816, 0.610299624, 9.086305014
0.239679811, 0.106749144, 0.594674505, 0.509637104, 0.357326617, 8.658540759
0.345449271, 0.868618502, 0.913633427, 0.005213594, 0.414033875, 15.685667050
0.265398613, 0.691105054, 0.554066489, 0.698311722, 0.330749887, 13.680176610
0.111725772, 0.470135881, 0.415812312, 0.904040830, 0.796316358, 15.823783240
0.626057498, 0.722015939, 0.129860034, 0.566717728, 0.946128950, 23.942040930
0.682915699, 0.126409218, 0.676255583, 0.717405652, 0.852234886, 15.628257350
0.299934415, 0.867217906, 0.158385882, 0.719078448, 0.280766822, 18.637301810
0.999718810, 0.449758827, 0.292769936, 0.504872809, 0.567180421, 19.200775370
0.404723739, 0.003164391, 0.288808624, 0.600822877, 0.892802954, 11.553458420
0.951106830, 0.031503912, 0.611248952, 0.287282038, 0.608225675, 8.246709867
0.503023782, 0.407892609, 0.124642947, 0.329706305, 0.256951595, 13.162865360
0.857917989, 0.823892475, 0.659325149, 0.443615010, 0.954335382, 16.795015980
0.438404937, 0.786215169, 0.630506609, 0.416735581, 0.971471003, 18.162183040
0.527532136, 0.104436805, 0.885191621, 0.678239052, 0.197058514, 12.052848180
0.745389943, 0.685954641, 0.971859705, 0.845492724, 0.795368866, 28.590385800
0.802253774, 0.145640116, 0.542904016, 0.071663679, 0.020318979, 6.097057776
0.908447253, 0.071798313, 0.342557958, 0.473037329, 0.910931735, 12.152457730
0.470605163, 0.024629465, 0.097306940, 0.862784494, 0.617844787, 14.849996090
0.400747322, 0.950774746, 0.770111969, 0.480974588, 0.862751483, 20.008992080
0.604295271, 0.995185689, 0.929981108, 0.555792127, 0.645805991, 23.639854850
0.299529207, 0.887673530, 0.053062799, 0.341074887, 0.907787453, 21.132506670
0.818992445, 0.536127042, 0.515010004, 0.124573373, 0.646419951, 14.847168660
0.793937889, 0.475332735, 0.454120682, 0.130545477, 0.298451714, 11.719419610
0.256507486, 0.371347625, 0.216349972, 0.984404067, 0.043666755, 16.444071090
0.396058487, 0.901729897, 0.100642034, 0.616744056, 0.254697853, 22.227833780
0.655418667, 0.078052256, 0.762535495, 0.072425482, 0.501990095, 6.464462637
0.074139334, 0.333722943, 0.704347553, 0.608648730, 0.750505868, 13.090108680
0.006401413, 0.079607970, 0.041198047, 0.817349293, 0.398737695, 14.408271040
0.846819036, 0.821082283, 0.060428739, 0.681976891, 0.906372396, 22.192886230
0.449546746, 0.209920300, 0.838594478, 0.047693463, 0.608824336, 8.162476344
0.015260872, 0.088348387, 0.880832305, 0.865393232, 0.238257017, 13.753729440
0.574985121, 0.140196289, 0.079076629, 0.822899696, 0.909242128, 17.799646160
0.616726053, 0.077891674, 0.185456891, 0.583458072, 0.353056907, 12.436164940
0.632579488, 0.774477124, 0.351159898, 0.952684012, 0.521009425, 22.196416810
0.312421581, 0.503675596, 0.809353908, 0.876060482, 0.001320643, 14.911531410
0.600652860, 0.223060722, 0.890678634, 0.566196410, 0.826270596, 17.583696920
0.779609061, 0.751912779, 0.746728574, 0.832655589, 0.721862559, 21.858971060
0.311100994, 0.534185191, 0.444084528, 0.565471982, 0.711664413, 14.633213260
0.683182269, 0.744394009, 0.904893760, 0.172944777, 0.701983987, 19.173375240
0.970814787, 0.583346949, 0.261711474, 0.479713901, 0.481544999, 18.154348830
0.889666184, 0.622920552, 0.914064134, 0.235187070, 0.983544748, 20.654716440
0.249345684, 0.035291081, 0.805036058, 0.470451521, 0.515713787, 9.813973875
0.380794021, 0.989410211, 0.209011527, 0.913535215, 0.040673041, 22.343799700
0.010122430, 0.623707570, 0.643374001, 0.787394144, 0.209215230, 8.021294976
0.757035077, 0.052819091, 0.947618352, 0.771158352, 0.757504267, 16.384095530
0.040898721, 0.877667663, 0.785441713, 0.034391714, 0.972354045, 6.574744694
0.520084270, 0.958941356, 0.974381692, 0.613927354, 0.591868052, 22.779557370
0.271974583, 0.273707745, 0.295087982, 0.270398259, 0.792631024, 10.918329070
0.033919980, 0.339453175, 0.980962541, 0.244437445, 0.831473753, 11.602559030
0.226416193, 0.844755044, 0.550614920, 0.800453186, 0.462063830, 15.166756580
0.365838209, 0.108376121, 0.573215982, 0.765482144, 0.011458828, 9.939203791
0.718737794, 0.935200208, 0.812571450, 0.475536373, 0.454045087, 18.782386400
0.695290054, 0.654943394, 0.410396137, 0.711791616, 0.716792597, 21.135724850
0.445271826, 0.225930607, 0.075818640, 0.826187003, 0.193880306, 15.564896190
0.401391319, 0.275471598, 0.617892946, 0.537953266, 0.450348916, 8.937239350
0.235446426, 0.530676378, 0.984037803, 0.446588005, 0.152124614, 14.443492540
0.894193160, 0.082351078, 0.981264615, 0.211115100, 0.572726312, 13.044329220
0.396406061, 0.315256698, 0.347357948, 0.613738967, 0.741718630, 15.961056220
0.379624159, 0.500191257, 0.589658456, 0.247027562, 0.269018262, 9.806837250
0.128068164, 0.968765138, 0.453745071, 0.441667611, 0.828933165, 12.149328760
0.523772575, 0.181789697, 0.567943493, 0.984367437, 0.683922608, 16.645625100
0.561255701, 0.303564941, 0.522615976, 0.822826494, 0.190319707, 13.835132450
0.187790286, 0.499726720, 0.027442635, 0.725446958, 0.825902740, 18.634649190
0.352764104, 0.707588013, 0.433203515, 0.703044405, 0.810429211, 17.111562670
0.031331193, 0.914971302, 0.144480610, 0.155393144, 0.327394522, 6.413090705
0.847474247, 0.255903973, 0.444247506, 0.166081921, 0.301868304, 9.237334236
0.521953182, 0.313525691, 0.347136707, 0.440927354, 0.558868374, 12.024332790
0.122866029, 0.878602437, 0.965855962, 0.882732112, 0.523396879, 18.758684100
0.989318017, 0.303575906, 0.630298254, 0.370482719, 0.722107614, 17.090549760
0.938240955, 0.675750492, 0.756909553, 0.820045208, 0.875315864, 25.060895630
0.439693319, 0.439412452, 0.681021078, 0.519332560, 0.576398899, 16.691381810
0.136087487, 0.726540655, 0.567095240, 0.653680859, 0.011045599, 9.068759721
0.786078867, 0.291884498, 0.808981221, 0.215897236, 0.538083790, 14.954144710
0.821574489, 0.894384265, 0.959198404, 0.498851418, 0.431100544, 16.782470140
0.980974978, 0.366586513, 0.457474036, 0.063837584, 0.160235506, 12.018419320
0.592703863, 0.155963214, 0.926046828, 0.917221117, 0.239918418, 16.115759700
0.742630832, 0.588726790, 0.097130288, 0.127882015, 0.140600173, 14.807576430
0.701325559, 0.929637156, 0.177833368, 0.712831417, 0.928668698, 23.455901950
0.063275641, 0.641394621, 0.347904020, 0.976707322, 0.453934523, 13.200938920
0.747083636, 0.319717820, 0.160040797, 0.971994032, 0.164713198, 21.658704830
0.139507919, 0.318595954, 0.142194412, 0.702652052, 0.957133723, 16.796007400
0.785824015, 0.788980947, 0.793205368, 0.281250781, 0.375244896, 15.943673680
0.143746399, 0.944713803, 0.245585265, 0.104210625, 0.663875526, 9.393898253
0.188679149, 0.229247603, 0.652031408, 0.811786878, 0.770260049, 12.666300430
0.764018680, 0.638784802, 0.716864257, 0.535191572, 0.327756492, 18.526748050
0.930755009, 0.156273168, 0.970105708, 0.619482429, 0.148266092, 16.985265970
0.055819849, 0.418063629, 0.014230964, 0.973621982, 0.152809616, 17.632532010
0.524367807, 0.027557759, 0.856076426, 0.737907809, 0.203917666, 11.336696040
0.378723868, 0.658435781, 0.709135645, 0.632493400, 0.929006110, 17.528550940
0.577508646, 0.923741555, 0.277143264, 0.035327113, 0.158904457, 11.404536140
0.765918533, 0.297238225, 0.387938956, 0.159810315, 0.708429493, 12.225453180
0.085152998, 0.498918356, 0.088501302, 0.382614660, 0.869898795, 12.317832830
0.626932092, 0.311407195, 0.541393086, 0.232820973, 0.746107135, 11.518813720
0.048412268, 0.668215907, 0.759747345, 0.689999660, 0.697987849, 12.267199830
0.793837034, 0.484840160, 0.826541931, 0.679634367, 0.900442645, 20.800857680
0.089901741, 0.136325384, 0.062921938, 0.167680153, 0.998113389, 11.288828170
0.782692946, 0.038748150, 0.756908661, 0.811284486, 0.836261081, 15.833397220
0.200968215, 0.920167351, 0.174876741, 0.675799254, 0.235804141, 16.484951150
0.653760626, 0.794436624, 0.373410386, 0.474727283, 0.507969638, 19.942552340
0.889601925, 0.991832159, 0.994959024, 0.703898887, 0.202300738, 15.726831120
0.183550428, 0.860081140, 0.068201228, 0.015585873, 0.280183573, 10.162775100
0.961187482, 0.033592335, 0.121645243, 0.889257095, 0.605257499, 14.832597360
0.047411205, 0.836776036, 0.188780989, 0.229423627, 0.380771693, 7.505254322
0.878136951, 0.394325461, 0.881681380, 0.204160401, 0.270629313, 15.708159260
0.763125770, 0.869516926, 0.737059063, 0.868382671, 0.597539304, 20.511657470
0.828634718, 0.232892988, 0.453366370, 0.722442124, 0.315431667, 16.555139670
0.543182984, 0.811415805, 0.125949820, 0.164512702, 0.890574970, 19.866658590
0.224932468, 0.273095714, 0.284338001, 0.694837815, 0.213508044, 10.112302060
0.762546372, 0.179250415, 0.629656813, 0.070883279, 0.356014568, 7.476887852
0.748510085, 0.328873498, 0.077949555, 0.753905262, 0.314909957, 21.560353430
0.746217644, 0.814811152, 0.471650849, 0.294310511, 0.634852483, 14.800472030
0.732228247, 0.424937825, 0.525710692, 0.216032854, 0.869989912, 13.658829690
0.929657692, 0.379523007, 0.506777455, 0.272716927, 0.564268094, 15.823688040
0.093112285, 0.667079972, 0.603728442, 0.428352735, 0.063536502, 7.442119469
0.694247634, 0.417341894, 0.926071148, 0.156072430, 0.998664269, 15.596516840
0.697375656, 0.137644563, 0.018580869, 0.694046034, 0.437428653, 15.320165150
0.417596361, 0.425183655, 0.939999796, 0.949321592, 0.498685014, 21.991140420
0.315414989, 0.901937848, 0.142931872, 0.945245872, 0.471035269, 23.401585720
0.061805675, 0.204864396, 0.184556334, 0.739083438, 0.749772902, 12.347363990
0.519282797, 0.087675807, 0.275428346, 0.193111446, 0.758841709, 9.282674043
0.957697874, 0.762145834, 0.245557945, 0.835901772, 0.602625523, 21.091239800
0.264299090, 0.892690096, 0.320758397, 0.379542677, 0.699957699, 14.115373560
0.052519947, 0.009726680, 0.737048343, 0.763103210, 0.647951742, 11.759908510
0.469418693, 0.372314500, 0.712027920, 0.037532021, 0.813303754, 11.542470750
0.591904111, 0.301604868, 0.272733945, 0.731402877, 0.318981349, 13.859989740
0.330898784, 0.968284207, 0.730527277, 0.719714251, 0.524981343, 19.548743120
0.901048123, 0.404946963, 0.195453133, 0.756541555, 0.205939960, 18.062704330
0.187086129, 0.584200807, 0.647449508, 0.812942501, 0.119625465, 12.420620940
0.819750141, 0.977465079, 0.895869116, 0.541918045, 0.388448442, 15.685121900
0.570494442, 0.037243696, 0.981664024, 0.133704971, 0.327849210, 10.359558190
0.001211673, 0.111166542, 0.977935861, 0.519413617, 0.372464380, 11.396522000
0.528947240, 0.002169218, 0.515220130, 0.188227140, 0.790071177, 5.862288428
0.701669272, 0.305247376, 0.045803364, 0.046165615, 0.603834348, 11.880817710
0.467808884, 0.562373001, 0.276567017, 0.375998002, 0.887708064, 16.944753470
0.414209257, 0.160437664, 0.869625892, 0.807210191, 0.822615523, 16.552993740
0.089107936, 0.340361645, 0.903037662, 0.944207293, 0.271154705, 14.276760870
0.436313114, 0.242422484, 0.042541288, 0.009318279, 0.726146460, 10.289765590
0.841336174, 0.973893643, 0.820793649, 0.225756867, 0.369513774, 13.636229750
0.380817167, 0.216722275, 0.640791237, 0.422061528, 0.277591453, 8.708954225
0.500359582, 0.242781526, 0.568696825, 0.382843709, 0.119392302, 6.535004446
0.350442193, 0.904100744, 0.384735270, 0.696413413, 0.687453693, 17.101402840
0.635412433, 0.596829951, 0.678275774, 0.557698847, 0.371707875, 17.971816300
0.875136935, 0.931169562, 0.227596091, 0.432535564, 0.143101224, 13.034171460
0.082641266, 0.831203822, 0.464060783, 0.752272881, 0.283287385, 10.019373870
0.024918046, 0.931460005, 0.080039109, 0.275420031, 0.111449833, 8.637497233
0.519317632, 0.429787961, 0.158892582, 0.695373605, 0.475499085, 19.020265570
0.453723281, 0.227671328, 0.171434479, 0.869348282, 0.080805246, 14.598181620
0.166865502, 0.997425798, 0.930090280, 0.627971007, 0.514589235, 19.495978590
0.868292117, 0.708203148, 0.474445347, 0.739075274, 0.669591627, 18.822656650
0.809497400, 0.285294399, 0.087624217, 0.768759468, 0.198063851, 20.002872310
0.831420962, 0.596595652, 0.377224641, 0.934525530, 0.186559707, 20.818633680
0.460966848, 0.366744394, 0.008019001, 0.965933825, 0.647419878, 20.551054810
0.664922660, 0.416767879, 0.288667049, 0.210413824, 0.685489780, 14.418049580
0.465494161, 0.829479612, 0.530591920, 0.154572123, 0.264144290, 14.419864700
0.142980150, 0.419378914, 0.931637471, 0.822932803, 0.234382352, 15.135399760
0.480551317, 0.705812249, 0.993424688, 0.635191512, 0.427162376, 22.053200670
0.366692712, 0.500447979, 0.110932615, 0.680541136, 0.805820423, 20.203585930
0.201806594, 0.153883576, 0.501922093, 0.588201439, 0.937658006, 10.137133000
0.994246505, 0.706250702, 0.299468195, 0.288469396, 0.269260324, 14.538299190
0.163152427, 0.531315830, 0.264090270, 0.841872442, 0.240583492, 14.202088130
0.840473489, 0.501466827, 0.117031230, 0.575039676, 0.675985332, 22.079578640
0.182426286, 0.819879559, 0.248480084, 0.534227481, 0.859413796, 15.997708410
0.336730963, 0.246111863, 0.275936978, 0.188389691, 0.386479226, 7.612976361
0.985327835, 0.115991137, 0.360278629, 0.507743419, 0.759441183, 13.899032190
0.203104513, 0.900748882, 0.466092439, 0.705167627, 0.662594105, 15.521760630
0.806770070, 0.500186648, 0.544399775, 0.761515561, 0.055650987, 16.834386680
0.853798711, 0.368466213, 0.918009690, 0.984494857, 0.935316595, 26.571625080
0.848127148, 0.668047801, 0.108780749, 0.547060616, 0.893634190, 22.792777840
0.992573566, 0.276316563, 0.916293811, 0.132847172, 0.903401688, 15.845262500
0.531199784, 0.124407600, 0.018367922, 0.602691210, 0.241695507, 14.898806610
0.982496938, 0.313756853, 0.617378027, 0.480929818, 0.423074147, 16.264064610
0.214744663, 0.218659458, 0.665861626, 0.638352088, 0.467178880, 11.088210220
0.155760785, 0.938000888, 0.318048384, 0.764503173, 0.396991738, 14.586041880
0.844588799, 0.917918879, 0.092633485, 0.964781404, 0.329493109, 20.614620460
0.934860864, 0.479872369, 0.037863631, 0.070048834, 0.160922688, 16.764665060
0.787216068, 0.460334107, 0.152594597, 0.842860176, 0.941113658, 23.648741450
0.664106519, 0.401448923, 0.841200707, 0.643469846, 0.728680085, 19.403177110
0.031233241, 0.952988091, 0.507367705, 0.069562376, 0.383417764, 4.735364682
0.127244310, 0.877694715, 0.051124401, 0.304065700, 0.440567713, 10.770286820
0.177027277, 0.796218776, 0.875921535, 0.636724693, 0.484534001, 16.973239950
0.926669699, 0.034441366, 0.459980613, 0.680924267, 0.568549199, 12.506871950
0.198124024, 0.987365118, 0.124147284, 0.461800589, 0.554915816, 14.331898950
0.174722834, 0.164281324, 0.618211031, 0.661861757, 0.355642974, 9.863015846
0.203315357, 0.971450889, 0.830507068, 0.621240011, 0.409476305, 13.189745680
0.786622485, 0.630756422, 0.870145029, 0.905653542, 0.634758941, 23.259901990
0.121124298, 0.773054357, 0.378163652, 0.156557330, 0.760862084, 8.544988296
0.934092002, 0.928883209, 0.773323163, 0.018111577, 0.085127333, 5.802540442
0.625028250, 0.613770931, 0.055635805, 0.610570287, 0.622120138, 22.817332930
0.173698764, 0.106889918, 0.977213839, 0.428435106, 0.872506253, 12.617155450
0.110575450, 0.172821670, 0.492948842, 0.461905854, 0.588722584, 6.808470373
0.092120518, 0.926932704, 0.617410617, 0.800999255, 0.825011867, 15.380257790
0.906420014, 0.162280463, 0.967757318, 0.555949532, 0.191684878, 15.222346210
0.143087318, 0.471880592, 0.550624142, 0.891023149, 0.949678077, 14.879345960
0.406605375, 0.482717658, 0.981441539, 0.948682755, 0.224664785, 21.314566430
0.729301705, 0.683367738, 0.565879564, 0.714525724, 0.568463577, 20.237420600
0.682872502, 0.702168552, 0.208671952, 0.578569755, 0.344891769, 20.383848310
0.392227338, 0.276011984, 0.925024153, 0.873532644, 0.175427965, 15.839608480
0.376665566, 0.443847877, 0.241322937, 0.243890036, 0.455373503, 10.858289250
0.135084240, 0.873651829, 0.345934981, 0.638779191, 0.661762376, 13.656275280
0.340569704, 0.946387430, 0.682280530, 0.888408927, 0.275401848, 18.509280230
0.336440904, 0.397443978, 0.508630667, 0.473111864, 0.642939612, 12.964803910
0.722782966, 0.662838820, 0.951375935, 0.674380895, 0.306098173, 22.128542430
0.749790184, 0.900722417, 0.206183295, 0.137468203, 0.286547594, 11.721539020
0.952409287, 0.822931985, 0.226352622, 0.220430208, 0.056396819, 10.550454150
0.197702149, 0.844134039, 0.451724059, 0.593310322, 0.111997575, 12.343496310
0.006923981, 0.211740255, 0.712372419, 0.420853078, 0.409404359, 7.390732514
0.744853846, 0.420950697, 0.368120525, 0.523003291, 0.626648414, 17.615336490
0.163941493, 0.280729793, 0.258625306, 0.170453508, 0.235229466, 5.529560443
0.674360053, 0.101402767, 0.087902336, 0.500172953, 0.409895975, 14.002486840
0.997057331, 0.311378810, 0.262620221, 0.404513706, 0.940434577, 19.454103320
0.967855599, 0.521165184, 0.574595094, 0.309743639, 0.203602005, 15.345939620
0.022065743, 0.918991483, 0.626685257, 0.887231771, 0.714552867, 14.859963410
0.709355501, 0.791698935, 0.486564334, 0.759654374, 0.776932908, 21.253517410
0.153256633, 0.344721409, 0.720287292, 0.152822441, 0.080520884, 4.407622099
0.708293894, 0.365658694, 0.345357002, 0.962444061, 0.374445353, 18.538189000
0.355359989, 0.201775249, 0.846047057, 0.239478410, 0.128787872, 7.005291873
0.195481826, 0.038339425, 0.742817968, 0.426593066, 0.781825556, 10.684851840
0.971534553, 0.652175817, 0.230024336, 0.280331559, 0.347565812, 14.174922070
0.523655533, 0.032320432, 0.630286024, 0.250373241, 0.126924826, 4.650543935
0.189591752, 0.191924623, 0.103053400, 0.298767070, 0.402722139, 7.896092069
0.935937306, 0.051612613, 0.098802168, 0.547414881, 0.372876421, 12.604030330
0.184005965, 0.333911721, 0.558342553, 0.693536675, 0.435013560, 11.718523020
0.584883811, 0.355236015, 0.984232039, 0.354178341, 0.596813273, 18.618628380
0.929456634, 0.404927242, 0.001774361, 0.637325105, 0.381186235, 23.789642640
0.827655687, 0.617833022, 0.949440873, 0.670138426, 0.640808376, 25.339730150
0.553318090, 0.348291759, 0.784691472, 0.666277506, 0.722711993, 18.013588590
0.965806248, 0.394492070, 0.517951087, 0.008951021, 0.119308197, 9.008649642
0.674029522, 0.855267179, 0.790289484, 0.644353847, 0.410459770, 19.933680450
0.807578011, 0.434973337, 0.084474427, 0.834670224, 0.507598962, 23.162144370
0.605954412, 0.289611647, 0.487314589, 0.127905124, 0.367551806, 9.263458461
0.217310411, 0.416874686, 0.337622857, 0.005402645, 0.270699443, 4.527822193
0.149639180, 0.817713201, 0.972676002, 0.862340707, 0.259406119, 18.441252190
0.796389209, 0.549745433, 0.261227440, 0.726016421, 0.418596574, 20.142751540
0.984296528, 0.987529428, 0.737840090, 0.538851618, 0.273062517, 8.383071106
0.178796595, 0.172682182, 0.123033434, 0.522684906, 0.499786478, 11.818843540
0.535193449, 0.346194305, 0.185591713, 0.907537777, 0.139836210, 16.719000020
0.136720688, 0.945200475, 0.025196540, 0.666546613, 0.365608841, 16.672270430
0.667080621, 0.610101201, 0.015223263, 0.718996650, 0.477431206, 24.893595500
0.511552079, 0.164290367, 0.707018040, 0.835493144, 0.589491985, 14.191031020
0.891769048, 0.275150939, 0.468694684, 0.261815969, 0.505957467, 11.367370100
0.807353323, 0.228314773, 0.490708806, 0.462511703, 0.538766762, 12.165942650
0.103704503, 0.693246341, 0.583643147, 0.170670906, 0.370295317, 6.155213234
0.309811484, 0.869915904, 0.655416166, 0.053489547, 0.532165343, 9.301524115
0.712063066, 0.382699168, 0.699855671, 0.493870718, 0.515645506, 15.017520340
0.960190309, 0.240356082, 0.748404443, 0.291363635, 0.693582980, 12.842872040
0.387240368, 0.298983460, 0.527885452, 0.574349942, 0.902104506, 12.549403680
0.057977154, 0.604955763, 0.481875069, 0.706384063, 0.609209366, 12.854190380
0.004940657, 0.733514722, 0.059410167, 0.678579774, 0.543287868, 13.711128850
0.936836407, 0.881677757, 0.168581260, 0.847877369, 0.214965001, 17.095737470
0.283226000, 0.773870337, 0.391907649, 0.136346424, 0.269560731, 8.189885665
0.964269598, 0.303049910, 0.464489875, 0.966393534, 0.162229190, 21.319897550
0.514476390, 0.883955857, 0.541795776, 0.187641679, 0.040254545, 12.490242230
0.487778977, 0.688656675, 0.508529272, 0.477311962, 0.892103695, 14.814040590
0.227533817, 0.820939591, 0.659046550, 0.707494813, 0.517886706, 16.545192650
0.566958812, 0.313816070, 0.198953997, 0.138531194, 0.726184541, 12.271240820
0.583207559, 0.892761865, 0.025603404, 0.662359421, 0.243202237, 23.258277060
0.733211810, 0.084517791, 0.260555192, 0.123872001, 0.758248214, 9.693465454
0.021109642, 0.529123560, 0.733807685, 0.936596931, 0.529782861, 14.657417940
0.144783367, 0.128770996, 0.871283085, 0.082503292, 0.476162237, 6.891852019
0.490446429, 0.885707220, 0.741938496, 0.789297998, 0.906965636, 24.534575280
0.272446428, 0.907698338, 0.716705056, 0.971686738, 0.146778480, 17.486367070
0.851336771, 0.189755494, 0.800037169, 0.376359861, 0.441518458, 13.683656350
0.765091653, 0.176453043, 0.156660103, 0.770200110, 0.346606887, 16.375110990
0.347078638, 0.870633857, 0.706438828, 0.147060158, 0.489136122, 13.031322400
0.816265634, 0.756113612, 0.003112001, 0.774285777, 0.471940206, 23.301042430
0.223955849, 0.681722949, 0.412408452, 0.474734244, 0.576340976, 12.542790400
0.318341723, 0.645392065, 0.606798487, 0.579269742, 0.219458361, 14.552201720
0.641468775, 0.076169285, 0.269877336, 0.676642587, 0.518170711, 11.747742140
0.600923753, 0.883506272, 0.126423394, 0.815483279, 0.072606506, 22.149548290
0.676814571, 0.207230733, 0.424354576, 0.797619586, 0.633282299, 16.425700670
0.166783272, 0.189836789, 0.598429724, 0.389644472, 0.909682984, 11.796646360
0.411998011, 0.443789420, 0.667225462, 0.032589693, 0.274698285, 9.116009577
0.958304826, 0.723019274, 0.983621271, 0.355833216, 0.849344833, 19.633725660
0.984867414, 0.594201138, 0.860705311, 0.198182589, 0.562532024, 17.334906230
0.170225242, 0.993432684, 0.713720012, 0.655568657, 0.551109143, 14.275138600
0.215567295, 0.297733613, 0.253144385, 0.342327471, 0.209415213, 8.717971319
0.238599333, 0.495379381, 0.332232018, 0.061979962, 0.916533591, 9.246902424
0.596023917, 0.762219688, 0.970879791, 0.221756118, 0.078157055, 18.072815140
0.640609220, 0.634481283, 0.452011278, 0.414092508, 0.013848486, 14.247690660
0.979529213, 0.167729039, 0.478219664, 0.806646545, 0.287045694, 14.256972950
0.455978497, 0.376150649, 0.386853249, 0.497087536, 0.108020536, 9.151690401
0.955603662, 0.194893022, 0.255696206, 0.403765532, 0.592620135, 12.889022480
0.560806920, 0.896086117, 0.673084145, 0.570712788, 0.181621885, 16.679440490
0.132869230, 0.120030619, 0.032039723, 0.873444403, 0.308808200, 16.221275550
0.271902127, 0.562117798, 0.770219072, 0.532832915, 0.163386344, 15.320214200
0.750993356, 0.717071385, 0.569401687, 0.305293008, 0.493955905, 15.073410100
0.992207680, 0.682948275, 0.446333159, 0.649280848, 0.798535687, 17.683368730
0.206105640, 0.374821301, 0.331322495, 0.129546596, 0.488442077, 6.032721035
0.580976992, 0.986368095, 0.332388881, 0.602530652, 0.664857837, 20.269937090
0.520712418, 0.127981513, 0.117762760, 0.759397831, 0.257425497, 15.260096730
0.468462632, 0.982832937, 0.613598327, 0.360499389, 0.675823019, 17.348072530
0.258716893, 0.069932926, 0.022596127, 0.127891491, 0.233660319, 5.549913266
0.597556754, 0.816211819, 0.227604969, 0.519729783, 0.477526294, 20.774509460
0.714726199, 0.537325488, 0.284947191, 0.677692527, 0.829631387, 20.702968180
0.670317194, 0.396489628, 0.135964816, 0.521783555, 0.647618295, 18.703601600
0.595677775, 0.362750840, 0.787330675, 0.585887682, 0.214248440, 13.375426490
0.158210410, 0.995766228, 0.631449076, 0.672704480, 0.842023700, 15.899360510
0.826220987, 0.527643915, 0.202213268, 0.147830726, 0.056890167, 13.800432030
0.081014022, 0.850041411, 0.468024605, 0.680976356, 0.080118236, 9.116547934
0.652874344, 0.090260351, 0.658229505, 0.683295470, 0.856134308, 14.645462180
0.398753780, 0.372203450, 0.621408453, 0.063748273, 0.283118589, 7.021060041
0.016499186, 0.249837486, 0.865277752, 0.104132974, 0.901266170, 7.149591811
0.607907000, 0.465978319, 0.584401245, 0.615956549, 0.520591041, 16.536220420
0.548106134, 0.161670937, 0.981603345, 0.537777411, 0.723283913, 18.310894750
0.963935375, 0.020642144, 0.937825768, 0.598197399, 0.107978169, 10.151333620
0.928351480, 0.551208815, 0.633103144, 0.917308925, 0.102280727, 18.337624400
0.976508974, 0.505960077, 0.245245435, 0.766743877, 0.402945918, 22.651771900
0.362668617, 0.979813764, 0.962306576, 0.024205617, 0.934690272, 18.109135750
0.602370235, 0.089409571, 0.302720430, 0.228674405, 0.022656705, 4.769197650
0.620926856, 0.333980654, 0.235328507, 0.372594857, 0.465413081, 13.214073390
0.345690531, 0.238030864, 0.912445832, 0.341847557, 0.496187827, 9.103478771
0.701402673, 0.686975015, 0.992953375, 0.006418242, 0.244878057, 16.205775150
0.022460799, 0.798837431, 0.593734763, 0.280432182, 0.335789289, 4.698951751
0.035629264, 0.126330403, 0.902212766, 0.842905526, 0.386497712, 11.803168850
0.579044559, 0.007940875, 0.198658816, 0.239555003, 0.881009452, 9.504497587
0.376733074, 0.106851395, 0.598874165, 0.754502690, 0.182248357, 11.324043600
0.686496330, 0.291786476, 0.846312421, 0.845615510, 0.001251448, 15.800134470
0.115057276, 0.188838252, 0.791796505, 0.444802437, 0.616055988, 9.087926646
0.676781853, 0.885904151, 0.675996340, 0.171380255, 0.336812687, 13.716991750
0.279818401, 0.307845189, 0.558923762, 0.401596552, 0.291064012, 6.463038454
0.952658132, 0.266841294, 0.859671702, 0.047111099, 0.889429965, 15.070361880
0.471898016, 0.721747020, 0.488811446, 0.828534203, 0.245735969, 19.693663710
0.118373838, 0.760787244, 0.902849590, 0.097152522, 0.346243661, 9.818658957
0.841738875, 0.928823009, 0.182095687, 0.573065532, 0.287912957, 16.716662630
0.333399485, 0.527669244, 0.450976033, 0.246950171, 0.508954210, 9.110224319
0.625721395, 0.421148868, 0.314361707, 0.557650295, 0.894876801, 19.749972700
0.600535058, 0.066129560, 0.669737890, 0.707139862, 0.031915700, 10.351713640
0.963371695, 0.484741991, 0.862420065, 0.038781210, 0.081589050, 13.485897050
0.087329075, 0.870172208, 0.172580408, 0.123510460, 0.207553837, 6.609560509
0.370773338, 0.576277447, 0.832130532, 0.565285024, 0.875547344, 19.226318780
0.726268031, 0.889660090, 0.563071896, 0.140422463, 0.300336136, 12.286698550
0.727432410, 0.325024266, 0.274643514, 0.485277700, 0.123620424, 12.421103350
0.941882595, 0.440291357, 0.312740477, 0.635550489, 0.952683622, 20.835713800
0.341036813, 0.533865794, 0.307294215, 0.147816153, 0.913766969, 12.723041470
0.341164745, 0.790282812, 0.578824069, 0.842510432, 0.506280965, 18.722393930
0.304962425, 0.247306564, 0.009096391, 0.546987010, 0.170752015, 15.050502830
0.985775037, 0.507968614, 0.971088165, 0.268194637, 0.150853633, 16.069921770
0.650237693, 0.195706725, 0.247077521, 0.759665245, 0.883696331, 16.593502860
0.018420799, 0.121995473, 0.328866436, 0.008591597, 0.589397388, 1.817550302
0.810636175, 0.469199120, 0.215886446, 0.432109584, 0.959551615, 19.651538090
0.694050628, 0.482548051, 0.315731312, 0.008539367, 0.076446688, 10.669678050
0.325949870, 0.365003278, 0.908522098, 0.806848124, 0.266754466, 15.273702930
0.270700499, 0.760927989, 0.285109293, 0.269688741, 0.824450846, 14.155048280
0.392023998, 0.279008684, 0.355609216, 0.649434837, 0.310862078, 13.667864130
0.439875686, 0.230437535, 0.338356808, 0.213541653, 0.403901146, 8.158971721
0.824027011, 0.980605494, 0.737881138, 0.941980628, 0.403071331, 17.295402890
0.855984425, 0.834364698, 0.507021683, 0.671278228, 0.834806157, 18.179900440
0.566332550, 0.163300795, 0.988431032, 0.592491888, 0.074156573, 16.349047440
0.152666613, 0.550129973, 0.037788316, 0.330379738, 0.870737699, 13.797352470
0.630311385, 0.499441759, 0.228838092, 0.630227011, 0.670803726, 20.437913730
0.313815217, 0.190572545, 0.824288992, 0.553521010, 0.341162264, 11.047573290
0.782135288, 0.561987665, 0.492184560, 0.955894466, 0.050876777, 19.713098600
0.433284593, 0.499317833, 0.011763717, 0.742791589, 0.167519885, 20.381122180
0.989413335, 0.239692233, 0.228751749, 0.782255415, 0.741758812, 19.650584600
0.306368106, 0.052493084, 0.745901011, 0.705156148, 0.549861418, 12.188740780
0.997937898, 0.959426957, 0.743471990, 0.849740503, 0.512804735, 12.898209970
0.022392628, 0.129327781, 0.339462870, 0.076170745, 0.284211866, 1.999975073
0.067325052, 0.410659611, 0.299369239, 0.316623684, 0.772522847, 9.941893893
0.986910952, 0.663788982, 0.282916764, 0.736862734, 0.940234279, 24.772758250
0.945272054, 0.728170658, 0.575359221, 0.814238570, 0.848323851, 20.103247630
0.690155657, 0.230033221, 0.367587989, 0.292967796, 0.448049353, 8.358575141
0.950178894, 0.918247788, 0.322853691, 0.957424716, 0.079461278, 15.168337830
0.289369775, 0.111883162, 0.015865656, 0.027932287, 0.534318879, 9.024625854
0.596590424, 0.325878186, 0.660993509, 0.828579662, 0.692189710, 17.198033210
0.332616048, 0.833535594, 0.364399699, 0.980771809, 0.371259431, 19.631995680
0.406454860, 0.004505338, 0.458250203, 0.686575222, 0.066579661, 6.287360779
0.210663175, 0.134372963, 0.888195320, 0.177559946, 0.027557946, 5.926881090
0.288278403, 0.393519548, 0.966807616, 0.228922000, 0.454288594, 12.659416640
0.651198858, 0.635306616, 0.557601121, 0.411940476, 0.878741048, 18.113316120
0.563553103, 0.866356350, 0.697036401, 0.805824034, 0.209164906, 19.578891420
0.847760156, 0.063817730, 0.965255288, 0.983509854, 0.261605228, 18.556955520
0.039560427, 0.734281914, 0.594001454, 0.899610703, 0.288039995, 11.694991440
0.266796132, 0.416135488, 0.077953957, 0.797142428, 0.947112428, 17.387814810
0.812680032, 0.541916589, 0.374145765, 0.696882046, 0.289903178, 18.361672290
0.834279104, 0.666404381, 0.968756173, 0.365699153, 0.742708892, 21.771760680
0.762754600, 0.224252710, 0.597188464, 0.199230543, 0.854489811, 10.886845970
0.129402068, 0.069039302, 0.246315697, 0.277791751, 0.404111200, 6.381895356
0.548029942, 0.413383545, 0.051123134, 0.291625666, 0.266992933, 15.326112010
0.786517334, 0.598067374, 0.831002944, 0.491244410, 0.722677398, 22.686704520
0.914466732, 0.189104986, 0.411397800, 0.549120651, 0.125239568, 10.113554160
0.062523274, 0.252403755, 0.068608612, 0.016504580, 0.302809528, 7.154674940
0.088032510, 0.778604657, 0.887667887, 0.997648789, 0.120084284, 15.089249960
0.219312282, 0.077246134, 0.845613298, 0.979530403, 0.179411338, 14.281374720
0.696481734, 0.358437482, 0.425834333, 0.330313732, 0.222490899, 11.094962050
0.629422662, 0.771288352, 0.034230970, 0.393681162, 0.554015495, 21.981043890
0.052707712, 0.853762347, 0.011339209, 0.573701099, 0.529824847, 15.445364230
0.044367632, 0.945838454, 0.290788166, 0.041905374, 0.764005912, 5.984382867
0.605152048, 0.409591375, 0.808216847, 0.708978821, 0.092323719, 17.219195150
0.106145987, 0.671062669, 0.717803214, 0.756689189, 0.655855366, 14.062632570
0.131944387, 0.037152450, 0.085539662, 0.296344358, 0.609265728, 11.150514030
0.026835988, 0.767560269, 0.420728074, 0.181740850, 0.088214407, 2.216392715
0.021178713, 0.207466521, 0.740025405, 0.000829931, 0.362075250, 2.931041885
0.136633358, 0.087537947, 0.921502137, 0.283813521, 0.543916625, 10.088261030
0.196529080, 0.323418844, 0.507795410, 0.270052291, 0.394877162, 5.671471336
0.966876529, 0.905722280, 0.309834823, 0.099123762, 0.705795348, 9.720212862
0.594025144, 0.132270048, 0.235464156, 0.704801511, 0.066970474, 9.703866653
0.963068456, 0.506634302, 0.866810022, 0.152549854, 0.403438675, 17.271904030
0.710009262, 0.212290078, 0.112185168, 0.981858414, 0.042809130, 19.006265930
0.382014627, 0.976982933, 0.160707309, 0.517808792, 0.611476665, 18.082241900
0.939139037, 0.495810128, 0.562593504, 0.442128199, 0.352367434, 16.253112000
0.256045800, 0.837123987, 0.606006172, 0.797945513, 0.834213112, 16.588305530
0.064983871, 0.417926933, 0.671731461, 0.286009469, 0.110320006, 4.128628241
0.193170430, 0.338118362, 0.871764046, 0.806026189, 0.194531924, 14.707368330
0.383417531, 0.754896936, 0.054136347, 0.884389890, 0.804436278, 24.836867510
0.315697588, 0.677338511, 0.352844909, 0.501174846, 0.249487386, 12.680139020
0.244395056, 0.415172809, 0.623483184, 0.439676980, 0.278945853, 8.112188144
0.237429384, 0.005309439, 0.355331948, 0.926386908, 0.257149889, 12.215084780
0.976892291, 0.270520637, 0.994507629, 0.270756183, 0.307795537, 17.310703230
0.891810959, 0.686751996, 0.802675802, 0.290381785, 0.050840398, 14.566236800
0.108199881, 0.842358312, 0.012308204, 0.090199079, 0.056479970, 9.298347874
0.024619648, 0.000893145, 0.982904395, 0.315392523, 0.681291088, 12.061703310
0.303017889, 0.150015720, 0.515708837, 0.987817672, 0.568688041, 14.760484740
0.487727325, 0.181389201, 0.634666005, 0.266165755, 0.225208680, 6.682119094
0.316728738, 0.804258644, 0.835465660, 0.319574595, 0.753424383, 16.319527450
0.005622506, 0.429959927, 0.847766931, 0.130351691, 0.395279459, 5.294451700
0.304709726, 0.765541218, 0.591629792, 0.607510350, 0.570472256, 15.888087610
0.700499157, 0.813544870, 0.035490404, 0.762581405, 0.523309215, 25.833377110
0.049774196, 0.043701107, 0.399898356, 0.613085723, 0.326209738, 7.813881001
0.257792313, 0.989635732, 0.423848010, 0.822631719, 0.277436282, 18.100857180
0.642342908, 0.661024607, 0.133988575, 0.113122829, 0.190629575, 14.074422290
0.533103344, 0.819271655, 0.278253654, 0.940462952, 0.497978053, 22.908542350
0.748475161, 0.985885967, 0.597407014, 0.345612538, 0.472061969, 14.361379170
0.148602435, 0.635838990, 0.786052132, 0.029312947, 0.093775809, 6.943964768
0.487791373, 0.810400841, 0.157982797, 0.760375476, 0.858878523, 22.818486940
0.727191875, 0.962733934, 0.221291857, 0.518656101, 0.932891155, 19.366203980
0.252185631, 0.926410734, 0.491148100, 0.776818822, 0.348982621, 15.471964500
0.561718532, 0.849029947, 0.534438640, 0.933205951, 0.226973369, 20.108957430
0.582632439, 0.244511431, 0.558090885, 0.221911796, 0.607076024, 10.994528360
0.954561717, 0.961944893, 0.472121660, 0.918154533, 0.406998295, 13.214072410
0.796846221, 0.038065659, 0.054167884, 0.194114316, 0.608022711, 9.412524234
0.775131535, 0.778135779, 0.282810808, 0.696271908, 0.297737193, 17.842202140
0.659555095, 0.701910919, 0.678460795, 0.374797223, 0.094855042, 14.311459040
0.464760237, 0.621617700, 0.118762548, 0.578312113, 0.814590283, 20.333352150
0.706902528, 0.701051445, 0.237564272, 0.330044476, 0.578129629, 17.126190030
0.188537753, 0.840594810, 0.692954592, 0.718370621, 0.329190933, 14.183011310
0.165617141, 0.737266484, 0.905468933, 0.821718490, 0.308614611, 15.242174360
0.985116588, 0.041340310, 0.214507944, 0.893844551, 0.658658609, 15.251976910
0.467531462, 0.837819603, 0.437643659, 0.309704310, 0.817359684, 14.678935490
0.436274935, 0.867468321, 0.617706907, 0.710864299, 0.609606083, 20.660612400
0.539523787, 0.874441727, 0.103525478, 0.935050866, 0.345883762, 27.107689530
0.625885814, 0.035910243, 0.885819885, 0.848418962, 0.533948878, 15.502766800
0.611408651, 0.855688547, 0.928548012, 0.481348465, 0.534596891, 21.264907130
0.248283344, 0.602045717, 0.902310398, 0.801742163, 0.121105138, 15.932787520
0.667499263, 0.721593505, 0.981142928, 0.016026471, 0.607293985, 18.262026480
0.992320158, 0.787598977, 0.220884980, 0.522719656, 0.841071403, 15.894048310
0.448830118, 0.171920065, 0.638288591, 0.843578678, 0.997520276, 15.982036930
0.354615935, 0.894421568, 0.325543609, 0.375113764, 0.203599869, 14.289779150
0.048725736, 0.746776077, 0.299181742, 0.475218290, 0.330153641, 9.244821373
0.673717547, 0.791355056, 0.109333761, 0.978190130, 0.016593776, 21.842059570
0.838330762, 0.457736800, 0.644438276, 0.239636600, 0.682377924, 14.429591660
0.135356122, 0.543800290, 0.873979720, 0.566158447, 0.453430990, 13.103621060
0.726087806, 0.119669136, 0.481908365, 0.033378363, 0.020225654, 2.148753939
0.842595070, 0.337512466, 0.921256791, 0.874273038, 0.446830187, 22.832261370
0.558253592, 0.819850374, 0.961854831, 0.587625448, 0.280851928, 18.933757980
0.730998395, 0.346559579, 0.772951666, 0.369635400, 0.400587729, 16.059072160
0.012879479, 0.700688598, 0.674048764, 0.044236834, 0.661271400, 5.235463824
0.521252440, 0.431536699, 0.333249992, 0.059496745, 0.528856004, 11.428642380
0.071299663, 0.445314572, 0.645742243, 0.045897671, 0.972349855, 7.432558696
0.614326254, 0.509469168, 0.708029497, 0.769020228, 0.758983634, 20.633351950
0.115425356, 0.803747898, 0.819437991, 0.911834526, 0.338205328, 15.510281900
0.045627302, 0.317064835, 0.105071365, 0.117199101, 0.223694048, 5.348142259
0.521595545, 0.801170492, 0.506732998, 0.836100705, 0.556350173, 20.321975500
0.013624108, 0.013694942, 0.709353322, 0.770298892, 0.316741630, 9.532768339
0.569649675, 0.740784032, 0.451307252, 0.499850029, 0.238466119, 14.924524320
0.531482014, 0.896183806, 0.632489002, 0.885812199, 0.772936932, 24.642798850
0.045625603, 0.300375693, 0.201008540, 0.316202423, 0.635320564, 6.509025079
0.519304033, 0.296236916, 0.554075913, 0.790865746, 0.303816117, 15.034957090
0.765876717, 0.886565632, 0.172394697, 0.299645177, 0.026612906, 15.322114800
0.760732994, 0.370057288, 0.543953796, 0.381559348, 0.505688184, 14.624249710
0.795746843, 0.241068393, 0.744019535, 0.227178031, 0.326771162, 12.298502950
0.706888044, 0.558811153, 0.295662271, 0.910485704, 0.091423586, 18.507824880
0.859642219, 0.757555186, 0.160809529, 0.521708985, 0.915265512, 20.545280990
0.902896861, 0.561397288, 0.694091459, 0.883549117, 0.547205080, 23.928884860
0.010139130, 0.787718719, 0.396869310, 0.864817754, 0.586484332, 12.457985250
