@relation Friedman_Benchmark_problem
@attribute input1 real [0.001211673, 0.99971881]
@attribute input2 real [1.60284E-4, 0.999677453]
@attribute input3 real [6.54566E-4, 0.999061886]
@attribute input4 real [2.12289E-4, 0.999480216]
@attribute input5 real [4.29891E-4, 0.999539431]
@attribute output real [0.664014955, 28.5903858]
@inputs input1, input2, input3, input4, input5
@outputs output
@data
0.330049526, 0.627719101, 0.040620732, 0.147535558, 0.158041144, 13.362048910
0.552924003, 0.477958087, 0.237698278, 0.646116007, 0.716632355, 19.364633970
0.304709726, 0.765541218, 0.591629792, 0.607510350, 0.570472256, 15.888087610
0.087329075, 0.870172208, 0.172580408, 0.123510460, 0.207553837, 6.609560509
0.582632439, 0.244511431, 0.558090885, 0.221911796, 0.607076024, 10.994528360
0.392723740, 0.151174656, 0.897623245, 0.769212230, 0.644638571, 18.991886510
0.490243588, 0.893600516, 0.261996483, 0.278784858, 0.157419884, 13.779304130
0.567270049, 0.370475062, 0.646909315, 0.507712582, 0.456596834, 13.170114570
0.519121416, 0.502755257, 0.770705133, 0.306437360, 0.732636709, 13.987199800
0.837944690, 0.666131688, 0.290639010, 0.577045304, 0.373258020, 18.490030280
0.578030646, 0.050298665, 0.194514915, 0.542311056, 0.248207378, 10.334950150
0.985327835, 0.115991137, 0.360278629, 0.507743419, 0.759441183, 13.899032190
0.716290015, 0.895567042, 0.575246335, 0.705587494, 0.786106008, 19.865429460
0.082641266, 0.831203822, 0.464060783, 0.752272881, 0.283287385, 10.019373870
0.546379333, 0.202756063, 0.478624023, 0.777858854, 0.563128945, 16.596848860
0.964269598, 0.303049910, 0.464489875, 0.966393534, 0.162229190, 21.319897550
0.350201925, 0.544432052, 0.078505593, 0.214754806, 0.318275596, 14.851121240
0.810716912, 0.262116166, 0.454194418, 0.854706083, 0.279769507, 15.181592680
0.750990239, 0.686462903, 0.963499423, 0.739162516, 0.526401369, 22.636438360
0.728502196, 0.831395515, 0.346678641, 0.942261580, 0.162308601, 20.350179930
0.267420537, 0.548423201, 0.275587474, 0.755913221, 0.035072033, 14.338394700
0.800832799, 0.190242490, 0.582818005, 0.066951485, 0.741862602, 7.905320591
0.527532136, 0.104436805, 0.885191621, 0.678239052, 0.197058514, 12.052848180
0.116757566, 0.887383580, 0.205468917, 0.121564385, 0.095153360, 6.846979910
0.341036813, 0.533865794, 0.307294215, 0.147816153, 0.913766969, 12.723041470
0.093112285, 0.667079972, 0.603728442, 0.428352735, 0.063536502, 7.442119469
0.519317632, 0.429787961, 0.158892582, 0.695373605, 0.475499085, 19.020265570
0.616992850, 0.698109682, 0.346514653, 0.331735635, 0.187002838, 16.114306330
0.605954412, 0.289611647, 0.487314589, 0.127905124, 0.367551806, 9.263458461
0.357083622, 0.129579412, 0.810736250, 0.452043150, 0.727107602, 11.824655010
0.158721125, 0.011496923, 0.122606313, 0.327931431, 0.825913608, 10.553008370
0.131402473, 0.715015106, 0.374679535, 0.939044162, 0.564041990, 15.370977500
0.064983871, 0.417926933, 0.671731461, 0.286009469, 0.110320006, 4.128628241
0.294472299, 0.223775207, 0.907630692, 0.052349484, 0.335608547, 7.130714562
0.136720688, 0.945200475, 0.025196540, 0.666546613, 0.365608841, 16.672270430
0.089107936, 0.340361645, 0.903037662, 0.944207293, 0.271154705, 14.276760870
0.535193449, 0.346194305, 0.185591713, 0.907537777, 0.139836210, 16.719000020
0.660734048, 0.280407853, 0.096852241, 0.397190396, 0.018209117, 12.290901090
0.932878420, 0.010287868, 0.248479856, 0.531990661, 0.891606245, 13.366628360
0.831420962, 0.596595652, 0.377224641, 0.934525530, 0.186559707, 20.818633680
0.206465689, 0.910855862, 0.726745059, 0.574554120, 0.907339802, 17.114836880
0.426944954, 0.237723010, 0.889008333, 0.162165466, 0.838366866, 10.730170000
0.994246505, 0.706250702, 0.299468195, 0.288469396, 0.269260324, 14.538299190
0.248700099, 0.694994780, 0.755057985, 0.635797699, 0.380529018, 15.372566310
0.961788884, 0.939957716, 0.536051847, 0.776516100, 0.375942337, 14.077535910
0.851719282, 0.946391981, 0.726973345, 0.816547944, 0.528688152, 16.593796210
0.992573566, 0.276316563, 0.916293811, 0.132847172, 0.903401688, 15.845262500
0.583207559, 0.892761865, 0.025603404, 0.662359421, 0.243202237, 23.258277060
0.142980150, 0.419378914, 0.931637471, 0.822932803, 0.234382352, 15.135399760
0.026835988, 0.767560269, 0.420728074, 0.181740850, 0.088214407, 2.216392715
0.912897425, 0.776935729, 0.497122874, 0.455074815, 0.501082266, 13.260701400
0.635943127, 0.808775842, 0.198873699, 0.349926703, 0.841480572, 19.133090330
0.780143926, 0.004820877, 0.557158238, 0.062379016, 0.835640930, 4.826842507
0.163473644, 0.685988112, 0.300577744, 0.185349306, 0.526863290, 9.255939802
0.810636175, 0.469199120, 0.215886446, 0.432109584, 0.959551615, 19.651538090
0.256045800, 0.837123987, 0.606006172, 0.797945513, 0.834213112, 16.588305530
0.846813799, 0.769648069, 0.925009895, 0.733507239, 0.985916801, 24.494567580
0.757035077, 0.052819091, 0.947618352, 0.771158352, 0.757504267, 16.384095530
0.226413261, 0.815961944, 0.773574291, 0.484440355, 0.900050364, 15.913876000
0.701669272, 0.305247376, 0.045803364, 0.046165615, 0.603834348, 11.880817710
0.355359989, 0.201775249, 0.846047057, 0.239478410, 0.128787872, 7.005291873
0.945272054, 0.728170658, 0.575359221, 0.814238570, 0.848323851, 20.103247630
0.380547997, 0.573204285, 0.650608093, 0.833412437, 0.154872703, 15.543095960
0.897527548, 0.829371341, 0.467264105, 0.212098406, 0.229768402, 10.130999110
0.652874344, 0.090260351, 0.658229505, 0.683295470, 0.856134308, 14.645462180
0.596023917, 0.762219688, 0.970879791, 0.221756118, 0.078157055, 18.072815140
0.602370235, 0.089409571, 0.302720430, 0.228674405, 0.022656705, 4.769197650
0.016823425, 0.434188425, 0.375844920, 0.384287485, 0.298714829, 6.214250564
0.980334925, 0.080626670, 0.045850399, 0.508094381, 0.206245822, 11.679535780
0.033919980, 0.339453175, 0.980962541, 0.244437445, 0.831473753, 11.602559030
0.835029529, 0.036326592, 0.974787504, 0.599407633, 0.993687429, 16.295619890
0.559078081, 0.917156068, 0.601074479, 0.363780755, 0.902125726, 17.597202960
0.235653009, 0.559526605, 0.322117334, 0.725667622, 0.993045221, 15.073051140
0.075873356, 0.363556557, 0.700271098, 0.573777889, 0.283971720, 6.973249846
0.868292117, 0.708203148, 0.474445347, 0.739075274, 0.669591627, 18.822656650
0.122858289, 0.802585406, 0.402601184, 0.157555809, 0.566927405, 7.472131214
0.644179455, 0.697752430, 0.837943861, 0.657990749, 0.338469302, 21.694164670
0.019084698, 0.642149379, 0.760381417, 0.917219458, 0.223625393, 11.380109510
0.107831203, 0.221571757, 0.267548798, 0.808068393, 0.251011241, 10.766144140
0.439676518, 0.274407615, 0.168516277, 0.209686224, 0.539731970, 8.473425098
0.888273282, 0.943225266, 0.626667199, 0.709884059, 0.982673154, 16.881568990
0.149481000, 0.264223591, 0.151209728, 0.242066470, 0.546128003, 7.960097505
0.743846533, 0.528126141, 0.938154910, 0.830695632, 0.473128939, 22.505809140
0.019052036, 0.321368622, 0.372566244, 0.184408928, 0.291411817, 5.959279973
0.380794021, 0.989410211, 0.209011527, 0.913535215, 0.040673041, 22.343799700
0.517044967, 0.109949497, 0.025341640, 0.091577305, 0.592042513, 9.923715370
0.999718810, 0.449758827, 0.292769936, 0.504872809, 0.567180421, 19.200775370
0.436781784, 0.845225149, 0.167516954, 0.395335885, 0.805057665, 19.596196220
0.036429965, 0.990011217, 0.111492664, 0.180777972, 0.631791522, 8.753545786
0.851480948, 0.605718110, 0.968884272, 0.623758132, 0.139941572, 20.296523520
0.659555095, 0.701910919, 0.678460795, 0.374797223, 0.094855042, 14.311459040
0.400314402, 0.699067025, 0.748578227, 0.998094784, 0.500204400, 21.660026970
0.210663175, 0.134372963, 0.888195320, 0.177559946, 0.027557946, 5.926881090
0.375112201, 0.188249706, 0.011690813, 0.026804106, 0.454455911, 9.173519741
0.383417531, 0.754896936, 0.054136347, 0.884389890, 0.804436278, 24.836867510
0.333399485, 0.527669244, 0.450976033, 0.246950171, 0.508954210, 9.110224319
0.965806248, 0.394492070, 0.517951087, 0.008951021, 0.119308197, 9.008649642
0.302497256, 0.036879552, 0.405402490, 0.669177745, 0.205962857, 8.123948658
0.386811669, 0.088729524, 0.623979350, 0.312521948, 0.489380867, 5.767377888
0.901111137, 0.023798775, 0.939099216, 0.104731882, 0.783136618, 8.588867554
0.163152427, 0.531315830, 0.264090270, 0.841872442, 0.240583492, 14.202088130
0.664922660, 0.416767879, 0.288667049, 0.210413824, 0.685489780, 14.418049580
0.520839773, 0.378738363, 0.800790610, 0.775904142, 0.365906813, 16.705982020
0.908447253, 0.071798313, 0.342557958, 0.473037329, 0.910931735, 12.152457730
0.318335262, 0.581935346, 0.398364866, 0.552673080, 0.013649064, 10.707997210
0.523655533, 0.032320432, 0.630286024, 0.250373241, 0.126924826, 4.650543935
0.133088132, 0.269872740, 0.631506050, 0.232246422, 0.103433052, 4.678903881
0.293744819, 0.079198150, 0.016362441, 0.906864336, 0.525973306, 14.470783670
0.694629301, 0.165691369, 0.466260991, 0.360522890, 0.906631430, 12.454974060
0.237429384, 0.005309439, 0.355331948, 0.926386908, 0.257149889, 12.215084780
0.659257157, 0.775861893, 0.950976590, 0.752421388, 0.741777067, 25.077604150
0.752159046, 0.165314680, 0.766794625, 0.901334688, 0.219296038, 16.207281390
0.679623174, 0.790519981, 0.908062601, 0.294130609, 0.868037434, 20.560925150
0.121124298, 0.773054357, 0.378163652, 0.156557330, 0.760862084, 8.544988296
0.315697588, 0.677338511, 0.352844909, 0.501174846, 0.249487386, 12.680139020
0.982496938, 0.313756853, 0.617378027, 0.480929818, 0.423074147, 16.264064610
0.150277914, 0.090716563, 0.138694404, 0.329071711, 0.024599882, 6.604591931
0.620291452, 0.093672351, 0.167487811, 0.109118609, 0.865183138, 9.610590885
0.490446429, 0.885707220, 0.741938496, 0.789297998, 0.906965636, 24.534575280
0.758325195, 0.723066760, 0.449972370, 0.389971759, 0.123973373, 13.832505600
0.950178894, 0.918247788, 0.322853691, 0.957424716, 0.079461278, 15.168337830
0.551209624, 0.641040743, 0.872468471, 0.724183363, 0.416139242, 22.112856840
0.846819036, 0.821082283, 0.060428739, 0.681976891, 0.906372396, 22.192886230
0.707916412, 0.658411659, 0.472225627, 0.939209797, 0.190747194, 19.447657360
0.372402732, 0.578557948, 0.228936042, 0.592193056, 0.139325833, 14.719233300
0.303017889, 0.150015720, 0.515708837, 0.987817672, 0.568688041, 14.760484740
0.799646545, 0.540045452, 0.997714486, 0.765290922, 0.133468595, 24.105490280
0.564922177, 0.312025083, 0.609664151, 0.722949953, 0.302812474, 14.548902490
0.376733074, 0.106851395, 0.598874165, 0.754502690, 0.182248357, 11.324043600
0.449546746, 0.209920300, 0.838594478, 0.047693463, 0.608824336, 8.162476344
0.825914293, 0.515597681, 0.896151864, 0.318783790, 0.986929685, 22.170765050
0.887643049, 0.753712928, 0.425993712, 0.895572599, 0.629825054, 20.789402510
0.004508398, 0.488305310, 0.857778503, 0.454003861, 0.983241136, 11.754694640
0.182426286, 0.819879559, 0.248480084, 0.534227481, 0.859413796, 15.997708410
0.779609061, 0.751912779, 0.746728574, 0.832655589, 0.721862559, 21.858971060
0.216189951, 0.412834925, 0.663125318, 0.765079129, 0.053452224, 11.180164980
0.465494161, 0.829479612, 0.530591920, 0.154572123, 0.264144290, 14.419864700
0.203900300, 0.716177341, 0.788997009, 0.950951784, 0.508792994, 18.120276430
0.655418667, 0.078052256, 0.762535495, 0.072425482, 0.501990095, 6.464462637
0.727191875, 0.962733934, 0.221291857, 0.518656101, 0.932891155, 19.366203980
0.456053481, 0.112559629, 0.659446458, 0.634988445, 0.432847142, 12.497203480
0.828614962, 0.038864895, 0.903456721, 0.059786296, 0.372537155, 7.140200845
0.095380472, 0.942943566, 0.860092261, 0.177426575, 0.717719907, 10.037828550
0.095241590, 0.578981851, 0.392090099, 0.928193485, 0.999539431, 18.140816900
0.015332581, 0.792600177, 0.337669316, 0.461675625, 0.327639261, 7.092607982
0.997937898, 0.959426957, 0.743471990, 0.849740503, 0.512804735, 12.898209970
0.965144512, 0.895574977, 0.653171604, 0.009647451, 0.958938550, 9.212674563
0.009133713, 0.913524179, 0.932284430, 0.176714259, 0.722067479, 9.748434975
0.517177338, 0.409964483, 0.472518593, 0.816433655, 0.406248403, 16.005302920
0.438015575, 0.962286331, 0.825387113, 0.338161620, 0.296599165, 18.327203740
0.051962858, 0.538554655, 0.356595075, 0.331560476, 0.466762471, 6.894882324
0.052707712, 0.853762347, 0.011339209, 0.573701099, 0.529824847, 15.445364230
0.566690870, 0.682362573, 0.694160979, 0.566302347, 0.866679952, 20.697380990
0.592191896, 0.127941900, 0.728724196, 0.011652736, 0.652847428, 8.956547851
0.840473489, 0.501466827, 0.117031230, 0.575039676, 0.675985332, 22.079578640
0.570494442, 0.037243696, 0.981664024, 0.133704971, 0.327849210, 10.359558190
0.061805675, 0.204864396, 0.184556334, 0.739083438, 0.749772902, 12.347363990
0.123517976, 0.281372295, 0.568637409, 0.799322390, 0.356521391, 11.887635780
0.153256633, 0.344721409, 0.720287292, 0.152822441, 0.080520884, 4.407622099
0.193069934, 0.351151654, 0.871722726, 0.400218301, 0.755258346, 12.797577380
0.387240368, 0.298983460, 0.527885452, 0.574349942, 0.902104506, 12.549403680
0.748774982, 0.930424256, 0.907944558, 0.134835064, 0.426491650, 15.405567770
0.967855599, 0.521165184, 0.574595094, 0.309743639, 0.203602005, 15.345939620
0.210073934, 0.347436914, 0.389259494, 0.128814021, 0.293827337, 4.279413568
0.785824015, 0.788980947, 0.793205368, 0.281250781, 0.375244896, 15.943673680
0.422951591, 0.018905504, 0.882280414, 0.087274762, 0.336759728, 8.272238086
0.178887178, 0.062299497, 0.054686253, 0.285016112, 0.354562288, 10.349340240
0.469418693, 0.372314500, 0.712027920, 0.037532021, 0.813303754, 11.542470750
0.739108933, 0.000160284, 0.785475887, 0.370009414, 0.073785155, 5.726277248
0.760732994, 0.370057288, 0.543953796, 0.381559348, 0.505688184, 14.624249710
0.148602435, 0.635838990, 0.786052132, 0.029312947, 0.093775809, 6.943964768
0.848127148, 0.668047801, 0.108780749, 0.547060616, 0.893634190, 22.792777840
0.558253592, 0.819850374, 0.961854831, 0.587625448, 0.280851928, 18.933757980
0.875136935, 0.931169562, 0.227596091, 0.432535564, 0.143101224, 13.034171460
0.682872502, 0.702168552, 0.208671952, 0.578569755, 0.344891769, 20.383848310
0.926669699, 0.034441366, 0.459980613, 0.680924267, 0.568549199, 12.506871950
0.287509280, 0.839967849, 0.535569167, 0.036112456, 0.871757591, 11.062868660
0.116297516, 0.369227069, 0.390373861, 0.073017925, 0.320365481, 2.408298898
0.710009262, 0.212290078, 0.112185168, 0.981858414, 0.042809130, 19.006265930
0.779685021, 0.497916423, 0.248519422, 0.920572691, 0.155722658, 19.575318640
0.771953190, 0.563607784, 0.403376078, 0.767786961, 0.647075185, 21.552373880
0.087844888, 0.935969099, 0.363850401, 0.586112139, 0.418647761, 10.724481280
0.146730160, 0.248228745, 0.065834535, 0.772293471, 0.905506284, 16.763219590
0.574985121, 0.140196289, 0.079076629, 0.822899696, 0.909242128, 17.799646160
0.812318044, 0.986835271, 0.920524625, 0.683669748, 0.531917875, 16.995153780
0.283226000, 0.773870337, 0.391907649, 0.136346424, 0.269560731, 8.189885665
0.178796595, 0.172682182, 0.123033434, 0.522684906, 0.499786478, 11.818843540
0.017182386, 0.959536134, 0.815701236, 0.213162583, 0.681053707, 8.318943476
0.326238888, 0.203445697, 0.251514250, 0.332771577, 0.360980135, 8.909221239
0.257298384, 0.138754304, 0.917342111, 0.428200087, 0.564382680, 13.352508170
0.992320158, 0.787598977, 0.220884980, 0.522719656, 0.841071403, 15.894048310
0.429479688, 0.131345495, 0.155431462, 0.703712973, 0.376433789, 12.894364290
0.532422108, 0.128847013, 0.617840580, 0.023660990, 0.585908559, 5.727393684
0.152354713, 0.486959549, 0.641055447, 0.016873361, 0.924605132, 7.996050828
0.037020773, 0.792336360, 0.746715992, 0.709087587, 0.160518812, 9.061686377
0.521252440, 0.431536699, 0.333249992, 0.059496745, 0.528856004, 11.428642380
0.676814571, 0.207230733, 0.424354576, 0.797619586, 0.633282299, 16.425700670
0.248283344, 0.602045717, 0.902310398, 0.801742163, 0.121105138, 15.932787520
0.963894300, 0.617246192, 0.186178731, 0.672646466, 0.272272124, 18.706177800
0.712476992, 0.447864264, 0.686268091, 0.050245327, 0.670684529, 13.510585940
0.195481826, 0.038339425, 0.742817968, 0.426593066, 0.781825556, 10.684851840
0.816265634, 0.756113612, 0.003112001, 0.774285777, 0.471940206, 23.301042430
0.240488021, 0.044183355, 0.136056894, 0.426087796, 0.819573061, 11.455561750
0.439693319, 0.439412452, 0.681021078, 0.519332560, 0.576398899, 16.691381810
0.044891643, 0.092149888, 0.215375810, 0.417157683, 0.116928558, 7.304910574
0.289361613, 0.031729653, 0.828245574, 0.411113563, 0.757629619, 9.796162867
0.930124240, 0.961485239, 0.957863719, 0.390911603, 0.354181214, 12.969588140
0.514476390, 0.883955857, 0.541795776, 0.187641679, 0.040254545, 12.490242230
0.765091653, 0.176453043, 0.156660103, 0.770200110, 0.346606887, 16.375110990
0.325949870, 0.365003278, 0.908522098, 0.806848124, 0.266754466, 15.273702930
0.271974583, 0.273707745, 0.295087982, 0.270398259, 0.792631024, 10.918329070
0.507116790, 0.605318561, 0.044911120, 0.283440807, 0.883489761, 19.349279760
0.410744906, 0.137044531, 0.125669069, 0.407255460, 0.867195582, 14.847531180
0.125460043, 0.354410104, 0.872957706, 0.528960873, 0.136057983, 10.715891320
0.635412433, 0.596829951, 0.678275774, 0.557698847, 0.371707875, 17.971816300
0.494396668, 0.681002274, 0.334662718, 0.933875696, 0.804534683, 23.430395290
0.758367847, 0.141954006, 0.341619381, 0.255265415, 0.172967363, 7.554170390
0.299529207, 0.887673530, 0.053062799, 0.341074887, 0.907787453, 21.132506670
0.469790482, 0.023645856, 0.437276716, 0.705955058, 0.395951455, 10.245401480
0.950603273, 0.086074406, 0.548067468, 0.781933887, 0.584030975, 13.186758600
0.219606072, 0.962564282, 0.555140773, 0.248859475, 0.260231411, 11.882383370
0.922566561, 0.737521176, 0.406795929, 0.354149698, 0.315509348, 12.080805080
0.674360053, 0.101402767, 0.087902336, 0.500172953, 0.409895975, 14.002486840
0.111021002, 0.548591003, 0.923564432, 0.537615171, 0.129917328, 10.445677940
0.754369047, 0.869732765, 0.856809609, 0.938498974, 0.209747002, 24.538060680
0.135356122, 0.543800290, 0.873979720, 0.566158447, 0.453430990, 13.103621060
0.661109353, 0.966279917, 0.046392482, 0.831896084, 0.262769266, 22.748373220
0.553693098, 0.031246932, 0.087450857, 0.066190601, 0.269221497, 3.880657980
0.642342908, 0.661024607, 0.133988575, 0.113122829, 0.190629575, 14.074422290
0.321439993, 0.073498114, 0.036302927, 0.742371529, 0.042112057, 12.843182290
0.258785603, 0.744729439, 0.199144755, 0.011968565, 0.754599391, 12.090618110
0.564784130, 0.956269036, 0.729525958, 0.885756780, 0.228660217, 21.810556350
0.951054807, 0.520584582, 0.872511144, 0.143268759, 0.253813896, 16.129260090
0.998254374, 0.067532501, 0.448018997, 0.205897276, 0.328471756, 6.487956186
0.246861677, 0.639857764, 0.254428326, 0.951921171, 0.029148659, 14.504128200
0.097314050, 0.932609373, 0.367983551, 0.177781436, 0.202805098, 6.877368368
0.981801457, 0.483431983, 0.996835596, 0.133718887, 0.464517473, 20.151112360
0.152666613, 0.550129973, 0.037788316, 0.330379738, 0.870737699, 13.797352470
0.196529080, 0.323418844, 0.507795410, 0.270052291, 0.394877162, 5.671471336
0.081014022, 0.850041411, 0.468024605, 0.680976356, 0.080118236, 9.116547934
0.260808714, 0.613702418, 0.382769512, 0.390699522, 0.271333386, 9.953308406
0.525396526, 0.130608036, 0.912849311, 0.304407345, 0.795863017, 12.592344740
0.644832767, 0.113935222, 0.169143085, 0.365565032, 0.425503841, 9.846530539
0.500782690, 0.398124877, 0.195741185, 0.585506962, 0.475199415, 17.429635620
0.332616048, 0.833535594, 0.364399699, 0.980771809, 0.371259431, 19.631995680
0.340844690, 0.647022933, 0.623555606, 0.150929782, 0.492720177, 10.047974250
0.084481818, 0.907260598, 0.417659308, 0.043392507, 0.369142601, 5.130524480
0.937131668, 0.781441588, 0.749166082, 0.771421417, 0.341062426, 15.577356190
0.021118023, 0.611435268, 0.117090629, 0.158392533, 0.784396146, 9.182302460
0.166865502, 0.997425798, 0.930090280, 0.627971007, 0.514589235, 19.495978590
0.419287179, 0.030711523, 0.829197496, 0.759931968, 0.503186926, 14.968354230
0.135084240, 0.873651829, 0.345934981, 0.638779191, 0.661762376, 13.656275280
0.524367807, 0.027557759, 0.856076426, 0.737907809, 0.203917666, 11.336696040
0.250894686, 0.248034059, 0.153820938, 0.886756994, 0.051769692, 13.183816850
0.337075863, 0.633374928, 0.586493013, 0.159211997, 0.832349003, 12.274797160
0.841474223, 0.329671047, 0.910675963, 0.959963700, 0.014826891, 19.689389860
0.445271826, 0.225930607, 0.075818640, 0.826187003, 0.193880306, 15.564896190
0.519304033, 0.296236916, 0.554075913, 0.790865746, 0.303816117, 15.034957090
0.048412268, 0.668215907, 0.759747345, 0.689999660, 0.697987849, 12.267199830
0.989413335, 0.239692233, 0.228751749, 0.782255415, 0.741758812, 19.650584600
0.737277490, 0.013558788, 0.372184820, 0.438442097, 0.151158857, 6.053346087
0.436274935, 0.867468321, 0.617706907, 0.710864299, 0.609606083, 20.660612400
0.934092002, 0.928883209, 0.773323163, 0.018111577, 0.085127333, 5.802540442
0.834279104, 0.666404381, 0.968756173, 0.365699153, 0.742708892, 21.771760680
0.804492582, 0.132972909, 0.138261514, 0.077653101, 0.842434461, 10.987640860
0.457664228, 0.931714930, 0.583651001, 0.247809361, 0.947058464, 15.333192920
0.004090843, 0.387496350, 0.812983143, 0.518775776, 0.108219113, 8.397880004
0.523772575, 0.181789697, 0.567943493, 0.984367437, 0.683922608, 16.645625100
0.603542512, 0.602335954, 0.752730408, 0.776662110, 0.809905253, 21.660990280
0.071299663, 0.445314572, 0.645742243, 0.045897671, 0.972349855, 7.432558696
0.844588799, 0.917918879, 0.092633485, 0.964781404, 0.329493109, 20.614620460
0.542742944, 0.489778034, 0.321400670, 0.687310922, 0.291896481, 18.194603560
0.035629264, 0.126330403, 0.902212766, 0.842905526, 0.386497712, 11.803168850
0.987420164, 0.664753685, 0.757268434, 0.344619921, 0.723573568, 17.502203960
0.126376508, 0.355013633, 0.800212839, 0.101619019, 0.211713919, 5.897039170
0.067186065, 0.045674481, 0.780408416, 0.602384161, 0.226169831, 8.951567984
0.508866383, 0.788074777, 0.893709391, 0.331260399, 0.519705091, 18.316163600
0.221279887, 0.401100920, 0.423460278, 0.014721380, 0.790003071, 6.431416547
0.836772920, 0.158174021, 0.638384908, 0.789509816, 0.987225107, 19.600636540
0.851336771, 0.189755494, 0.800037169, 0.376359861, 0.441518458, 13.683656350
0.272446428, 0.907698338, 0.716705056, 0.971686738, 0.146778480, 17.486367070
0.232010309, 0.784573807, 0.510682327, 0.622456325, 0.354894060, 15.324348480
0.653991176, 0.058670913, 0.418363727, 0.961490417, 0.008713562, 10.978620150
0.725854314, 0.826540779, 0.668313573, 0.718924818, 0.771965165, 20.580209010
0.455978497, 0.376150649, 0.386853249, 0.497087536, 0.108020536, 9.151690401
0.694586373, 0.744094063, 0.959116488, 0.694354753, 0.469352355, 23.955948470
0.397234094, 0.447366725, 0.799935551, 0.378370649, 0.189468872, 10.858852330
0.929456634, 0.404927242, 0.001774361, 0.637325105, 0.381186235, 23.789642640
0.188537753, 0.840594810, 0.692954592, 0.718370621, 0.329190933, 14.183011310
0.315322881, 0.997338137, 0.069173897, 0.568174290, 0.251029578, 18.636486910
0.520084270, 0.958941356, 0.974381692, 0.613927354, 0.591868052, 22.779557370
0.129402068, 0.069039302, 0.246315697, 0.277791751, 0.404111200, 6.381895356
0.766201502, 0.076276892, 0.326688195, 0.616091779, 0.848685298, 11.249429950
0.999173272, 0.092032150, 0.059071818, 0.355649845, 0.048457356, 12.620697230
0.671968069, 0.609734465, 0.413509225, 0.285422759, 0.348239864, 14.440431790
0.917717021, 0.110187588, 0.363629629, 0.417914770, 0.552285436, 10.329291870
0.760164432, 0.786212591, 0.605187829, 0.760995422, 0.947362025, 21.725988790
0.815258774, 0.867749803, 0.382140983, 0.217920318, 0.406772198, 12.100162590
0.453723281, 0.227671328, 0.171434479, 0.869348282, 0.080805246, 14.598181620
0.227533817, 0.820939591, 0.659046550, 0.707494813, 0.517886706, 16.545192650
0.625721395, 0.421148868, 0.314361707, 0.557650295, 0.894876801, 19.749972700
0.122866029, 0.878602437, 0.965855962, 0.882732112, 0.523396879, 18.758684100
0.565412516, 0.127648074, 0.843059294, 0.896651074, 0.221524898, 15.518568120
0.398753780, 0.372203450, 0.621408453, 0.063748273, 0.283118589, 7.021060041
0.290812270, 0.278634693, 0.682643687, 0.454979097, 0.561034697, 10.674156880
0.746217644, 0.814811152, 0.471650849, 0.294310511, 0.634852483, 14.800472030
0.014850124, 0.054397020, 0.444461853, 0.271184776, 0.517007931, 6.372941776
0.279283403, 0.053623750, 0.850174133, 0.771487843, 0.993436082, 15.483303780
0.595677775, 0.362750840, 0.787330675, 0.585887682, 0.214248440, 13.375426490
0.650165783, 0.489485959, 0.452929910, 0.435972552, 0.897757597, 16.122249050
0.235029127, 0.432387504, 0.689006546, 0.944618444, 0.309069322, 15.830168430
0.726268031, 0.889660090, 0.563071896, 0.140422463, 0.300336136, 12.286698550
0.674432047, 0.808460172, 0.098680024, 0.347847381, 0.420459577, 18.558255920
0.057977154, 0.604955763, 0.481875069, 0.706384063, 0.609209366, 12.854190380
0.590389914, 0.430674851, 0.869041807, 0.070911615, 0.634302531, 13.229208640
0.792112470, 0.547899652, 0.133810578, 0.365009098, 0.965678816, 19.703662970
0.203315357, 0.971450889, 0.830507068, 0.621240011, 0.409476305, 13.189745680
0.207910667, 0.101989851, 0.853649674, 0.904776430, 0.020643655, 11.856590820
0.576673512, 0.721888168, 0.875029047, 0.871596195, 0.157559271, 20.464703230
0.226416193, 0.844755044, 0.550614920, 0.800453186, 0.462063830, 15.166756580
0.650237693, 0.195706725, 0.247077521, 0.759665245, 0.883696331, 16.593502860
0.623516672, 0.768565062, 0.288802201, 0.537738771, 0.343801196, 17.652310530
0.139452641, 0.775712580, 0.484577960, 0.251475222, 0.949479106, 9.682474503
0.631123985, 0.479984359, 0.137712336, 0.684183525, 0.577725423, 22.579412140
0.208808765, 0.922204838, 0.185037283, 0.462486721, 0.293416150, 13.454488880
0.345690531, 0.238030864, 0.912445832, 0.341847557, 0.496187827, 9.103478771
0.516035010, 0.191157724, 0.571336197, 0.304114800, 0.922775656, 10.610983420
0.458116579, 0.374247358, 0.694629101, 0.163726844, 0.172662619, 7.841681274
0.982392880, 0.291804704, 0.025325826, 0.936259340, 0.214301422, 22.711260800
0.694247634, 0.417341894, 0.926071148, 0.156072430, 0.998664269, 15.596516840
0.631652430, 0.669841337, 0.723096147, 0.738584090, 0.845670619, 21.218584420
0.859642219, 0.757555186, 0.160809529, 0.521708985, 0.915265512, 20.545280990
0.674029522, 0.855267179, 0.790289484, 0.644353847, 0.410459770, 19.933680450
0.010122430, 0.623707570, 0.643374001, 0.787394144, 0.209215230, 8.021294976
0.979529213, 0.167729039, 0.478219664, 0.806646545, 0.287045694, 14.256972950
0.930879300, 0.376931944, 0.059944466, 0.925926597, 0.736433775, 26.348464670
0.215567295, 0.297733613, 0.253144385, 0.342327471, 0.209415213, 8.717971319
0.851827738, 0.011542138, 0.566660445, 0.383559507, 0.149246721, 5.571254592
0.597556754, 0.816211819, 0.227604969, 0.519729783, 0.477526294, 20.774509460
0.914466732, 0.189104986, 0.411397800, 0.549120651, 0.125239568, 10.113554160
0.393387145, 0.666473628, 0.648828831, 0.359280941, 0.709448689, 16.214965010
0.584883811, 0.355236015, 0.984232039, 0.354178341, 0.596813273, 18.618628380
0.751543935, 0.124316473, 0.123407293, 0.194355767, 0.979310433, 10.862419660
0.796389209, 0.549745433, 0.261227440, 0.726016421, 0.418596574, 20.142751540
0.315414989, 0.901937848, 0.142931872, 0.945245872, 0.471035269, 23.401585720
0.487394366, 0.911393640, 0.008268824, 0.419446493, 0.595330392, 21.406415280
0.553318090, 0.348291759, 0.784691472, 0.666277506, 0.722711993, 18.013588590
0.436991633, 0.906156897, 0.578210292, 0.814604735, 0.444432746, 19.599301060
0.596159249, 0.091307982, 0.947014417, 0.839912000, 0.987079422, 18.304028770
0.936836407, 0.881677757, 0.168581260, 0.847877369, 0.214965001, 17.095737470
0.466046263, 0.251673251, 0.894327966, 0.406279230, 0.279648861, 12.002032920
0.572814327, 0.820829734, 0.580144075, 0.806284084, 0.727312987, 21.879793870
0.620926856, 0.333980654, 0.235328507, 0.372594857, 0.465413081, 13.214073390
0.487778977, 0.688656675, 0.508529272, 0.477311962, 0.892103695, 14.814040590
0.818992445, 0.536127042, 0.515010004, 0.124573373, 0.646419951, 14.847168660
0.505968196, 0.324976353, 0.804087541, 0.155063316, 0.088158187, 8.158757905
0.578444575, 0.115496983, 0.507192668, 0.350514544, 0.614664760, 8.422980244
0.952658132, 0.266841294, 0.859671702, 0.047111099, 0.889429965, 15.070361880
0.165876869, 0.288053628, 0.186011208, 0.027401799, 0.324397254, 5.359348761
0.467531462, 0.837819603, 0.437643659, 0.309704310, 0.817359684, 14.678935490
0.198071468, 0.471217667, 0.040037870, 0.423250798, 0.957416447, 16.467349550
0.189591752, 0.191924623, 0.103053400, 0.298767070, 0.402722139, 7.896092069
0.436215868, 0.287366679, 0.439482392, 0.367894694, 0.305120683, 8.282641459
0.195853496, 0.688514441, 0.111650116, 0.727117265, 0.229989360, 14.223029040
0.237730023, 0.957878557, 0.536637185, 0.525125523, 0.469090185, 12.115080010
0.454819005, 0.988775770, 0.978168760, 0.806714807, 0.957445394, 26.573293720
0.376665566, 0.443847877, 0.241322937, 0.243890036, 0.455373503, 10.858289250
0.264299090, 0.892690096, 0.320758397, 0.379542677, 0.699957699, 14.115373560
0.406454860, 0.004505338, 0.458250203, 0.686575222, 0.066579661, 6.287360779
0.651198858, 0.635306616, 0.557601121, 0.411940476, 0.878741048, 18.113316120
0.443988333, 0.620743764, 0.535835731, 0.654041610, 0.553980262, 16.672246300
0.750557522, 0.436750443, 0.537431382, 0.324928766, 0.336739509, 15.051730190
0.143087318, 0.471880592, 0.550624142, 0.891023149, 0.949678077, 14.879345960
0.695936733, 0.005985921, 0.999061886, 0.998106408, 0.614360737, 18.675612410
0.902322683, 0.922401546, 0.116912281, 0.406841001, 0.796794611, 17.782174690
0.802482941, 0.396292317, 0.198171363, 0.452286913, 0.121095523, 15.040372070
0.847474247, 0.255903973, 0.444247506, 0.166081921, 0.301868304, 9.237334236
0.521953182, 0.313525691, 0.347136707, 0.440927354, 0.558868374, 12.024332790
0.661259415, 0.440043255, 0.876135588, 0.738940369, 0.344694497, 19.704030060
0.012879479, 0.700688598, 0.674048764, 0.044236834, 0.661271400, 5.235463824
0.520712418, 0.127981513, 0.117762760, 0.759397831, 0.257425497, 15.260096730
0.700499157, 0.813544870, 0.035490404, 0.762581405, 0.523309215, 25.833377110
0.986910952, 0.663788982, 0.282916764, 0.736862734, 0.940234279, 24.772758250
0.497386707, 0.046176295, 0.708724367, 0.593337594, 0.379841627, 11.018900360
0.639136332, 0.169246703, 0.383199346, 0.612102274, 0.667757506, 11.468549170
0.793837034, 0.484840160, 0.826541931, 0.679634367, 0.900442645, 20.800857680
0.128068164, 0.968765138, 0.453745071, 0.441667611, 0.828933165, 12.149328760
0.853788354, 0.266754424, 0.006520333, 0.247514271, 0.048984628, 14.809872520
0.460966848, 0.366744394, 0.008019001, 0.965933825, 0.647419878, 20.551054810
0.084549336, 0.570359053, 0.707583904, 0.392845717, 0.349113727, 8.292473176
0.630395569, 0.326207301, 0.893229303, 0.616315054, 0.041473635, 16.816237610
0.399909651, 0.724006586, 0.680011480, 0.604073182, 0.814050168, 20.453214280
0.354615935, 0.894421568, 0.325543609, 0.375113764, 0.203599869, 14.289779150
0.018297133, 0.907473412, 0.507704199, 0.374261378, 0.832324017, 7.060497040
0.464206378, 0.182161842, 0.222773776, 0.072579927, 0.018790432, 5.373667205
0.557746714, 0.841800961, 0.538561579, 0.424596416, 0.172727743, 14.412036380
0.967035072, 0.462770691, 0.082284335, 0.325784014, 0.736124208, 21.661186970
0.712063066, 0.382699168, 0.699855671, 0.493870718, 0.515645506, 15.017520340
0.667708908, 0.780515736, 0.656367212, 0.393719170, 0.927294897, 17.978097410
0.214744663, 0.218659458, 0.665861626, 0.638352088, 0.467178880, 11.088210220
0.327160444, 0.254045662, 0.193774792, 0.273555910, 0.803915740, 11.558867870
0.136087487, 0.726540655, 0.567095240, 0.653680859, 0.011045599, 9.068759721
0.994293205, 0.164896879, 0.663575757, 0.188836723, 0.776780108, 10.679284280
0.396688067, 0.084834550, 0.371445178, 0.174419789, 0.188074224, 3.323956614
0.152168220, 0.655417028, 0.061961304, 0.733290645, 0.858755792, 19.712251090
0.089374254, 0.955872254, 0.832729616, 0.448890376, 0.763705899, 12.458203650
0.737097756, 0.248386119, 0.611402073, 0.791083786, 0.445192442, 16.398689140
0.433284593, 0.499317833, 0.011763717, 0.742791589, 0.167519885, 20.381122180
0.900225371, 0.324695762, 0.048402482, 0.572098395, 0.789662647, 20.960348140
0.577508646, 0.923741555, 0.277143264, 0.035327113, 0.158904457, 11.404536140
0.607156981, 0.100037900, 0.683547335, 0.329703746, 0.231812775, 7.671501487
0.591904111, 0.301604868, 0.272733945, 0.731402877, 0.318981349, 13.859989740
0.749790184, 0.900722417, 0.206183295, 0.137468203, 0.286547594, 11.721539020
0.461485025, 0.455760747, 0.237624332, 0.919890912, 0.459974439, 19.551269970
0.732944277, 0.457072944, 0.124707209, 0.960824239, 0.466179869, 23.251882030
0.221617342, 0.715240650, 0.589748250, 0.128886430, 0.004960676, 5.545440415
0.350442193, 0.904100744, 0.384735270, 0.696413413, 0.687453693, 17.101402840
0.022392628, 0.129327781, 0.339462870, 0.076170745, 0.284211866, 1.999975073
0.131944387, 0.037152450, 0.085539662, 0.296344358, 0.609265728, 11.150514030
0.542815758, 0.204882426, 0.361631432, 0.793617408, 0.327886110, 14.157230550
0.683182269, 0.744394009, 0.904893760, 0.172944777, 0.701983987, 19.173375240
0.072437493, 0.619946249, 0.703437791, 0.673868810, 0.276912103, 11.080805200
0.693067486, 0.827108135, 0.240323189, 0.425362148, 0.692979895, 19.129636310
0.340737705, 0.596328509, 0.753617699, 0.490749054, 0.857785990, 15.305714980
0.573878155, 0.268686634, 0.982759497, 0.892343756, 0.919358694, 22.647914780
0.775131535, 0.778135779, 0.282810808, 0.696271908, 0.297737193, 17.842202140
0.395243623, 0.898949043, 0.789879501, 0.617904589, 0.652299660, 21.963715950
0.963371695, 0.484741991, 0.862420065, 0.038781210, 0.081589050, 13.485897050
0.807578011, 0.434973337, 0.084474427, 0.834670224, 0.507598962, 23.162144370
0.889666184, 0.622920552, 0.914064134, 0.235187070, 0.983544748, 20.654716440
0.460362533, 0.431759181, 0.518243298, 0.878752025, 0.434963715, 16.841968380
0.434504145, 0.476533070, 0.242606324, 0.848037206, 0.784729111, 19.726977460
0.506963177, 0.096684415, 0.748968189, 0.827914036, 0.155076877, 11.112183590
0.327920818, 0.721678135, 0.812289940, 0.710827165, 0.244914770, 18.677945090
0.396058487, 0.901729897, 0.100642034, 0.616744056, 0.254697853, 22.227833780
0.561255701, 0.303564941, 0.522615976, 0.822826494, 0.190319707, 13.835132450
0.392740804, 0.318766967, 0.821705584, 0.181867222, 0.329318625, 10.495460160
0.224932468, 0.273095714, 0.284338001, 0.694837815, 0.213508044, 10.112302060
0.430912056, 0.198626691, 0.924061888, 0.423132319, 0.793835089, 14.217000560
0.688073978, 0.785864465, 0.186235365, 0.228851415, 0.761078000, 17.929335630
0.055819849, 0.418063629, 0.014230964, 0.973621982, 0.152809616, 17.632532010
0.632170339, 0.756230619, 0.152239283, 0.353329620, 0.261528184, 17.117304030
0.806770070, 0.500186648, 0.544399775, 0.761515561, 0.055650987, 16.834386680
0.530592623, 0.161473301, 0.040615751, 0.098615822, 0.717317093, 11.787536470
0.427334406, 0.062529991, 0.318373140, 0.953934844, 0.805434219, 16.079849960
0.857240314, 0.168454818, 0.606093379, 0.654405387, 0.126630363, 11.496121140
0.341581351, 0.881773468, 0.108553664, 0.316860057, 0.093944522, 15.408293850
0.009466111, 0.178000142, 0.350717765, 0.610492577, 0.858929968, 11.669226710
0.949567128, 0.910087330, 0.178997087, 0.141720879, 0.052076193, 8.005818953
0.311100994, 0.534185191, 0.444084528, 0.565471982, 0.711664413, 14.633213260
0.857952694, 0.164734938, 0.073153304, 0.649924495, 0.119794393, 14.116058510
0.857626847, 0.964595220, 0.500985451, 0.389440488, 0.906357659, 14.168751940
0.812516843, 0.939242848, 0.515336797, 0.334005929, 0.483554259, 12.029514270
0.748510085, 0.328873498, 0.077949555, 0.753905262, 0.314909957, 21.560353430
0.171098188, 0.566628363, 0.068484722, 0.799782581, 0.876056040, 18.946593200
0.823805812, 0.808209224, 0.634120088, 0.904710356, 0.371733165, 19.424513500
0.181366653, 0.413224035, 0.484570017, 0.173463435, 0.795719089, 7.517204892
0.678117829, 0.006525348, 0.296765545, 0.745742500, 0.148417059, 7.411490033
0.340258297, 0.888065817, 0.905714867, 0.237040513, 0.186203354, 16.044993440
0.946329521, 0.113556905, 0.453687824, 0.879448454, 0.274596252, 14.970046530
0.956510934, 0.105212338, 0.501699728, 0.404354623, 0.378079078, 8.635755062
0.734442030, 0.166503965, 0.446766772, 0.907791130, 0.628015550, 16.536892300
0.696481734, 0.358437482, 0.425834333, 0.330313732, 0.222490899, 11.094962050
0.197702149, 0.844134039, 0.451724059, 0.593310322, 0.111997575, 12.343496310
0.795163316, 0.510248931, 0.366079173, 0.474887580, 0.082245278, 14.650804200
0.174921153, 0.111973897, 0.906968582, 0.549768394, 0.486723848, 11.428739770
0.110575450, 0.172821670, 0.492948842, 0.461905854, 0.588722584, 6.808470373
0.700696988, 0.756446488, 0.272281404, 0.287000302, 0.841296539, 16.088259780
0.289369775, 0.111883162, 0.015865656, 0.027932287, 0.534318879, 9.024625854
0.039560427, 0.734281914, 0.594001454, 0.899610703, 0.288039995, 11.694991440
0.504022766, 0.218915396, 0.179430397, 0.397258466, 0.686716821, 12.336643260
0.316728738, 0.804258644, 0.835465660, 0.319574595, 0.753424383, 16.319527450
0.406842974, 0.816174501, 0.861105547, 0.128901960, 0.157478810, 14.433097680
0.676263163, 0.791850079, 0.970953498, 0.945632422, 0.267340538, 26.682666250
0.770308554, 0.411632706, 0.856134942, 0.312596297, 0.219559682, 14.502097200
0.528947240, 0.002169218, 0.515220130, 0.188227140, 0.790071177, 5.862288428
0.244395056, 0.415172809, 0.623483184, 0.439676980, 0.278945853, 8.112188144
0.301295509, 0.234520757, 0.439677130, 0.280421400, 0.229895909, 6.842134814
0.928351480, 0.551208815, 0.633103144, 0.917308925, 0.102280727, 18.337624400
0.651623330, 0.804046865, 0.755587941, 0.840495043, 0.713142549, 22.127610230
0.136633358, 0.087537947, 0.921502137, 0.283813521, 0.543916625, 10.088261030
0.503023782, 0.407892609, 0.124642947, 0.329706305, 0.256951595, 13.162865360
0.382603875, 0.763985652, 0.314419256, 0.122835800, 0.581721123, 11.664889580
0.947461170, 0.227477670, 0.269523235, 0.199016048, 0.747937081, 11.325652200
0.996731568, 0.112055213, 0.705569279, 0.607217202, 0.691469210, 14.265762630
0.594025144, 0.132270048, 0.235464156, 0.704801511, 0.066970474, 9.703866653
0.097589845, 0.641199352, 0.430166595, 0.877452400, 0.671345864, 14.891195550
0.540148662, 0.011331640, 0.499361968, 0.445212243, 0.640768534, 6.868084070
0.633043338, 0.329949978, 0.650065676, 0.506334848, 0.925871568, 16.859526440
0.857917989, 0.823892475, 0.659325149, 0.443615010, 0.954335382, 16.795015980
0.584634867, 0.910358740, 0.844509618, 0.140289114, 0.990711841, 18.836159490
0.786622485, 0.630756422, 0.870145029, 0.905653542, 0.634758941, 23.259901990
0.253774747, 0.533114531, 0.929135618, 0.252228198, 0.344459554, 13.527456830
0.305609614, 0.603341228, 0.625526554, 0.507615587, 0.504008025, 13.737306010
0.626057498, 0.722015939, 0.129860034, 0.566717728, 0.946128950, 23.942040930
0.935937306, 0.051612613, 0.098802168, 0.547414881, 0.372876421, 12.604030330
0.132633527, 0.805199615, 0.076745028, 0.924248215, 0.253042411, 19.355291430
0.695712228, 0.801113810, 0.950053053, 0.682360211, 0.670959735, 22.398417480
0.902896861, 0.561397288, 0.694091459, 0.883549117, 0.547205080, 23.928884860
0.373576087, 0.102077693, 0.716350142, 0.486072175, 0.926159326, 13.764688840
0.753826527, 0.541648268, 0.738971646, 0.651861828, 0.146338196, 16.126532020
0.886720169, 0.690111134, 0.792773663, 0.041470703, 0.495101703, 12.578262230
0.714726199, 0.537325488, 0.284947191, 0.677692527, 0.829631387, 20.702968180
0.021178713, 0.207466521, 0.740025405, 0.000829931, 0.362075250, 2.931041885
0.436442829, 0.516352221, 0.306488043, 0.230400099, 0.970695389, 13.743141090
0.528612718, 0.716835171, 0.249539522, 0.938969273, 0.828559522, 23.775695700
0.045627302, 0.317064835, 0.105071365, 0.117199101, 0.223694048, 5.348142259
0.549895189, 0.731976049, 0.948102867, 0.529583082, 0.246776245, 20.098397060
0.791766882, 0.153877816, 0.445357238, 0.064765102, 0.269394097, 4.836611986
0.223955849, 0.681722949, 0.412408452, 0.474734244, 0.576340976, 12.542790400
0.143746399, 0.944713803, 0.245585265, 0.104210625, 0.663875526, 9.393898253
0.487791373, 0.810400841, 0.157982797, 0.760375476, 0.858878523, 22.818486940
0.200968215, 0.920167351, 0.174876741, 0.675799254, 0.235804141, 16.484951150
0.630311385, 0.499441759, 0.228838092, 0.630227011, 0.670803726, 20.437913730
0.929114416, 0.044011307, 0.446375263, 0.062783125, 0.804401554, 5.539534088
0.680796605, 0.314787523, 0.739593203, 0.756174088, 0.597047172, 16.664452150
0.718989730, 0.409464958, 0.566681593, 0.591252858, 0.905641579, 17.499595250
0.566958812, 0.313816070, 0.198953997, 0.138531194, 0.726184541, 12.271240820
0.729499379, 0.624728241, 0.667377260, 0.523396250, 0.485896217, 16.638179570
0.930911533, 0.693493541, 0.011389092, 0.063603660, 0.862876435, 20.101683470
0.765642011, 0.581521838, 0.337299622, 0.830910616, 0.584486700, 20.501159110
0.043064424, 0.147032020, 0.212793888, 0.060098175, 0.435508574, 7.249289042
0.972542643, 0.552619279, 0.485269735, 0.045399289, 0.077741227, 10.886542960
0.766805826, 0.011340985, 0.591144949, 0.845875160, 0.551276084, 11.399981930
0.865593845, 0.208473874, 0.633247248, 0.332551596, 0.200552924, 9.923332320
0.641468775, 0.076169285, 0.269877336, 0.676642587, 0.518170711, 11.747742140
0.287089026, 0.712649612, 0.143164136, 0.226306007, 0.762624870, 14.765836360
0.491452137, 0.762768376, 0.359543800, 0.290991551, 0.039352705, 13.848155490
0.787216068, 0.460334107, 0.152594597, 0.842860176, 0.941113658, 23.648741450
0.745488821, 0.657033258, 0.934958400, 0.437775904, 0.608481506, 20.484473360
0.706888044, 0.558811153, 0.295662271, 0.910485704, 0.091423586, 18.507824880
0.505989769, 0.536843771, 0.554004978, 0.094220660, 0.552431183, 11.027777910
0.082171782, 0.220394544, 0.706144075, 0.252284106, 0.893536716, 7.446815396
0.086218271, 0.960969292, 0.890740255, 0.171371307, 0.248929335, 8.708381352
0.425233326, 0.427819304, 0.824715383, 0.741105369, 0.607158637, 19.962514170
0.710344420, 0.503880217, 0.818934236, 0.964459222, 0.165351002, 21.682509880
0.976508974, 0.505960077, 0.245245435, 0.766743877, 0.402945918, 22.651771900
0.822929835, 0.205234135, 0.815771145, 0.899742825, 0.585607274, 19.405660420
0.333668779, 0.172404084, 0.391837590, 0.448296788, 0.934081076, 12.261853920
0.616726053, 0.077891674, 0.185456891, 0.583458072, 0.353056907, 12.436164940
0.035865780, 0.449148509, 0.298831401, 0.034518682, 0.219300867, 2.225445244
0.005622506, 0.429959927, 0.847766931, 0.130351691, 0.395279459, 5.294451700
0.682650787, 0.524708674, 0.375210512, 0.153766690, 0.353991386, 12.539439790
0.760435093, 0.444375560, 0.423703642, 0.404796686, 0.719582141, 15.816457700
0.021109642, 0.529123560, 0.733807685, 0.936596931, 0.529782861, 14.657417940
0.989318017, 0.303575906, 0.630298254, 0.370482719, 0.722107614, 17.090549760
0.917597582, 0.937180575, 0.261756300, 0.919950120, 0.041452398, 14.991063140
0.053205477, 0.742317168, 0.508230487, 0.542944212, 0.466437081, 12.378374300
0.004108159, 0.557557360, 0.982162272, 0.027003743, 0.415082555, 7.043573475
0.424117752, 0.471769451, 0.459103323, 0.065060205, 0.167601327, 7.065076890
0.978346016, 0.547554565, 0.744706278, 0.971685092, 0.130620100, 22.331392120
0.637978660, 0.799748803, 0.544318636, 0.964656013, 0.098034634, 19.168344020
0.244093214, 0.450785088, 0.371676276, 0.444038433, 0.112774609, 9.341272092
0.395472681, 0.148524058, 0.866104054, 0.219236499, 0.332988133, 6.693455771
0.906420014, 0.162280463, 0.967757318, 0.555949532, 0.191684878, 15.222346210
0.535702414, 0.344738512, 0.888255420, 0.767811134, 0.884470968, 20.030961060
0.451018448, 0.663505258, 0.496470392, 0.047046781, 0.257763734, 10.892087630
0.622518865, 0.969099516, 0.737678064, 0.947591560, 0.508042015, 24.707313380
0.803102817, 0.484091583, 0.474761064, 0.839737876, 0.277008797, 18.343696510
0.238117637, 0.764636658, 0.707942804, 0.917603404, 0.994361340, 21.900162100
0.654225183, 0.356847229, 0.807962796, 0.213950649, 0.420655241, 14.285347990
0.108199881, 0.842358312, 0.012308204, 0.090199079, 0.056479970, 9.298347874
0.526641758, 0.360032192, 0.087489358, 0.444314042, 0.819533095, 15.827128560
0.480305886, 0.295429886, 0.628236321, 0.120240264, 0.090960203, 5.873782634
0.114825756, 0.915080280, 0.214756135, 0.331330511, 0.208277663, 8.067076362
0.457227182, 0.639479300, 0.537534014, 0.332883040, 0.455659614, 10.601203500
0.898723724, 0.577023070, 0.154900625, 0.490366866, 0.104313523, 16.748072290
0.730998395, 0.346559579, 0.772951666, 0.369635400, 0.400587729, 16.059072160
0.827438144, 0.481335312, 0.405423979, 0.880221109, 0.862836447, 24.736986350
0.336440904, 0.397443978, 0.508630667, 0.473111864, 0.642939612, 12.964803910
0.227157914, 0.129199340, 0.078041646, 0.658331033, 0.680399661, 15.363633980
0.216138717, 0.909668142, 0.062146454, 0.551648914, 0.955308504, 21.640695670
0.697045856, 0.898677955, 0.127527385, 0.657777435, 0.243517219, 19.217397020
0.341016568, 0.335036685, 0.606606881, 0.697502029, 0.378749778, 12.621162960
0.082362454, 0.092983295, 0.400267323, 0.236705944, 0.900404847, 7.812646362
0.891769048, 0.275150939, 0.468694684, 0.261815969, 0.505957467, 11.367370100
0.270019289, 0.070768623, 0.229972695, 0.773162405, 0.439304999, 11.085261480
0.981140356, 0.990766398, 0.528126167, 0.938412672, 0.362175476, 12.282607730
0.998023234, 0.797512392, 0.580531944, 0.615552673, 0.554133127, 15.364784910
0.838330762, 0.457736800, 0.644438276, 0.239636600, 0.682377924, 14.429591660
0.839825558, 0.138136279, 0.847718824, 0.657902002, 0.466890217, 16.697048070
0.901048123, 0.404946963, 0.195453133, 0.756541555, 0.205939960, 18.062704330
0.133494121, 0.257088995, 0.082348988, 0.960740614, 0.644901207, 19.003866720
0.723348804, 0.219935934, 0.202131765, 0.347388942, 0.918122804, 15.890320450
0.915189828, 0.290629088, 0.479596411, 0.327678652, 0.343365775, 13.284797870
0.722782966, 0.662838820, 0.951375935, 0.674380895, 0.306098173, 22.128542430
0.533103344, 0.819271655, 0.278253654, 0.940462952, 0.497978053, 22.908542350
0.809497400, 0.285294399, 0.087624217, 0.768759468, 0.198063851, 20.002872310
0.392227338, 0.276011984, 0.925024153, 0.873532644, 0.175427965, 15.839608480
0.747083636, 0.319717820, 0.160040797, 0.971994032, 0.164713198, 21.658704830
0.040898721, 0.877667663, 0.785441713, 0.034391714, 0.972354045, 6.574744694
0.968769797, 0.499500668, 0.807386653, 0.555650667, 0.256524777, 16.930345530
0.596590424, 0.325878186, 0.660993509, 0.828579662, 0.692189710, 17.198033210
0.872151915, 0.615285114, 0.926433812, 0.717794786, 0.673925011, 23.210954030
0.694050628, 0.482548051, 0.315731312, 0.008539367, 0.076446688, 10.669678050
0.859943044, 0.711966906, 0.438311301, 0.866612474, 0.212432114, 19.030018900
0.487398005, 0.947133425, 0.008690227, 0.558044570, 0.767047391, 25.242623350
0.167567215, 0.888943486, 0.525306655, 0.247982466, 0.647122707, 11.414830550
0.466632614, 0.010224496, 0.626103174, 0.170595093, 0.625739201, 5.936056474
0.206732632, 0.532510655, 0.998470907, 0.194100867, 0.475946500, 13.248449470
