@relation Friedman_Benchmark_problem
@attribute input1 real [0.001211673, 0.99971881]
@attribute input2 real [1.60284E-4, 0.999677453]
@attribute input3 real [6.54566E-4, 0.999061886]
@attribute input4 real [2.12289E-4, 0.999480216]
@attribute input5 real [4.29891E-4, 0.999539431]
@attribute output real [0.664014955, 28.5903858]
@inputs input1, input2, input3, input4, input5
@outputs output
@data
0.439676518, 0.274407615, 0.168516277, 0.209686224, 0.539731970, 8.473425098
0.667639019, 0.094134756, 0.708769223, 0.033862176, 0.771752859, 6.804912510
0.302497256, 0.036879552, 0.405402490, 0.669177745, 0.205962857, 8.123948658
0.844588799, 0.917918879, 0.092633485, 0.964781404, 0.329493109, 20.614620460
0.713458221, 0.084512870, 0.212228008, 0.502588943, 0.137337759, 9.690427418
0.760164432, 0.786212591, 0.605187829, 0.760995422, 0.947362025, 21.725988790
0.122866029, 0.878602437, 0.965855962, 0.882732112, 0.523396879, 18.758684100
0.697045856, 0.898677955, 0.127527385, 0.657777435, 0.243517219, 19.217397020
0.642790346, 0.055310599, 0.416720691, 0.825228872, 0.784082595, 13.424420840
0.232010309, 0.784573807, 0.510682327, 0.622456325, 0.354894060, 15.324348480
0.332616048, 0.833535594, 0.364399699, 0.980771809, 0.371259431, 19.631995680
0.630311385, 0.499441759, 0.228838092, 0.630227011, 0.670803726, 20.437913730
0.796846221, 0.038065659, 0.054167884, 0.194114316, 0.608022711, 9.412524234
0.072437493, 0.619946249, 0.703437791, 0.673868810, 0.276912103, 11.080805200
0.045627302, 0.317064835, 0.105071365, 0.117199101, 0.223694048, 5.348142259
0.253297429, 0.845377435, 0.663113905, 0.652990825, 0.234222041, 15.194071830
0.382252753, 0.315617122, 0.887081358, 0.237344894, 0.175529898, 9.842586798
0.748510085, 0.328873498, 0.077949555, 0.753905262, 0.314909957, 21.560353430
0.694050628, 0.482548051, 0.315731312, 0.008539367, 0.076446688, 10.669678050
0.517044967, 0.109949497, 0.025341640, 0.091577305, 0.592042513, 9.923715370
0.994246505, 0.706250702, 0.299468195, 0.288469396, 0.269260324, 14.538299190
0.337175491, 0.611824180, 0.936598111, 0.541373973, 0.045119082, 13.955900100
0.240488021, 0.044183355, 0.136056894, 0.426087796, 0.819573061, 11.455561750
0.978346016, 0.547554565, 0.744706278, 0.971685092, 0.130620100, 22.331392120
0.655418667, 0.078052256, 0.762535495, 0.072425482, 0.501990095, 6.464462637
0.694586373, 0.744094063, 0.959116488, 0.694354753, 0.469352355, 23.955948470
0.471898016, 0.721747020, 0.488811446, 0.828534203, 0.245735969, 19.693663710
0.436605290, 0.111880698, 0.991663924, 0.342720331, 0.067698942, 10.827395910
0.246861677, 0.639857764, 0.254428326, 0.951921171, 0.029148659, 14.504128200
0.590389914, 0.430674851, 0.869041807, 0.070911615, 0.634302531, 13.229208640
0.596159249, 0.091307982, 0.947014417, 0.839912000, 0.987079422, 18.304028770
0.530592623, 0.161473301, 0.040615751, 0.098615822, 0.717317093, 11.787536470
0.458538962, 0.522468409, 0.373569919, 0.041499334, 0.776281804, 11.081367880
0.666376898, 0.698846894, 0.586676126, 0.957560020, 0.408279050, 22.401618380
0.330898784, 0.968284207, 0.730527277, 0.719714251, 0.524981343, 19.548743120
0.762546372, 0.179250415, 0.629656813, 0.070883279, 0.356014568, 7.476887852
0.305609614, 0.603341228, 0.625526554, 0.507615587, 0.504008025, 13.737306010
0.296140259, 0.604806607, 0.017013776, 0.303624812, 0.110604002, 12.237138750
0.244395056, 0.415172809, 0.623483184, 0.439676980, 0.278945853, 8.112188144
0.855329395, 0.401314627, 0.522281634, 0.539253636, 0.221282777, 14.502237210
0.902896861, 0.561397288, 0.694091459, 0.883549117, 0.547205080, 23.928884860
0.035629264, 0.126330403, 0.902212766, 0.842905526, 0.386497712, 11.803168850
0.464760237, 0.621617700, 0.118762548, 0.578312113, 0.814590283, 20.333352150
0.378723868, 0.658435781, 0.709135645, 0.632493400, 0.929006110, 17.528550940
0.188537753, 0.840594810, 0.692954592, 0.718370621, 0.329190933, 14.183011310
0.419287179, 0.030711523, 0.829197496, 0.759931968, 0.503186926, 14.968354230
0.928351480, 0.551208815, 0.633103144, 0.917308925, 0.102280727, 18.337624400
0.416395293, 0.629497355, 0.504853982, 0.382287598, 0.657828547, 15.162327010
0.976892291, 0.270520637, 0.994507629, 0.270756183, 0.307795537, 17.310703230
0.501855145, 0.930710069, 0.714913445, 0.376269310, 0.552216840, 17.520188390
0.521595545, 0.801170492, 0.506732998, 0.836100705, 0.556350173, 20.321975500
0.730998395, 0.346559579, 0.772951666, 0.369635400, 0.400587729, 16.059072160
0.420825450, 0.138071328, 0.209836291, 0.013536451, 0.152816743, 4.979881182
0.614326254, 0.509469168, 0.708029497, 0.769020228, 0.758983634, 20.633351950
0.136087487, 0.726540655, 0.567095240, 0.653680859, 0.011045599, 9.068759721
0.580013093, 0.519908720, 0.234867453, 0.844586530, 0.895633865, 23.803526470
0.005373158, 0.981115193, 0.743640156, 0.501303885, 0.516776860, 8.857655828
0.764018680, 0.638784802, 0.716864257, 0.535191572, 0.327756492, 18.526748050
0.107831203, 0.221571757, 0.267548798, 0.808068393, 0.251011241, 10.766144140
0.815258774, 0.867749803, 0.382140983, 0.217920318, 0.406772198, 12.100162590
0.258785603, 0.744729439, 0.199144755, 0.011968565, 0.754599391, 12.090618110
0.453723281, 0.227671328, 0.171434479, 0.869348282, 0.080805246, 14.598181620
0.750557522, 0.436750443, 0.537431382, 0.324928766, 0.336739509, 15.051730190
0.937131668, 0.781441588, 0.749166082, 0.771421417, 0.341062426, 15.577356190
0.098336502, 0.974117992, 0.024126294, 0.155656083, 0.909714924, 12.909569790
0.915189828, 0.290629088, 0.479596411, 0.327678652, 0.343365775, 13.284797870
0.214229886, 0.163039550, 0.422751590, 0.054694844, 0.369387388, 2.842880389
0.313815217, 0.190572545, 0.824288992, 0.553521010, 0.341162264, 11.047573290
0.224932468, 0.273095714, 0.284338001, 0.694837815, 0.213508044, 10.112302060
0.309811484, 0.869915904, 0.655416166, 0.053489547, 0.532165343, 9.301524115
0.436215868, 0.287366679, 0.439482392, 0.367894694, 0.305120683, 8.282641459
0.396058487, 0.901729897, 0.100642034, 0.616744056, 0.254697853, 22.227833780
0.170225242, 0.993432684, 0.713720012, 0.655568657, 0.551109143, 14.275138600
0.535702414, 0.344738512, 0.888255420, 0.767811134, 0.884470968, 20.030961060
0.146730160, 0.248228745, 0.065834535, 0.772293471, 0.905506284, 16.763219590
0.333399485, 0.527669244, 0.450976033, 0.246950171, 0.508954210, 9.110224319
0.558253592, 0.819850374, 0.961854831, 0.587625448, 0.280851928, 18.933757980
0.021178713, 0.207466521, 0.740025405, 0.000829931, 0.362075250, 2.931041885
0.625885814, 0.035910243, 0.885819885, 0.848418962, 0.533948878, 15.502766800
0.998023234, 0.797512392, 0.580531944, 0.615552673, 0.554133127, 15.364784910
0.287509280, 0.839967849, 0.535569167, 0.036112456, 0.871757591, 11.062868660
0.031331193, 0.914971302, 0.144480610, 0.155393144, 0.327394522, 6.413090705
0.846813799, 0.769648069, 0.925009895, 0.733507239, 0.985916801, 24.494567580
0.221279887, 0.401100920, 0.423460278, 0.014721380, 0.790003071, 6.431416547
0.402136725, 0.596101795, 0.527052892, 0.397774454, 0.754243205, 15.042205300
0.674360053, 0.101402767, 0.087902336, 0.500172953, 0.409895975, 14.002486840
0.073270890, 0.804740169, 0.564525260, 0.413909428, 0.215819227, 7.126505082
0.952409287, 0.822931985, 0.226352622, 0.220430208, 0.056396819, 10.550454150
0.806770070, 0.500186648, 0.544399775, 0.761515561, 0.055650987, 16.834386680
0.167567215, 0.888943486, 0.525306655, 0.247982466, 0.647122707, 11.414830550
0.382014627, 0.976982933, 0.160707309, 0.517808792, 0.611476665, 18.082241900
0.271902127, 0.562117798, 0.770219072, 0.532832915, 0.163386344, 15.320214200
0.708293894, 0.365658694, 0.345357002, 0.962444061, 0.374445353, 18.538189000
0.859642219, 0.757555186, 0.160809529, 0.521708985, 0.915265512, 20.545280990
0.786622485, 0.630756422, 0.870145029, 0.905653542, 0.634758941, 23.259901990
0.941882595, 0.440291357, 0.312740477, 0.635550489, 0.952683622, 20.835713800
0.748774982, 0.930424256, 0.907944558, 0.134835064, 0.426491650, 15.405567770
0.992320158, 0.787598977, 0.220884980, 0.522719656, 0.841071403, 15.894048310
0.396688067, 0.084834550, 0.371445178, 0.174419789, 0.188074224, 3.323956614
0.748475161, 0.985885967, 0.597407014, 0.345612538, 0.472061969, 14.361379170
0.337075863, 0.633374928, 0.586493013, 0.159211997, 0.832349003, 12.274797160
0.129402068, 0.069039302, 0.246315697, 0.277791751, 0.404111200, 6.381895356
0.439693319, 0.439412452, 0.681021078, 0.519332560, 0.576398899, 16.691381810
0.970814787, 0.583346949, 0.261711474, 0.479713901, 0.481544999, 18.154348830
0.917163315, 0.672245376, 0.333161555, 0.190953861, 0.569198571, 14.715328040
0.114825756, 0.915080280, 0.214756135, 0.331330511, 0.208277663, 8.067076362
0.063275641, 0.641394621, 0.347904020, 0.976707322, 0.453934523, 13.200938920
0.401391319, 0.275471598, 0.617892946, 0.537953266, 0.450348916, 8.937239350
0.178887178, 0.062299497, 0.054686253, 0.285016112, 0.354562288, 10.349340240
0.006923981, 0.211740255, 0.712372419, 0.420853078, 0.409404359, 7.390732514
0.734442030, 0.166503965, 0.446766772, 0.907791130, 0.628015550, 16.536892300
0.456060673, 0.183196190, 0.381105870, 0.052075041, 0.640306306, 6.734506881
0.250894686, 0.248034059, 0.153820938, 0.886756994, 0.051769692, 13.183816850
0.340844690, 0.647022933, 0.623555606, 0.150929782, 0.492720177, 10.047974250
0.387132551, 0.240107447, 0.306564957, 0.985766305, 0.422203750, 15.252964910
0.198124024, 0.987365118, 0.124147284, 0.461800589, 0.554915816, 14.331898950
0.270019289, 0.070768623, 0.229972695, 0.773162405, 0.439304999, 11.085261480
0.345258452, 0.994585137, 0.031952654, 0.018343634, 0.364155046, 14.540758800
0.878270434, 0.705255270, 0.523335609, 0.890345676, 0.296208239, 19.450503980
0.523895124, 0.385343879, 0.673567183, 0.314630715, 0.199579666, 10.685566050
0.655168058, 0.616821771, 0.017937154, 0.372118253, 0.784693761, 21.289593910
0.227533817, 0.820939591, 0.659046550, 0.707494813, 0.517886706, 16.545192650
0.401486244, 0.207730690, 0.334435045, 0.697906177, 0.347891304, 12.162796990
0.341164745, 0.790282812, 0.578824069, 0.842510432, 0.506280965, 18.722393930
0.039560427, 0.734281914, 0.594001454, 0.899610703, 0.288039995, 11.694991440
0.919876599, 0.319403513, 0.073232407, 0.426791741, 0.733019229, 19.360006810
0.362628960, 0.590341156, 0.951822399, 0.059103187, 0.663722427, 13.662469880
0.366692712, 0.500447979, 0.110932615, 0.680541136, 0.805820423, 20.203585930
0.763125770, 0.869516926, 0.737059063, 0.868382671, 0.597539304, 20.511657470
0.753826527, 0.541648268, 0.738971646, 0.651861828, 0.146338196, 16.126532020
0.127244310, 0.877694715, 0.051124401, 0.304065700, 0.440567713, 10.770286820
0.561718532, 0.849029947, 0.534438640, 0.933205951, 0.226973369, 20.108957430
0.197505366, 0.911527170, 0.319659840, 0.590613887, 0.630308013, 13.509337850
0.938537933, 0.592365838, 0.836221631, 0.743969912, 0.739834185, 24.046932570
0.325949870, 0.365003278, 0.908522098, 0.806848124, 0.266754466, 15.273702930
0.357083622, 0.129579412, 0.810736250, 0.452043150, 0.727107602, 11.824655010
0.476864807, 0.500594837, 0.553220671, 0.391534437, 0.471028128, 12.179556290
0.651623330, 0.804046865, 0.755587941, 0.840495043, 0.713142549, 22.127610230
0.909850431, 0.852407415, 0.704549400, 0.590982800, 0.253403975, 11.418542490
0.352712190, 0.197749046, 0.304710984, 0.777898123, 0.948794432, 14.930129370
0.952658132, 0.266841294, 0.859671702, 0.047111099, 0.889429965, 15.070361880
0.954561717, 0.961944893, 0.472121660, 0.918154533, 0.406998295, 13.214072410
0.968769797, 0.499500668, 0.807386653, 0.555650667, 0.256524777, 16.930345530
0.906567979, 0.615451734, 0.562809689, 0.565277973, 0.806302321, 18.826406760
0.431337477, 0.376692569, 0.709046465, 0.756656636, 0.336147055, 14.805597550
0.723348804, 0.219935934, 0.202131765, 0.347388942, 0.918122804, 15.890320450
0.659555095, 0.701910919, 0.678460795, 0.374797223, 0.094855042, 14.311459040
0.302272524, 0.829785026, 0.530069356, 0.022472818, 0.916873031, 12.950813850
0.030199806, 0.803626268, 0.624902059, 0.374444071, 0.626545952, 6.239981765
0.430912056, 0.198626691, 0.924061888, 0.423132319, 0.793835089, 14.217000560
0.446298950, 0.313318217, 0.309534307, 0.147756459, 0.327506430, 8.586384718
0.017182386, 0.959536134, 0.815701236, 0.213162583, 0.681053707, 8.318943476
0.635412433, 0.596829951, 0.678275774, 0.557698847, 0.371707875, 17.971816300
0.656987531, 0.485872317, 0.963353730, 0.308312186, 0.145301068, 16.839670300
0.174921153, 0.111973897, 0.906968582, 0.549768394, 0.486723848, 11.428739770
0.706902528, 0.701051445, 0.237564272, 0.330044476, 0.578129629, 17.126190030
0.737277490, 0.013558788, 0.372184820, 0.438442097, 0.151158857, 6.053346087
0.644179455, 0.697752430, 0.837943861, 0.657990749, 0.338469302, 21.694164670
0.583207559, 0.892761865, 0.025603404, 0.662359421, 0.243202237, 23.258277060
0.936836407, 0.881677757, 0.168581260, 0.847877369, 0.214965001, 17.095737470
0.902322683, 0.922401546, 0.116912281, 0.406841001, 0.796794611, 17.782174690
0.883320925, 0.306130870, 0.722602482, 0.890300696, 0.854467318, 21.294905660
0.260808714, 0.613702418, 0.382769512, 0.390699522, 0.271333386, 9.953308406
0.530334742, 0.628830392, 0.954607107, 0.407725335, 0.481840481, 19.916765430
0.217310411, 0.416874686, 0.337622857, 0.005402645, 0.270699443, 4.527822193
0.770308554, 0.411632706, 0.856134942, 0.312596297, 0.219559682, 14.502097200
0.963068456, 0.506634302, 0.866810022, 0.152549854, 0.403438675, 17.271904030
0.519121416, 0.502755257, 0.770705133, 0.306437360, 0.732636709, 13.987199800
0.520084270, 0.958941356, 0.974381692, 0.613927354, 0.591868052, 22.779557370
0.089901741, 0.136325384, 0.062921938, 0.167680153, 0.998113389, 11.288828170
0.905427390, 0.413728702, 0.440908890, 0.377539243, 0.024233717, 13.104994060
0.660734048, 0.280407853, 0.096852241, 0.397190396, 0.018209117, 12.290901090
0.564922177, 0.312025083, 0.609664151, 0.722949953, 0.302812474, 14.548902490
0.591904111, 0.301604868, 0.272733945, 0.731402877, 0.318981349, 13.859989740
0.650165783, 0.489485959, 0.452929910, 0.435972552, 0.897757597, 16.122249050
0.631123985, 0.479984359, 0.137712336, 0.684183525, 0.577725423, 22.579412140
0.149990901, 0.271962959, 0.159551297, 0.164610340, 0.849480690, 9.551073675
0.480305886, 0.295429886, 0.628236321, 0.120240264, 0.090960203, 5.873782634
0.206969406, 0.857862431, 0.278257605, 0.979269610, 0.618163297, 17.849062980
0.733820751, 0.064917804, 0.769080335, 0.349298630, 0.673167653, 9.276935643
0.661259415, 0.440043255, 0.876135588, 0.738940369, 0.344694497, 19.704030060
0.139507919, 0.318595954, 0.142194412, 0.702652052, 0.957133723, 16.796007400
0.855752098, 0.552680303, 0.084580177, 0.873245250, 0.352931993, 22.650494310
0.149639180, 0.817713201, 0.972676002, 0.862340707, 0.259406119, 18.441252190
0.466320775, 0.947663007, 0.209719469, 0.866235260, 0.507813121, 22.587875690
0.316728738, 0.804258644, 0.835465660, 0.319574595, 0.753424383, 16.319527450
0.679623174, 0.790519981, 0.908062601, 0.294130609, 0.868037434, 20.560925150
0.481906682, 0.016855051, 0.744780027, 0.695976914, 0.400597620, 9.889567608
0.592703863, 0.155963214, 0.926046828, 0.917221117, 0.239918418, 16.115759700
0.641468775, 0.076169285, 0.269877336, 0.676642587, 0.518170711, 11.747742140
0.919005708, 0.766384387, 0.872386841, 0.922490210, 0.987678493, 25.267785470
0.664922660, 0.416767879, 0.288667049, 0.210413824, 0.685489780, 14.418049580
0.499054765, 0.428169783, 0.266763940, 0.099986225, 0.176041433, 9.038206554
0.878136951, 0.394325461, 0.881681380, 0.204160401, 0.270629313, 15.708159260
0.350442193, 0.904100744, 0.384735270, 0.696413413, 0.687453693, 17.101402840
0.392740804, 0.318766967, 0.821705584, 0.181867222, 0.329318625, 10.495460160
0.404723739, 0.003164391, 0.288808624, 0.600822877, 0.892802954, 11.553458420
0.283226000, 0.773870337, 0.391907649, 0.136346424, 0.269560731, 8.189885665
0.542815758, 0.204882426, 0.361631432, 0.793617408, 0.327886110, 14.157230550
0.033919980, 0.339453175, 0.980962541, 0.244437445, 0.831473753, 11.602559030
0.043793145, 0.303800166, 0.832755090, 0.699068438, 0.762459682, 11.969455050
0.834279104, 0.666404381, 0.968756173, 0.365699153, 0.742708892, 21.771760680
0.135356122, 0.543800290, 0.873979720, 0.566158447, 0.453430990, 13.103621060
0.887643049, 0.753712928, 0.425993712, 0.895572599, 0.629825054, 20.789402510
0.480551317, 0.705812249, 0.993424688, 0.635191512, 0.427162376, 22.053200670
0.090178852, 0.857831904, 0.978453824, 0.606336331, 0.040430198, 15.547689070
0.842595070, 0.337512466, 0.921256791, 0.874273038, 0.446830187, 22.832261370
0.578030646, 0.050298665, 0.194514915, 0.542311056, 0.248207378, 10.334950150
0.106145987, 0.671062669, 0.717803214, 0.756689189, 0.655855366, 14.062632570
0.989318017, 0.303575906, 0.630298254, 0.370482719, 0.722107614, 17.090549760
0.276301806, 0.771362777, 0.765158097, 0.828998801, 0.808555575, 19.269783970
0.073826775, 0.264086693, 0.806735212, 0.157842153, 0.379109454, 5.112230382
0.189125635, 0.614187977, 0.151450360, 0.605310264, 0.963429089, 17.200251850
0.208808765, 0.922204838, 0.185037283, 0.462486721, 0.293416150, 13.454488880
0.257298384, 0.138754304, 0.917342111, 0.428200087, 0.564382680, 13.352508170
0.024619648, 0.000893145, 0.982904395, 0.315392523, 0.681291088, 12.061703310
0.532422108, 0.128847013, 0.617840580, 0.023660990, 0.585908559, 5.727393684
0.616965758, 0.432032287, 0.200420890, 0.544886155, 0.538257294, 16.690698160
0.930755009, 0.156273168, 0.970105708, 0.619482429, 0.148266092, 16.985265970
0.683182269, 0.744394009, 0.904893760, 0.172944777, 0.701983987, 19.173375240
0.849134333, 0.559612162, 0.162370308, 0.850121192, 0.251556106, 20.671191120
0.210073934, 0.347436914, 0.389259494, 0.128814021, 0.293827337, 4.279413568
0.520255298, 0.638610263, 0.002716742, 0.892449570, 0.958554699, 26.794316850
0.004090843, 0.387496350, 0.812983143, 0.518775776, 0.108219113, 8.397880004
0.935937306, 0.051612613, 0.098802168, 0.547414881, 0.372876421, 12.604030330
0.429136245, 0.758386882, 0.328896027, 0.299210294, 0.755628669, 15.394547570
0.857952694, 0.164734938, 0.073153304, 0.649924495, 0.119794393, 14.116058510
0.514877706, 0.825276645, 0.253252699, 0.406087542, 0.397079077, 16.842556500
0.090451953, 0.539952534, 0.085161857, 0.585923287, 0.563927450, 12.656185230
0.558434550, 0.597047285, 0.812709822, 0.834489062, 0.728401137, 22.294423830
0.327868132, 0.204249240, 0.143108395, 0.678870952, 0.402948181, 14.056823670
0.535193449, 0.346194305, 0.185591713, 0.907537777, 0.139836210, 16.719000020
0.097314050, 0.932609373, 0.367983551, 0.177781436, 0.202805098, 6.877368368
0.373025417, 0.693951973, 0.513650678, 0.774634087, 0.892699386, 20.045652790
0.810636175, 0.469199120, 0.215886446, 0.432109584, 0.959551615, 19.651538090
0.770760942, 0.854541287, 0.661311071, 0.947355682, 0.191475813, 16.421063140
0.701325559, 0.929637156, 0.177833368, 0.712831417, 0.928668698, 23.455901950
0.438015575, 0.962286331, 0.825387113, 0.338161620, 0.296599165, 18.327203740
0.406842974, 0.816174501, 0.861105547, 0.128901960, 0.157478810, 14.433097680
0.436991633, 0.906156897, 0.578210292, 0.814604735, 0.444432746, 19.599301060
0.729301705, 0.683367738, 0.565879564, 0.714525724, 0.568463577, 20.237420600
0.996731568, 0.112055213, 0.705569279, 0.607217202, 0.691469210, 14.265762630
0.380817167, 0.216722275, 0.640791237, 0.422061528, 0.277591453, 8.708954225
0.253774747, 0.533114531, 0.929135618, 0.252228198, 0.344459554, 13.527456830
0.771953190, 0.563607784, 0.403376078, 0.767786961, 0.647075185, 21.552373880
0.932383767, 0.152301048, 0.959919697, 0.582673330, 0.646100545, 17.353484030
0.828861810, 0.463161757, 0.922946336, 0.467296367, 0.528947949, 19.721489880
0.213111478, 0.179152741, 0.670399105, 0.200940043, 0.643487526, 7.587357434
0.511552079, 0.164290367, 0.707018040, 0.835493144, 0.589491985, 14.191031020
0.747083636, 0.319717820, 0.160040797, 0.971994032, 0.164713198, 21.658704830
0.199097672, 0.549562878, 0.468348899, 0.865861295, 0.835100487, 16.086650190
0.531199784, 0.124407600, 0.018367922, 0.602691210, 0.241695507, 14.898806610
0.074921591, 0.016274534, 0.043521881, 0.639723218, 0.933053239, 13.793726790
0.623516672, 0.768565062, 0.288802201, 0.537738771, 0.343801196, 17.652310530
0.732414099, 0.250196987, 0.395934358, 0.682652896, 0.545422691, 14.073852150
0.328590487, 0.298496802, 0.748423070, 0.474298591, 0.297791230, 12.000269140
0.686496330, 0.291786476, 0.846312421, 0.845615510, 0.001251448, 15.800134470
0.333668779, 0.172404084, 0.391837590, 0.448296788, 0.934081076, 12.261853920
0.565412516, 0.127648074, 0.843059294, 0.896651074, 0.221524898, 15.518568120
0.409238907, 0.346633534, 0.499260234, 0.446083882, 0.201135025, 10.290314850
0.261997675, 0.290489581, 0.109506762, 0.677232439, 0.311114454, 13.668990600
0.227420080, 0.703928619, 0.494298603, 0.717904540, 0.751815008, 15.783565730
0.514212918, 0.296390432, 0.061759624, 0.752590169, 0.399381099, 18.681489090
0.602370235, 0.089409571, 0.302720430, 0.228674405, 0.022656705, 4.769197650
0.846819036, 0.821082283, 0.060428739, 0.681976891, 0.906372396, 22.192886230
0.826220987, 0.527643915, 0.202213268, 0.147830726, 0.056890167, 13.800432030
0.488183011, 0.656678770, 0.453527197, 0.301926446, 0.430948980, 13.952518480
0.834049442, 0.410892355, 0.585143158, 0.902280388, 0.507019639, 21.415166010
0.841474223, 0.329671047, 0.910675963, 0.959963700, 0.014826891, 19.689389860
0.862477908, 0.606859729, 0.180729244, 0.153234018, 0.122614133, 13.014425200
0.774868478, 0.194650794, 0.876772282, 0.991905565, 0.715884723, 22.376833490
0.290812270, 0.278634693, 0.682643687, 0.454979097, 0.561034697, 10.674156880
0.464206378, 0.182161842, 0.222773776, 0.072579927, 0.018790432, 5.373667205
0.596590424, 0.325878186, 0.660993509, 0.828579662, 0.692189710, 17.198033210
0.792112470, 0.547899652, 0.133810578, 0.365009098, 0.965678816, 19.703662970
0.567270049, 0.370475062, 0.646909315, 0.507712582, 0.456596834, 13.170114570
0.951054807, 0.520584582, 0.872511144, 0.143268759, 0.253813896, 16.129260090
0.765091653, 0.176453043, 0.156660103, 0.770200110, 0.346606887, 16.375110990
0.153256633, 0.344721409, 0.720287292, 0.152822441, 0.080520884, 4.407622099
0.563430024, 0.657591995, 0.422314357, 0.760624849, 0.307965067, 18.466691110
0.956510934, 0.105212338, 0.501699728, 0.404354623, 0.378079078, 8.635755062
0.812516843, 0.939242848, 0.515336797, 0.334005929, 0.483554259, 12.029514270
0.622518865, 0.969099516, 0.737678064, 0.947591560, 0.508042015, 24.707313380
0.456053481, 0.112559629, 0.659446458, 0.634988445, 0.432847142, 12.497203480
0.520712418, 0.127981513, 0.117762760, 0.759397831, 0.257425497, 15.260096730
0.828634718, 0.232892988, 0.453366370, 0.722442124, 0.315431667, 16.555139670
0.650621553, 0.965595099, 0.320791260, 0.702295242, 0.452902851, 20.711168440
0.040898721, 0.877667663, 0.785441713, 0.034391714, 0.972354045, 6.574744694
0.620926856, 0.333980654, 0.235328507, 0.372594857, 0.465413081, 13.214073390
0.532913243, 0.952285036, 0.602661555, 0.950454469, 0.624666779, 25.288408680
0.165876869, 0.288053628, 0.186011208, 0.027401799, 0.324397254, 5.359348761
0.528947240, 0.002169218, 0.515220130, 0.188227140, 0.790071177, 5.862288428
0.380794021, 0.989410211, 0.209011527, 0.913535215, 0.040673041, 22.343799700
0.139452641, 0.775712580, 0.484577960, 0.251475222, 0.949479106, 9.682474503
0.341016568, 0.335036685, 0.606606881, 0.697502029, 0.378749778, 12.621162960
0.082171782, 0.220394544, 0.706144075, 0.252284106, 0.893536716, 7.446815396
0.193170430, 0.338118362, 0.871764046, 0.806026189, 0.194531924, 14.707368330
0.216189951, 0.412834925, 0.663125318, 0.765079129, 0.053452224, 11.180164980
0.206590435, 0.135992245, 0.791160900, 0.202528136, 0.240147207, 5.414611504
0.533103344, 0.819271655, 0.278253654, 0.940462952, 0.497978053, 22.908542350
0.092838384, 0.977092861, 0.240315203, 0.346934467, 0.454726692, 10.557347690
0.912897425, 0.776935729, 0.497122874, 0.455074815, 0.501082266, 13.260701400
0.195521082, 0.423870780, 0.046259104, 0.521991404, 0.688904790, 16.208782340
0.811999986, 0.863192169, 0.621615763, 0.099730515, 0.664716846, 12.237987430
0.747676960, 0.146746359, 0.407314377, 0.445825874, 0.667234477, 11.886524730
0.770125539, 0.614244142, 0.703048692, 0.852531099, 0.919246984, 24.431655970
0.968496919, 0.819564145, 0.150798238, 0.200821887, 0.483081477, 12.519610160
0.237566912, 0.355971088, 0.203386966, 0.674718556, 0.622263480, 15.524417600
0.680385608, 0.278380218, 0.183449375, 0.867638674, 0.290739446, 18.030004100
0.542474839, 0.856717398, 0.032888056, 0.204928133, 0.810519474, 20.595384870
0.557746714, 0.841800961, 0.538561579, 0.424596416, 0.172727743, 14.412036380
0.950603273, 0.086074406, 0.548067468, 0.781933887, 0.584030975, 13.186758600
0.946831304, 0.041567426, 0.445015768, 0.711182932, 0.738906985, 12.965028700
0.802482941, 0.396292317, 0.198171363, 0.452286913, 0.121095523, 15.040372070
0.553693098, 0.031246932, 0.087450857, 0.066190601, 0.269221497, 3.880657980
0.564784130, 0.956269036, 0.729525958, 0.885756780, 0.228660217, 21.810556350
0.971534553, 0.652175817, 0.230024336, 0.280331559, 0.347565812, 14.174922070
0.683078772, 0.727944814, 0.357343228, 0.679170327, 0.343104108, 18.418106970
0.828614962, 0.038864895, 0.903456721, 0.059786296, 0.372537155, 7.140200845
0.010122430, 0.623707570, 0.643374001, 0.787394144, 0.209215230, 8.021294976
0.299529207, 0.887673530, 0.053062799, 0.341074887, 0.907787453, 21.132506670
0.090962495, 0.553994840, 0.994652121, 0.689805108, 0.787294073, 16.511229750
0.710009262, 0.212290078, 0.112185168, 0.981858414, 0.042809130, 19.006265930
0.505968196, 0.324976353, 0.804087541, 0.155063316, 0.088158187, 8.158757905
0.847760156, 0.063817730, 0.965255288, 0.983509854, 0.261605228, 18.556955520
0.266796132, 0.416135488, 0.077953957, 0.797142428, 0.947112428, 17.387814810
0.850563209, 0.592598604, 0.122218351, 0.517754487, 0.078141841, 17.177927110
0.744853846, 0.420950697, 0.368120525, 0.523003291, 0.626648414, 17.615336490
0.642342908, 0.661024607, 0.133988575, 0.113122829, 0.190629575, 14.074422290
0.206732632, 0.532510655, 0.998470907, 0.194100867, 0.475946500, 13.248449470
0.800832799, 0.190242490, 0.582818005, 0.066951485, 0.741862602, 7.905320591
0.067325052, 0.410659611, 0.299369239, 0.316623684, 0.772522847, 9.941893893
0.923795704, 0.808937440, 0.785926385, 0.794357946, 0.600716608, 19.995853030
0.173698764, 0.106889918, 0.977213839, 0.428435106, 0.872506253, 12.617155450
0.294472299, 0.223775207, 0.907630692, 0.052349484, 0.335608547, 7.130714562
0.984867414, 0.594201138, 0.860705311, 0.198182589, 0.562532024, 17.334906230
0.531482014, 0.896183806, 0.632489002, 0.885812199, 0.772936932, 24.642798850
0.467287852, 0.445319165, 0.690848200, 0.031503816, 0.610299624, 9.086305014
0.736249235, 0.915065325, 0.067887643, 0.935868652, 0.377357337, 22.415503240
0.651198858, 0.635306616, 0.557601121, 0.411940476, 0.878741048, 18.113316120
0.696481734, 0.358437482, 0.425834333, 0.330313732, 0.222490899, 11.094962050
0.994293205, 0.164896879, 0.663575757, 0.188836723, 0.776780108, 10.679284280
0.492074229, 0.872327956, 0.344182291, 0.425605284, 0.080824314, 14.250025050
0.927151608, 0.767271445, 0.584186090, 0.502919580, 0.384517557, 13.511695720
0.569649675, 0.740784032, 0.451307252, 0.499850029, 0.238466119, 14.924524320
0.791048122, 0.094938060, 0.598009755, 0.265127012, 0.023712227, 6.471277403
0.047411205, 0.836776036, 0.188780989, 0.229423627, 0.380771693, 7.505254322
0.688073978, 0.785864465, 0.186235365, 0.228851415, 0.761078000, 17.929335630
0.626057498, 0.722015939, 0.129860034, 0.566717728, 0.946128950, 23.942040930
0.944013637, 0.369259015, 0.704115986, 0.334426268, 0.611705425, 16.673260020
0.133412538, 0.455862187, 0.233866304, 0.012298970, 0.999514229, 9.335228676
0.540148662, 0.011331640, 0.499361968, 0.445212243, 0.640768534, 6.868084070
0.022460799, 0.798837431, 0.593734763, 0.280432182, 0.335789289, 4.698951751
0.341581351, 0.881773468, 0.108553664, 0.316860057, 0.093944522, 15.408293850
0.405653404, 0.133410784, 0.438640367, 0.098367981, 0.283272999, 5.261449167
0.279283403, 0.053623750, 0.850174133, 0.771487843, 0.993436082, 15.483303780
0.187086129, 0.584200807, 0.647449508, 0.812942501, 0.119625465, 12.420620940
0.383754862, 0.067825828, 0.328785514, 0.213863950, 0.569176190, 4.372712093
0.942018050, 0.770598266, 0.256893238, 0.159813010, 0.734895591, 14.735730120
0.226416193, 0.844755044, 0.550614920, 0.800453186, 0.462063830, 15.166756580
0.889601925, 0.991832159, 0.994959024, 0.703898887, 0.202300738, 15.726831120
0.439875686, 0.230437535, 0.338356808, 0.213541653, 0.403901146, 8.158971721
0.304709726, 0.765541218, 0.591629792, 0.607510350, 0.570472256, 15.888087610
0.811606593, 0.999677453, 0.043594481, 0.352720068, 0.275111885, 14.772756220
0.507116790, 0.605318561, 0.044911120, 0.283440807, 0.883489761, 19.349279760
0.393387145, 0.666473628, 0.648828831, 0.359280941, 0.709448689, 16.214965010
0.024918046, 0.931460005, 0.080039109, 0.275420031, 0.111449833, 8.637497233
0.131402473, 0.715015106, 0.374679535, 0.939044162, 0.564041990, 15.370977500
0.248438227, 0.123152911, 0.696067918, 0.294354001, 0.061972151, 3.726014583
0.466445364, 0.171247535, 0.033371360, 0.951452660, 0.427901242, 18.927372730
0.457664228, 0.931714930, 0.583651001, 0.247809361, 0.947058464, 15.333192920
0.251621767, 0.388700921, 0.643072582, 0.827158501, 0.734960746, 15.419655490
0.448830118, 0.171920065, 0.638288591, 0.843578678, 0.997520276, 15.982036930
0.103704503, 0.693246341, 0.583643147, 0.170670906, 0.370295317, 6.155213234
0.279818401, 0.307845189, 0.558923762, 0.401596552, 0.291064012, 6.463038454
0.930124240, 0.961485239, 0.957863719, 0.390911603, 0.354181214, 12.969588140
0.222869670, 0.014352068, 0.162988714, 0.923488652, 0.793382656, 15.996656240
0.681215265, 0.426442877, 0.306825308, 0.542676811, 0.840289646, 18.763046770
0.365838209, 0.108376121, 0.573215982, 0.765482144, 0.011458828, 9.939203791
0.373576087, 0.102077693, 0.716350142, 0.486072175, 0.926159326, 13.764688840
0.516035010, 0.191157724, 0.571336197, 0.304114800, 0.922775656, 10.610983420
0.616726053, 0.077891674, 0.185456891, 0.583458072, 0.353056907, 12.436164940
0.597556754, 0.816211819, 0.227604969, 0.519729783, 0.477526294, 20.774509460
0.143087318, 0.471880592, 0.550624142, 0.891023149, 0.949678077, 14.879345960
0.136720688, 0.945200475, 0.025196540, 0.666546613, 0.365608841, 16.672270430
0.988085136, 0.195445914, 0.685649511, 0.975179353, 0.447754819, 19.455358950
0.889666184, 0.622920552, 0.914064134, 0.235187070, 0.983544748, 20.654716440
0.899186883, 0.125701823, 0.728926601, 0.999480216, 0.106530983, 14.029614230
0.257684056, 0.926438751, 0.766297841, 0.022422279, 0.420533089, 11.221854950
0.799692924, 0.995531855, 0.329678781, 0.986634321, 0.946989531, 21.229858350
0.694204341, 0.992161445, 0.228878170, 0.023839209, 0.336196457, 11.861429700
0.306368106, 0.052493084, 0.745901011, 0.705156148, 0.549861418, 12.188740780
0.600704610, 0.731301057, 0.319006830, 0.177400955, 0.466102324, 14.817923370
0.857626847, 0.964595220, 0.500985451, 0.389440488, 0.906357659, 14.168751940
0.718989730, 0.409464958, 0.566681593, 0.591252858, 0.905641579, 17.499595250
0.958304826, 0.723019274, 0.983621271, 0.355833216, 0.849344833, 19.633725660
0.366914125, 0.674946446, 0.860374313, 0.947456440, 0.181028475, 18.948318310
0.022065743, 0.918991483, 0.626685257, 0.887231771, 0.714552867, 14.859963410
0.780143926, 0.004820877, 0.557158238, 0.062379016, 0.835640930, 4.826842507
0.787216068, 0.460334107, 0.152594597, 0.842860176, 0.941113658, 23.648741450
0.750990239, 0.686462903, 0.963499423, 0.739162516, 0.526401369, 22.636438360
0.695290054, 0.654943394, 0.410396137, 0.711791616, 0.716792597, 21.135724850
0.727191875, 0.962733934, 0.221291857, 0.518656101, 0.932891155, 19.366203980
0.825914293, 0.515597681, 0.896151864, 0.318783790, 0.986929685, 22.170765050
0.386811669, 0.088729524, 0.623979350, 0.312521948, 0.489380867, 5.767377888
0.924485153, 0.580016082, 0.549265648, 0.549253538, 0.430325535, 16.814192430
0.652874344, 0.090260351, 0.658229505, 0.683295470, 0.856134308, 14.645462180
0.311100994, 0.534185191, 0.444084528, 0.565471982, 0.711664413, 14.633213260
0.491452137, 0.762768376, 0.359543800, 0.290991551, 0.039352705, 13.848155490
0.728502196, 0.831395515, 0.346678641, 0.942261580, 0.162308601, 20.350179930
0.015260872, 0.088348387, 0.880832305, 0.865393232, 0.238257017, 13.753729440
0.929114416, 0.044011307, 0.446375263, 0.062783125, 0.804401554, 5.539534088
0.563816569, 0.453855914, 0.530261185, 0.906427710, 0.237864571, 18.297794820
0.980575813, 0.446383119, 0.139941805, 0.579794740, 0.375465816, 19.918315120
0.603542512, 0.602335954, 0.752730408, 0.776662110, 0.809905253, 21.660990280
0.468462632, 0.982832937, 0.613598327, 0.360499389, 0.675823019, 17.348072530
0.821574489, 0.894384265, 0.959198404, 0.498851418, 0.431100544, 16.782470140
0.376733074, 0.106851395, 0.598874165, 0.754502690, 0.182248357, 11.324043600
0.913052139, 0.296379575, 0.955132501, 0.567619669, 0.804097048, 20.312342730
0.005358870, 0.840788356, 0.593770024, 0.626730254, 0.329155431, 6.770687721
0.752159046, 0.165314680, 0.766794625, 0.901334688, 0.219296038, 16.207281390
0.052115965, 0.042216124, 0.815884795, 0.015894773, 0.313891926, 0.956075976
0.718737794, 0.935200208, 0.812571450, 0.475536373, 0.454045087, 18.782386400
0.429479688, 0.131345495, 0.155431462, 0.703712973, 0.376433789, 12.894364290
0.487791373, 0.810400841, 0.157982797, 0.760375476, 0.858878523, 22.818486940
0.961788884, 0.939957716, 0.536051847, 0.776516100, 0.375942337, 14.077535910
0.443988333, 0.620743764, 0.535835731, 0.654041610, 0.553980262, 16.672246300
0.256507486, 0.371347625, 0.216349972, 0.984404067, 0.043666755, 16.444071090
0.327920818, 0.721678135, 0.812289940, 0.710827165, 0.244914770, 18.677945090
0.758367847, 0.141954006, 0.341619381, 0.255265415, 0.172967363, 7.554170390
0.152354713, 0.486959549, 0.641055447, 0.016873361, 0.924605132, 7.996050828
0.824027011, 0.980605494, 0.737881138, 0.941980628, 0.403071331, 17.295402890
0.163152427, 0.531315830, 0.264090270, 0.841872442, 0.240583492, 14.202088130
0.841738875, 0.928823009, 0.182095687, 0.573065532, 0.287912957, 16.716662630
0.757185453, 0.529658683, 0.989250305, 0.638575188, 0.658246866, 24.940478510
0.434504145, 0.476533070, 0.242606324, 0.848037206, 0.784729111, 19.726977460
0.803102817, 0.484091583, 0.474761064, 0.839737876, 0.277008797, 18.343696510
0.195994315, 0.071491985, 0.334114493, 0.549761897, 0.422915768, 9.090985453
0.712063066, 0.382699168, 0.699855671, 0.493870718, 0.515645506, 15.017520340
0.552924003, 0.477958087, 0.237698278, 0.646116007, 0.716632355, 19.364633970
0.635943127, 0.808775842, 0.198873699, 0.349926703, 0.841480572, 19.133090330
0.758325195, 0.723066760, 0.449972370, 0.389971759, 0.123973373, 13.832505600
0.932878420, 0.010287868, 0.248479856, 0.531990661, 0.891606245, 13.366628360
0.785824015, 0.788980947, 0.793205368, 0.281250781, 0.375244896, 15.943673680
0.729499379, 0.624728241, 0.667377260, 0.523396250, 0.485896217, 16.638179570
0.637978660, 0.799748803, 0.544318636, 0.964656013, 0.098034634, 19.168344020
0.466632614, 0.010224496, 0.626103174, 0.170595093, 0.625739201, 5.936056474
0.289361613, 0.031729653, 0.828245574, 0.411113563, 0.757629619, 9.796162867
0.653991176, 0.058670913, 0.418363727, 0.961490417, 0.008713562, 10.978620150
0.036429965, 0.990011217, 0.111492664, 0.180777972, 0.631791522, 8.753545786
0.600535058, 0.066129560, 0.669737890, 0.707139862, 0.031915700, 10.351713640
0.599871778, 0.552060016, 0.992744238, 0.952489168, 0.607449427, 24.815225470
0.682915699, 0.126409218, 0.676255583, 0.717405652, 0.852234886, 15.628257350
0.637858648, 0.621109284, 0.125605266, 0.780644995, 0.925827218, 26.264485800
0.406605375, 0.482717658, 0.981441539, 0.948682755, 0.224664785, 21.314566430
0.387240368, 0.298983460, 0.527885452, 0.574349942, 0.902104506, 12.549403680
0.203104513, 0.900748882, 0.466092439, 0.705167627, 0.662594105, 15.521760630
0.947461170, 0.227477670, 0.269523235, 0.199016048, 0.747937081, 11.325652200
0.840473489, 0.501466827, 0.117031230, 0.575039676, 0.675985332, 22.079578640
0.152168220, 0.655417028, 0.061961304, 0.733290645, 0.858755792, 19.712251090
0.069704290, 0.777159883, 0.698534309, 0.516775690, 0.465382056, 11.737061670
0.514476390, 0.883955857, 0.541795776, 0.187641679, 0.040254545, 12.490242230
0.707916412, 0.658411659, 0.472225627, 0.939209797, 0.190747194, 19.447657360
0.816265634, 0.756113612, 0.003112001, 0.774285777, 0.471940206, 23.301042430
0.757035077, 0.052819091, 0.947618352, 0.771158352, 0.757504267, 16.384095530
0.505989769, 0.536843771, 0.554004978, 0.094220660, 0.552431183, 11.027777910
0.475128745, 0.450727899, 0.810026111, 0.477763093, 0.322668184, 14.512679170
0.600923753, 0.883506272, 0.126423394, 0.815483279, 0.072606506, 22.149548290
0.981140356, 0.990766398, 0.528126167, 0.938412672, 0.362175476, 12.282607730
0.364099843, 0.035883635, 0.624511094, 0.534783389, 0.318985493, 7.668048802
0.037020773, 0.792336360, 0.746715992, 0.709087587, 0.160518812, 9.061686377
0.775131535, 0.778135779, 0.282810808, 0.696271908, 0.297737193, 17.842202140
0.934860864, 0.479872369, 0.037863631, 0.070048834, 0.160922688, 16.764665060
0.639136332, 0.169246703, 0.383199346, 0.612102274, 0.667757506, 11.468549170
0.315414989, 0.901937848, 0.142931872, 0.945245872, 0.471035269, 23.401585720
0.288299589, 0.601589996, 0.426680061, 0.636209188, 0.421762127, 12.447269440
0.793937889, 0.475332735, 0.454120682, 0.130545477, 0.298451714, 11.719419610
0.754369047, 0.869732765, 0.856809609, 0.938498974, 0.209747002, 24.538060680
0.465739092, 0.234952003, 0.674951557, 0.910572536, 0.944198895, 18.100681580
0.345449271, 0.868618502, 0.913633427, 0.005213594, 0.414033875, 15.685667050
0.177506737, 0.504990335, 0.721410056, 0.179489463, 0.977340636, 11.768975600
0.013624108, 0.013694942, 0.709353322, 0.770298892, 0.316741630, 9.532768339
0.310490878, 0.542242074, 0.570738090, 0.430107315, 0.295265656, 10.982712830
0.603429396, 0.491426108, 0.507135826, 0.792269614, 0.091210013, 17.220541400
0.811891836, 0.801048509, 0.308738434, 0.331482420, 0.700177053, 16.959852710
0.317550982, 0.879520848, 0.985574469, 0.538183030, 0.706865822, 20.844352580
0.766201502, 0.076276892, 0.326688195, 0.616091779, 0.848685298, 11.249429950
0.044891643, 0.092149888, 0.215375810, 0.417157683, 0.116928558, 7.304910574
0.135753774, 0.449144900, 0.263393926, 0.003074571, 0.406692031, 5.554677868
0.048412268, 0.668215907, 0.759747345, 0.689999660, 0.697987849, 12.267199830
0.189591752, 0.191924623, 0.103053400, 0.298767070, 0.402722139, 7.896092069
0.675815453, 0.394887746, 0.403882928, 0.745564894, 0.404155001, 17.009681740
0.929456634, 0.404927242, 0.001774361, 0.637325105, 0.381186235, 23.789642640
0.524367807, 0.027557759, 0.856076426, 0.737907809, 0.203917666, 11.336696040
0.521252440, 0.431536699, 0.333249992, 0.059496745, 0.528856004, 11.428642380
0.045672624, 0.762171870, 0.501259876, 0.084566615, 0.740050941, 6.491599412
0.436313114, 0.242422484, 0.042541288, 0.009318279, 0.726146460, 10.289765590
0.395472681, 0.148524058, 0.866104054, 0.219236499, 0.332988133, 6.693455771
0.924937884, 0.026288165, 0.387395880, 0.826263110, 0.941329153, 14.380572060
0.210663175, 0.134372963, 0.888195320, 0.177559946, 0.027557946, 5.926881090
0.438404937, 0.786215169, 0.630506609, 0.416735581, 0.971471003, 18.162183040
0.048725736, 0.746776077, 0.299181742, 0.475218290, 0.330153641, 9.244821373
0.181366653, 0.413224035, 0.484570017, 0.173463435, 0.795719089, 7.517204892
0.819750141, 0.977465079, 0.895869116, 0.541918045, 0.388448442, 15.685121900
0.178796595, 0.172682182, 0.123033434, 0.522684906, 0.499786478, 11.818843540
0.080477185, 0.577759683, 0.389172660, 0.276018292, 0.986977331, 10.265190900
0.544828343, 0.970482929, 0.324173100, 0.915346046, 0.824845854, 24.898853160
0.720805966, 0.246717091, 0.219872858, 0.582669688, 0.610333795, 16.318198280
0.749684939, 0.867117667, 0.173930228, 0.380092781, 0.102526822, 15.097524160
0.390843655, 0.686858878, 0.852363442, 0.272691619, 0.315721263, 14.280246870
0.158210410, 0.995766228, 0.631449076, 0.672704480, 0.842023700, 15.899360510
0.782692946, 0.038748150, 0.756908661, 0.811284486, 0.836261081, 15.833397220
0.851827738, 0.011542138, 0.566660445, 0.383559507, 0.149246721, 5.571254592
0.837944690, 0.666131688, 0.290639010, 0.577045304, 0.373258020, 18.490030280
0.709355501, 0.791698935, 0.486564334, 0.759654374, 0.776932908, 21.253517410
0.659257157, 0.775861893, 0.950976590, 0.752421388, 0.741777067, 25.077604150
0.963894300, 0.617246192, 0.186178731, 0.672646466, 0.272272124, 18.706177800
0.375112201, 0.188249706, 0.011690813, 0.026804106, 0.454455911, 9.173519741
0.022411652, 0.316160681, 0.225374545, 0.614729857, 0.473257504, 11.736143330
0.650237693, 0.195706725, 0.247077521, 0.759665245, 0.883696331, 16.593502860
0.987420164, 0.664753685, 0.757268434, 0.344619921, 0.723573568, 17.502203960
0.982392880, 0.291804704, 0.025325826, 0.936259340, 0.214301422, 22.711260800
0.163473644, 0.685988112, 0.300577744, 0.185349306, 0.526863290, 9.255939802
0.143746399, 0.944713803, 0.245585265, 0.104210625, 0.663875526, 9.393898253
0.024561147, 0.426353223, 0.426330256, 0.200767480, 0.948752072, 7.219789222
0.006401413, 0.079607970, 0.041198047, 0.817349293, 0.398737695, 14.408271040
0.326238888, 0.203445697, 0.251514250, 0.332771577, 0.360980135, 8.909221239
0.487727325, 0.181389201, 0.634666005, 0.266165755, 0.225208680, 6.682119094
0.490446429, 0.885707220, 0.741938496, 0.789297998, 0.906965636, 24.534575280
0.898723724, 0.577023070, 0.154900625, 0.490366866, 0.104313523, 16.748072290
0.460548673, 0.259841910, 0.118727344, 0.232576972, 0.349773456, 8.797926093
0.504022766, 0.218915396, 0.179430397, 0.397258466, 0.686716821, 12.336643260
0.148602435, 0.635838990, 0.786052132, 0.029312947, 0.093775809, 6.943964768
0.123517976, 0.281372295, 0.568637409, 0.799322390, 0.356521391, 11.887635780
0.565016874, 0.242047522, 0.360044617, 0.209515257, 0.860668029, 11.087953190
0.097589845, 0.641199352, 0.430166595, 0.877452400, 0.671345864, 14.891195550
0.128068164, 0.968765138, 0.453745071, 0.441667611, 0.828933165, 12.149328760
0.422833161, 0.855796751, 0.991217089, 0.954354881, 0.930609105, 27.779852940
0.132869230, 0.120030619, 0.032039723, 0.873444403, 0.308808200, 16.221275550
0.997057331, 0.311378810, 0.262620221, 0.404513706, 0.940434577, 19.454103320
0.847474247, 0.255903973, 0.444247506, 0.166081921, 0.301868304, 9.237334236
0.821369068, 0.876941467, 0.653475783, 0.996992225, 0.671972576, 21.112159750
0.026835988, 0.767560269, 0.420728074, 0.181740850, 0.088214407, 2.216392715
0.854297219, 0.264310956, 0.009230397, 0.863056387, 0.288099005, 20.169756770
0.976508974, 0.505960077, 0.245245435, 0.766743877, 0.402945918, 22.651771900
0.999718810, 0.449758827, 0.292769936, 0.504872809, 0.567180421, 19.200775370
0.089107936, 0.340361645, 0.903037662, 0.944207293, 0.271154705, 14.276760870
0.802253774, 0.145640116, 0.542904016, 0.071663679, 0.020318979, 6.097057776
0.965144512, 0.895574977, 0.653171604, 0.009647451, 0.958938550, 9.212674563
0.256045800, 0.837123987, 0.606006172, 0.797945513, 0.834213112, 16.588305530
0.525398819, 0.153129001, 0.091242591, 0.304814269, 0.792266000, 12.103966100
0.327160444, 0.254045662, 0.193774792, 0.273555910, 0.803915740, 11.558867870
0.859943044, 0.711966906, 0.438311301, 0.866612474, 0.212432114, 19.030018900
0.722828607, 0.111071563, 0.045143566, 0.566283928, 0.685783326, 15.114140890
0.004508398, 0.488305310, 0.857778503, 0.454003861, 0.983241136, 11.754694640
0.076470372, 0.226852995, 0.134591811, 0.037504269, 0.540756651, 8.049146245
0.566064728, 0.533016368, 0.965076272, 0.225395711, 0.822605619, 16.820363760
0.851480948, 0.605718110, 0.968884272, 0.623758132, 0.139941572, 20.296523520
0.804979960, 0.919515161, 0.769721175, 0.642983686, 0.954109357, 19.326342880
0.238991398, 0.345850225, 0.806384020, 0.708783183, 0.170964190, 12.030191660
0.146032237, 0.393922627, 0.925451242, 0.067978640, 0.829550564, 8.727333095
0.396406061, 0.315256698, 0.347357948, 0.613738967, 0.741718630, 15.961056220
0.985327835, 0.115991137, 0.360278629, 0.507743419, 0.759441183, 13.899032190
0.155760785, 0.938000888, 0.318048384, 0.764503173, 0.396991738, 14.586041880
0.293644030, 0.089343782, 0.656614638, 0.823687456, 0.645834409, 13.188589520
0.907758072, 0.303356826, 0.478713647, 0.658049508, 0.915548818, 17.989491520
0.629422662, 0.771288352, 0.034230970, 0.393681162, 0.554015495, 21.981043890
0.450112456, 0.765760512, 0.745315864, 0.958430530, 0.957566028, 24.308826680
0.178573700, 0.983631242, 0.453757221, 0.560996879, 0.761672202, 15.560554810
0.666579121, 0.684871966, 0.338900803, 0.556116886, 0.835266399, 21.472762640
0.582632439, 0.244511431, 0.558090885, 0.221911796, 0.607076024, 10.994528360
0.092120518, 0.926932704, 0.617410617, 0.800999255, 0.825011867, 15.380257790
0.695712228, 0.801113810, 0.950053053, 0.682360211, 0.670959735, 22.398417480
0.746217644, 0.814811152, 0.471650849, 0.294310511, 0.634852483, 14.800472030
0.436781784, 0.845225149, 0.167516954, 0.395335885, 0.805057665, 19.596196220
0.566690870, 0.682362573, 0.694160979, 0.566302347, 0.866679952, 20.697380990
0.667499263, 0.721593505, 0.981142928, 0.016026471, 0.607293985, 18.262026480
0.172048074, 0.895458185, 0.506158798, 0.196884252, 0.811567600, 10.550589580
0.318335262, 0.581935346, 0.398364866, 0.552673080, 0.013649064, 10.707997210
0.171098188, 0.566628363, 0.068484722, 0.799782581, 0.876056040, 18.946593200
0.237730023, 0.957878557, 0.536637185, 0.525125523, 0.469090185, 12.115080010
0.751543935, 0.124316473, 0.123407293, 0.194355767, 0.979310433, 10.862419660
0.221333093, 0.923635614, 0.236692237, 0.765782111, 0.957434699, 20.209139520
0.632170339, 0.756230619, 0.152239283, 0.353329620, 0.261528184, 17.117304030
0.062523274, 0.252403755, 0.068608612, 0.016504580, 0.302809528, 7.154674940
0.701402673, 0.686975015, 0.992953375, 0.006418242, 0.244878057, 16.205775150
0.051962858, 0.538554655, 0.356595075, 0.331560476, 0.466762471, 6.894882324
0.551209624, 0.641040743, 0.872468471, 0.724183363, 0.416139242, 22.112856840
0.839787035, 0.759798567, 0.193053281, 0.187602777, 0.658195380, 14.336151520
0.490454181, 0.961842773, 0.469204447, 0.268204666, 0.249354601, 14.289193440
0.810716912, 0.262116166, 0.454194418, 0.854706083, 0.279769507, 15.181592680
0.749790184, 0.900722417, 0.206183295, 0.137468203, 0.286547594, 11.721539020
0.396056676, 0.883943449, 0.419934809, 0.391086218, 0.069071860, 13.640017170
0.398753780, 0.372203450, 0.621408453, 0.063748273, 0.283118589, 7.021060041
0.694629301, 0.165691369, 0.466260991, 0.360522890, 0.906631430, 12.454974060
0.031233241, 0.952988091, 0.507367705, 0.069562376, 0.383417764, 4.735364682
0.956439247, 0.401175940, 0.160231597, 0.845836671, 0.173275455, 21.889450990
0.522981545, 0.413078692, 0.057162524, 0.604477538, 0.785229528, 20.432126150
0.664106519, 0.401448923, 0.841200707, 0.643469846, 0.728680085, 19.403177110
0.598939719, 0.398312194, 0.035384347, 0.720999654, 0.148925909, 18.571355330
