@relation Friedman_Benchmark_problem
@attribute input1 real [0.001211673, 0.99971881]
@attribute input2 real [1.60284E-4, 0.999677453]
@attribute input3 real [6.54566E-4, 0.999061886]
@attribute input4 real [2.12289E-4, 0.999480216]
@attribute input5 real [4.29891E-4, 0.999539431]
@attribute output real [0.664014955, 28.5903858]
@inputs input1, input2, input3, input4, input5
@outputs output
@data
0.466632614, 0.010224496, 0.626103174, 0.170595093, 0.625739201, 5.936056474
0.203104513, 0.900748882, 0.466092439, 0.705167627, 0.662594105, 15.521760630
0.799646545, 0.540045452, 0.997714486, 0.765290922, 0.133468595, 24.105490280
0.963068456, 0.506634302, 0.866810022, 0.152549854, 0.403438675, 17.271904030
0.626057498, 0.722015939, 0.129860034, 0.566717728, 0.946128950, 23.942040930
0.716290015, 0.895567042, 0.575246335, 0.705587494, 0.786106008, 19.865429460
0.553318090, 0.348291759, 0.784691472, 0.666277506, 0.722711993, 18.013588590
0.819750141, 0.977465079, 0.895869116, 0.541918045, 0.388448442, 15.685121900
0.958304826, 0.723019274, 0.983621271, 0.355833216, 0.849344833, 19.633725660
0.681215265, 0.426442877, 0.306825308, 0.542676811, 0.840289646, 18.763046770
0.330898784, 0.968284207, 0.730527277, 0.719714251, 0.524981343, 19.548743120
0.844923114, 0.201229962, 0.490780113, 0.162814535, 0.212879326, 9.017386720
0.963935375, 0.020642144, 0.937825768, 0.598197399, 0.107978169, 10.151333620
0.563430024, 0.657591995, 0.422314357, 0.760624849, 0.307965067, 18.466691110
0.712476992, 0.447864264, 0.686268091, 0.050245327, 0.670684529, 13.510585940
0.746217644, 0.814811152, 0.471650849, 0.294310511, 0.634852483, 14.800472030
0.749790184, 0.900722417, 0.206183295, 0.137468203, 0.286547594, 11.721539020
0.771953190, 0.563607784, 0.403376078, 0.767786961, 0.647075185, 21.552373880
0.354615935, 0.894421568, 0.325543609, 0.375113764, 0.203599869, 14.289779150
0.811606593, 0.999677453, 0.043594481, 0.352720068, 0.275111885, 14.772756220
0.149990901, 0.271962959, 0.159551297, 0.164610340, 0.849480690, 9.551073675
0.564922177, 0.312025083, 0.609664151, 0.722949953, 0.302812474, 14.548902490
0.024619648, 0.000893145, 0.982904395, 0.315392523, 0.681291088, 12.061703310
0.676781853, 0.885904151, 0.675996340, 0.171380255, 0.336812687, 13.716991750
0.325949870, 0.365003278, 0.908522098, 0.806848124, 0.266754466, 15.273702930
0.143087318, 0.471880592, 0.550624142, 0.891023149, 0.949678077, 14.879345960
0.362628960, 0.590341156, 0.951822399, 0.059103187, 0.663722427, 13.662469880
0.383754862, 0.067825828, 0.328785514, 0.213863950, 0.569176190, 4.372712093
0.932878420, 0.010287868, 0.248479856, 0.531990661, 0.891606245, 13.366628360
0.847760156, 0.063817730, 0.965255288, 0.983509854, 0.261605228, 18.556955520
0.661259415, 0.440043255, 0.876135588, 0.738940369, 0.344694497, 19.704030060
0.770760942, 0.854541287, 0.661311071, 0.947355682, 0.191475813, 16.421063140
0.189125635, 0.614187977, 0.151450360, 0.605310264, 0.963429089, 17.200251850
0.674029522, 0.855267179, 0.790289484, 0.644353847, 0.410459770, 19.933680450
0.327920818, 0.721678135, 0.812289940, 0.710827165, 0.244914770, 18.677945090
0.635943127, 0.808775842, 0.198873699, 0.349926703, 0.841480572, 19.133090330
0.366878075, 0.320904630, 0.815697477, 0.176250503, 0.167517571, 6.824588715
0.633043338, 0.329949978, 0.650065676, 0.506334848, 0.925871568, 16.859526440
0.110575450, 0.172821670, 0.492948842, 0.461905854, 0.588722584, 6.808470373
0.934092002, 0.928883209, 0.773323163, 0.018111577, 0.085127333, 5.802540442
0.573878155, 0.268686634, 0.982759497, 0.892343756, 0.919358694, 22.647914780
0.539523787, 0.874441727, 0.103525478, 0.935050866, 0.345883762, 27.107689530
0.107831203, 0.221571757, 0.267548798, 0.808068393, 0.251011241, 10.766144140
0.793937889, 0.475332735, 0.454120682, 0.130545477, 0.298451714, 11.719419610
0.467531462, 0.837819603, 0.437643659, 0.309704310, 0.817359684, 14.678935490
0.965144512, 0.895574977, 0.653171604, 0.009647451, 0.958938550, 9.212674563
0.841336174, 0.973893643, 0.820793649, 0.225756867, 0.369513774, 13.636229750
0.439676518, 0.274407615, 0.168516277, 0.209686224, 0.539731970, 8.473425098
0.596590424, 0.325878186, 0.660993509, 0.828579662, 0.692189710, 17.198033210
0.466046263, 0.251673251, 0.894327966, 0.406279230, 0.279648861, 12.002032920
0.405653404, 0.133410784, 0.438640367, 0.098367981, 0.283272999, 5.261449167
0.602370235, 0.089409571, 0.302720430, 0.228674405, 0.022656705, 4.769197650
0.436215868, 0.287366679, 0.439482392, 0.367894694, 0.305120683, 8.282641459
0.853788354, 0.266754424, 0.006520333, 0.247514271, 0.048984628, 14.809872520
0.148602435, 0.635838990, 0.786052132, 0.029312947, 0.093775809, 6.943964768
0.631652430, 0.669841337, 0.723096147, 0.738584090, 0.845670619, 21.218584420
0.090451953, 0.539952534, 0.085161857, 0.585923287, 0.563927450, 12.656185230
0.235653009, 0.559526605, 0.322117334, 0.725667622, 0.993045221, 15.073051140
0.301295509, 0.234520757, 0.439677130, 0.280421400, 0.229895909, 6.842134814
0.935270551, 0.503412533, 0.225813381, 0.924543835, 0.156329168, 20.384249810
0.971534553, 0.652175817, 0.230024336, 0.280331559, 0.347565812, 14.174922070
0.315697588, 0.677338511, 0.352844909, 0.501174846, 0.249487386, 12.680139020
0.737277490, 0.013558788, 0.372184820, 0.438442097, 0.151158857, 6.053346087
0.055713017, 0.368866806, 0.852229748, 0.959679985, 0.228459896, 14.424663310
0.747083636, 0.319717820, 0.160040797, 0.971994032, 0.164713198, 21.658704830
0.200968215, 0.920167351, 0.174876741, 0.675799254, 0.235804141, 16.484951150
0.325826664, 0.154995867, 0.425737657, 0.380859501, 0.632491115, 9.373106789
0.824027011, 0.980605494, 0.737881138, 0.941980628, 0.403071331, 17.295402890
0.760435093, 0.444375560, 0.423703642, 0.404796686, 0.719582141, 15.816457700
0.509471592, 0.731829641, 0.510231808, 0.197909026, 0.875870902, 16.056641520
0.630395569, 0.326207301, 0.893229303, 0.616315054, 0.041473635, 16.816237610
0.114237853, 0.141278615, 0.708604056, 0.411756938, 0.076210619, 5.237348660
0.052115965, 0.042216124, 0.815884795, 0.015894773, 0.313891926, 0.956075976
0.289369775, 0.111883162, 0.015865656, 0.027932287, 0.534318879, 9.024625854
0.380817167, 0.216722275, 0.640791237, 0.422061528, 0.277591453, 8.708954225
0.460966848, 0.366744394, 0.008019001, 0.965933825, 0.647419878, 20.551054810
0.827438144, 0.481335312, 0.405423979, 0.880221109, 0.862836447, 24.736986350
0.232010309, 0.784573807, 0.510682327, 0.622456325, 0.354894060, 15.324348480
0.122866029, 0.878602437, 0.965855962, 0.882732112, 0.523396879, 18.758684100
0.722828607, 0.111071563, 0.045143566, 0.566283928, 0.685783326, 15.114140890
0.136633358, 0.087537947, 0.921502137, 0.283813521, 0.543916625, 10.088261030
0.836772920, 0.158174021, 0.638384908, 0.789509816, 0.987225107, 19.600636540
0.774868478, 0.194650794, 0.876772282, 0.991905565, 0.715884723, 22.376833490
0.340569704, 0.946387430, 0.682280530, 0.888408927, 0.275401848, 18.509280230
0.033199599, 0.264592066, 0.770008985, 0.469566171, 0.820695517, 11.351512690
0.639794065, 0.628842966, 0.078098175, 0.213500361, 0.998372374, 18.585397310
0.581133816, 0.526530077, 0.263213342, 0.229555706, 0.677919423, 14.411301180
0.899186883, 0.125701823, 0.728926601, 0.999480216, 0.106530983, 14.029614230
0.825914293, 0.515597681, 0.896151864, 0.318783790, 0.986929685, 22.170765050
0.748774982, 0.930424256, 0.907944558, 0.134835064, 0.426491650, 15.405567770
0.392740804, 0.318766967, 0.821705584, 0.181867222, 0.329318625, 10.495460160
0.330049526, 0.627719101, 0.040620732, 0.147535558, 0.158041144, 13.362048910
0.340258297, 0.888065817, 0.905714867, 0.237040513, 0.186203354, 16.044993440
0.891810959, 0.686751996, 0.802675802, 0.290381785, 0.050840398, 14.566236800
0.276301806, 0.771362777, 0.765158097, 0.828998801, 0.808555575, 19.269783970
0.796389209, 0.549745433, 0.261227440, 0.726016421, 0.418596574, 20.142751540
0.823805812, 0.808209224, 0.634120088, 0.904710356, 0.371733165, 19.424513500
0.055819849, 0.418063629, 0.014230964, 0.973621982, 0.152809616, 17.632532010
0.742462799, 0.938473297, 0.957576619, 0.571299181, 0.940582312, 21.893482050
0.328590487, 0.298496802, 0.748423070, 0.474298591, 0.297791230, 12.000269140
0.005373158, 0.981115193, 0.743640156, 0.501303885, 0.516776860, 8.857655828
0.552924003, 0.477958087, 0.237698278, 0.646116007, 0.716632355, 19.364633970
0.264299090, 0.892690096, 0.320758397, 0.379542677, 0.699957699, 14.115373560
0.992207680, 0.682948275, 0.446333159, 0.649280848, 0.798535687, 17.683368730
0.989413335, 0.239692233, 0.228751749, 0.782255415, 0.741758812, 19.650584600
0.745488821, 0.657033258, 0.934958400, 0.437775904, 0.608481506, 20.484473360
0.132869230, 0.120030619, 0.032039723, 0.873444403, 0.308808200, 16.221275550
0.088688993, 0.225922954, 0.000654566, 0.639823192, 0.914894197, 17.503537820
0.576673512, 0.721888168, 0.875029047, 0.871596195, 0.157559271, 20.464703230
0.136673019, 0.477048239, 0.302084708, 0.985242428, 0.277214244, 14.985401480
0.336440904, 0.397443978, 0.508630667, 0.473111864, 0.642939612, 12.964803910
0.654225183, 0.356847229, 0.807962796, 0.213950649, 0.420655241, 14.285347990
0.005459407, 0.828165040, 0.620180113, 0.000212289, 0.296212864, 0.664014955
0.305609614, 0.603341228, 0.625526554, 0.507615587, 0.504008025, 13.737306010
0.503029897, 0.467947143, 0.920215414, 0.646907734, 0.492187073, 19.316026900
0.972151358, 0.709814578, 0.300293581, 0.394587137, 0.451598331, 16.296222680
0.792112470, 0.547899652, 0.133810578, 0.365009098, 0.965678816, 19.703662970
0.980334925, 0.080626670, 0.045850399, 0.508094381, 0.206245822, 11.679535780
0.015260872, 0.088348387, 0.880832305, 0.865393232, 0.238257017, 13.753729440
0.652874344, 0.090260351, 0.658229505, 0.683295470, 0.856134308, 14.645462180
0.043941656, 0.762327388, 0.028601236, 0.104061811, 0.202374297, 6.701149626
0.092838384, 0.977092861, 0.240315203, 0.346934467, 0.454726692, 10.557347690
0.375112201, 0.188249706, 0.011690813, 0.026804106, 0.454455911, 9.173519741
0.201806594, 0.153883576, 0.501922093, 0.588201439, 0.937658006, 10.137133000
0.607907000, 0.465978319, 0.584401245, 0.615956549, 0.520591041, 16.536220420
0.917597582, 0.937180575, 0.261756300, 0.919950120, 0.041452398, 14.991063140
0.894193160, 0.082351078, 0.981264615, 0.211115100, 0.572726312, 13.044329220
0.563553103, 0.866356350, 0.697036401, 0.805824034, 0.209164906, 19.578891420
0.915189828, 0.290629088, 0.479596411, 0.327678652, 0.343365775, 13.284797870
0.833938966, 0.325911077, 0.984015046, 0.223095775, 0.234936353, 13.946846860
0.697045856, 0.898677955, 0.127527385, 0.657777435, 0.243517219, 19.217397020
0.507116790, 0.605318561, 0.044911120, 0.283440807, 0.883489761, 19.349279760
0.791766882, 0.153877816, 0.445357238, 0.064765102, 0.269394097, 4.836611986
0.206590435, 0.135992245, 0.791160900, 0.202528136, 0.240147207, 5.414611504
0.469790482, 0.023645856, 0.437276716, 0.705955058, 0.395951455, 10.245401480
0.016499186, 0.249837486, 0.865277752, 0.104132974, 0.901266170, 7.149591811
0.380547997, 0.573204285, 0.650608093, 0.833412437, 0.154872703, 15.543095960
0.625028250, 0.613770931, 0.055635805, 0.610570287, 0.622120138, 22.817332930
0.855984425, 0.834364698, 0.507021683, 0.671278228, 0.834806157, 18.179900440
0.629993971, 0.382116956, 0.981954321, 0.984712732, 0.075063183, 20.978570390
0.372402732, 0.578557948, 0.228936042, 0.592193056, 0.139325833, 14.719233300
0.933006947, 0.272556283, 0.986582189, 0.435007741, 0.422346456, 18.528885890
0.984296528, 0.987529428, 0.737840090, 0.538851618, 0.273062517, 8.383071106
0.453234531, 0.427658974, 0.250109677, 0.538469285, 0.518175875, 15.769087460
0.438793783, 0.605066269, 0.567155041, 0.240981547, 0.891096905, 13.681482290
0.009133713, 0.913524179, 0.932284430, 0.176714259, 0.722067479, 9.748434975
0.738857532, 0.531153578, 0.670619135, 0.361850215, 0.942286724, 19.910288430
0.809497400, 0.285294399, 0.087624217, 0.768759468, 0.198063851, 20.002872310
0.203315357, 0.971450889, 0.830507068, 0.621240011, 0.409476305, 13.189745680
0.036429965, 0.990011217, 0.111492664, 0.180777972, 0.631791522, 8.753545786
0.506963177, 0.096684415, 0.748968189, 0.827914036, 0.155076877, 11.112183590
0.193069934, 0.351151654, 0.871722726, 0.400218301, 0.755258346, 12.797577380
0.310490878, 0.542242074, 0.570738090, 0.430107315, 0.295265656, 10.982712830
0.595514414, 0.758385632, 0.316620627, 0.742506447, 0.367147107, 19.904707470
0.288299589, 0.601589996, 0.426680061, 0.636209188, 0.421762127, 12.447269440
0.651976412, 0.271666435, 0.247384407, 0.773591888, 0.657258828, 17.651428780
0.323085957, 0.238512857, 0.646096717, 0.527185686, 0.701953112, 11.432926330
0.923795704, 0.808937440, 0.785926385, 0.794357946, 0.600716608, 19.995853030
0.128068164, 0.968765138, 0.453745071, 0.441667611, 0.828933165, 12.149328760
0.720805966, 0.246717091, 0.219872858, 0.582669688, 0.610333795, 16.318198280
0.644179455, 0.697752430, 0.837943861, 0.657990749, 0.338469302, 21.694164670
0.390843655, 0.686858878, 0.852363442, 0.272691619, 0.315721263, 14.280246870
0.288278403, 0.393519548, 0.966807616, 0.228922000, 0.454288594, 12.659416640
0.997057331, 0.311378810, 0.262620221, 0.404513706, 0.940434577, 19.454103320
0.341016568, 0.335036685, 0.606606881, 0.697502029, 0.378749778, 12.621162960
0.350442193, 0.904100744, 0.384735270, 0.696413413, 0.687453693, 17.101402840
0.487727325, 0.181389201, 0.634666005, 0.266165755, 0.225208680, 6.682119094
0.406842974, 0.816174501, 0.861105547, 0.128901960, 0.157478810, 14.433097680
0.757035077, 0.052819091, 0.947618352, 0.771158352, 0.757504267, 16.384095530
0.158721125, 0.011496923, 0.122606313, 0.327931431, 0.825913608, 10.553008370
0.045627302, 0.317064835, 0.105071365, 0.117199101, 0.223694048, 5.348142259
0.763125770, 0.869516926, 0.737059063, 0.868382671, 0.597539304, 20.511657470
0.490446429, 0.885707220, 0.741938496, 0.789297998, 0.906965636, 24.534575280
0.022392628, 0.129327781, 0.339462870, 0.076170745, 0.284211866, 1.999975073
0.651198858, 0.635306616, 0.557601121, 0.411940476, 0.878741048, 18.113316120
0.963894300, 0.617246192, 0.186178731, 0.672646466, 0.272272124, 18.706177800
0.150277914, 0.090716563, 0.138694404, 0.329071711, 0.024599882, 6.604591931
0.216189951, 0.412834925, 0.663125318, 0.765079129, 0.053452224, 11.180164980
0.448830118, 0.171920065, 0.638288591, 0.843578678, 0.997520276, 15.982036930
0.270700499, 0.760927989, 0.285109293, 0.269688741, 0.824450846, 14.155048280
0.492074229, 0.872327956, 0.344182291, 0.425605284, 0.080824314, 14.250025050
0.801554780, 0.280820668, 0.151103889, 0.202620988, 0.152053159, 11.020900720
0.217310411, 0.416874686, 0.337622857, 0.005402645, 0.270699443, 4.527822193
0.178887178, 0.062299497, 0.054686253, 0.285016112, 0.354562288, 10.349340240
0.071299663, 0.445314572, 0.645742243, 0.045897671, 0.972349855, 7.432558696
0.762546372, 0.179250415, 0.629656813, 0.070883279, 0.356014568, 7.476887852
0.304709726, 0.765541218, 0.591629792, 0.607510350, 0.570472256, 15.888087610
0.341036813, 0.533865794, 0.307294215, 0.147816153, 0.913766969, 12.723041470
0.804492582, 0.132972909, 0.138261514, 0.077653101, 0.842434461, 10.987640860
0.416395293, 0.629497355, 0.504853982, 0.382287598, 0.657828547, 15.162327010
0.967855599, 0.521165184, 0.574595094, 0.309743639, 0.203602005, 15.345939620
0.072437493, 0.619946249, 0.703437791, 0.673868810, 0.276912103, 11.080805200
0.985775037, 0.507968614, 0.971088165, 0.268194637, 0.150853633, 16.069921770
0.942018050, 0.770598266, 0.256893238, 0.159813010, 0.734895591, 14.735730120
0.718737794, 0.935200208, 0.812571450, 0.475536373, 0.454045087, 18.782386400
0.106145987, 0.671062669, 0.717803214, 0.756689189, 0.655855366, 14.062632570
0.878136951, 0.394325461, 0.881681380, 0.204160401, 0.270629313, 15.708159260
0.751543935, 0.124316473, 0.123407293, 0.194355767, 0.979310433, 10.862419660
0.249345684, 0.035291081, 0.805036058, 0.470451521, 0.515713787, 9.813973875
0.844588799, 0.917918879, 0.092633485, 0.964781404, 0.329493109, 20.614620460
0.362668617, 0.979813764, 0.962306576, 0.024205617, 0.934690272, 18.109135750
0.785417010, 0.791785364, 0.335382718, 0.004998688, 0.303440931, 10.744904680
0.469418693, 0.372314500, 0.712027920, 0.037532021, 0.813303754, 11.542470750
0.140198779, 0.103533598, 0.014795485, 0.517784073, 0.368709474, 13.052394390
0.745389943, 0.685954641, 0.971859705, 0.845492724, 0.795368866, 28.590385800
0.420825450, 0.138071328, 0.209836291, 0.013536451, 0.152816743, 4.979881182
0.084481818, 0.907260598, 0.417659308, 0.043392507, 0.369142601, 5.130524480
0.591904111, 0.301604868, 0.272733945, 0.731402877, 0.318981349, 13.859989740
0.458116579, 0.374247358, 0.694629101, 0.163726844, 0.172662619, 7.841681274
0.424117752, 0.471769451, 0.459103323, 0.065060205, 0.167601327, 7.065076890
0.195521082, 0.423870780, 0.046259104, 0.521991404, 0.688904790, 16.208782340
0.815258774, 0.867749803, 0.382140983, 0.217920318, 0.406772198, 12.100162590
0.770308554, 0.411632706, 0.856134942, 0.312596297, 0.219559682, 14.502097200
0.546450663, 0.903290479, 0.427121820, 0.974718528, 0.921994212, 24.777976460
0.401486244, 0.207730690, 0.334435045, 0.697906177, 0.347891304, 12.162796990
0.206465689, 0.910855862, 0.726745059, 0.574554120, 0.907339802, 17.114836880
0.348151395, 0.406173764, 0.243864196, 0.201591422, 0.040682044, 7.071846797
0.174921153, 0.111973897, 0.906968582, 0.549768394, 0.486723848, 11.428739770
0.495886985, 0.317401815, 0.414556464, 0.570357914, 0.696397273, 14.178897330
0.017182386, 0.959536134, 0.815701236, 0.213162583, 0.681053707, 8.318943476
0.872151915, 0.615285114, 0.926433812, 0.717794786, 0.673925011, 23.210954030
0.952039105, 0.187381556, 0.485587291, 0.164108907, 0.924905553, 12.578107010
0.235446426, 0.530676378, 0.984037803, 0.446588005, 0.152124614, 14.443492540
0.296579564, 0.919220313, 0.874022657, 0.987840738, 0.795213307, 24.086903420
0.266796132, 0.416135488, 0.077953957, 0.797142428, 0.947112428, 17.387814810
0.132633527, 0.805199615, 0.076745028, 0.924248215, 0.253042411, 19.355291430
0.095241590, 0.578981851, 0.392090099, 0.928193485, 0.999539431, 18.140816900
0.579044559, 0.007940875, 0.198658816, 0.239555003, 0.881009452, 9.504497587
0.565412516, 0.127648074, 0.843059294, 0.896651074, 0.221524898, 15.518568120
0.040898721, 0.877667663, 0.785441713, 0.034391714, 0.972354045, 6.574744694
0.433284593, 0.499317833, 0.011763717, 0.742791589, 0.167519885, 20.381122180
0.221688914, 0.418153235, 0.894243282, 0.574603827, 0.395513936, 15.286410690
0.139452641, 0.775712580, 0.484577960, 0.251475222, 0.949479106, 9.682474503
0.952409287, 0.822931985, 0.226352622, 0.220430208, 0.056396819, 10.550454150
0.909850431, 0.852407415, 0.704549400, 0.590982800, 0.253403975, 11.418542490
0.450112456, 0.765760512, 0.745315864, 0.958430530, 0.957566028, 24.308826680
0.686496330, 0.291786476, 0.846312421, 0.845615510, 0.001251448, 15.800134470
0.930879300, 0.376931944, 0.059944466, 0.925926597, 0.736433775, 26.348464670
0.057977154, 0.604955763, 0.481875069, 0.706384063, 0.609209366, 12.854190380
0.680796605, 0.314787523, 0.739593203, 0.756174088, 0.597047172, 16.664452150
0.750557522, 0.436750443, 0.537431382, 0.324928766, 0.336739509, 15.051730190
0.006923981, 0.211740255, 0.712372419, 0.420853078, 0.409404359, 7.390732514
0.445224054, 0.756757112, 0.322922023, 0.628513890, 0.846236227, 19.150641900
0.197702149, 0.844134039, 0.451724059, 0.593310322, 0.111997575, 12.343496310
0.382252753, 0.315617122, 0.887081358, 0.237344894, 0.175529898, 9.842586798
0.807353323, 0.228314773, 0.490708806, 0.462511703, 0.538766762, 12.165942650
0.513386612, 0.181247356, 0.241608687, 0.050242187, 0.639841870, 9.198685877
0.598939719, 0.398312194, 0.035384347, 0.720999654, 0.148925909, 18.571355330
0.398753780, 0.372203450, 0.621408453, 0.063748273, 0.283118589, 7.021060041
0.851480948, 0.605718110, 0.968884272, 0.623758132, 0.139941572, 20.296523520
0.436605290, 0.111880698, 0.991663924, 0.342720331, 0.067698942, 10.827395910
0.251621767, 0.388700921, 0.643072582, 0.827158501, 0.734960746, 15.419655490
0.517274510, 0.364291007, 0.913307881, 0.808028802, 0.862186994, 21.266463090
0.382014627, 0.976982933, 0.160707309, 0.517808792, 0.611476665, 18.082241900
0.889666184, 0.622920552, 0.914064134, 0.235187070, 0.983544748, 20.654716440
0.332616048, 0.833535594, 0.364399699, 0.980771809, 0.371259431, 19.631995680
0.287089026, 0.712649612, 0.143164136, 0.226306007, 0.762624870, 14.765836360
0.775131535, 0.778135779, 0.282810808, 0.696271908, 0.297737193, 17.842202140
0.706888044, 0.558811153, 0.295662271, 0.910485704, 0.091423586, 18.507824880
0.438404937, 0.786215169, 0.630506609, 0.416735581, 0.971471003, 18.162183040
0.758367847, 0.141954006, 0.341619381, 0.255265415, 0.172967363, 7.554170390
0.614326254, 0.509469168, 0.708029497, 0.769020228, 0.758983634, 20.633351950
0.970814787, 0.583346949, 0.261711474, 0.479713901, 0.481544999, 18.154348830
0.600704610, 0.731301057, 0.319006830, 0.177400955, 0.466102324, 14.817923370
0.302272524, 0.829785026, 0.530069356, 0.022472818, 0.916873031, 12.950813850
0.195853496, 0.688514441, 0.111650116, 0.727117265, 0.229989360, 14.223029040
0.695290054, 0.654943394, 0.410396137, 0.711791616, 0.716792597, 21.135724850
0.682872502, 0.702168552, 0.208671952, 0.578569755, 0.344891769, 20.383848310
0.831483132, 0.207165499, 0.783687822, 0.809427880, 0.602539196, 17.834256770
0.857240314, 0.168454818, 0.606093379, 0.654405387, 0.126630363, 11.496121140
0.955603662, 0.194893022, 0.255696206, 0.403765532, 0.592620135, 12.889022480
0.446298950, 0.313318217, 0.309534307, 0.147756459, 0.327506430, 8.586384718
0.146730160, 0.248228745, 0.065834535, 0.772293471, 0.905506284, 16.763219590
0.837944690, 0.666131688, 0.290639010, 0.577045304, 0.373258020, 18.490030280
0.553693098, 0.031246932, 0.087450857, 0.066190601, 0.269221497, 3.880657980
0.380794021, 0.989410211, 0.209011527, 0.913535215, 0.040673041, 22.343799700
0.520084270, 0.958941356, 0.974381692, 0.613927354, 0.591868052, 22.779557370
0.309811484, 0.869915904, 0.655416166, 0.053489547, 0.532165343, 9.301524115
0.075873356, 0.363556557, 0.700271098, 0.573777889, 0.283971720, 6.973249846
0.053095221, 0.659491047, 0.072895606, 0.119075567, 0.652466642, 10.118602030
0.635412433, 0.596829951, 0.678275774, 0.557698847, 0.371707875, 17.971816300
0.718989730, 0.409464958, 0.566681593, 0.591252858, 0.905641579, 17.499595250
0.387240368, 0.298983460, 0.527885452, 0.574349942, 0.902104506, 12.549403680
0.554510784, 0.061731801, 0.479342955, 0.838490609, 0.027594279, 6.864393232
0.706252438, 0.316518497, 0.739487809, 0.721100291, 0.137284358, 16.475496210
0.612114734, 0.790125912, 0.037905019, 0.476519590, 0.110222857, 21.243930870
0.487778977, 0.688656675, 0.508529272, 0.477311962, 0.892103695, 14.814040590
0.650165783, 0.489485959, 0.452929910, 0.435972552, 0.897757597, 16.122249050
0.827655687, 0.617833022, 0.949440873, 0.670138426, 0.640808376, 25.339730150
0.546379333, 0.202756063, 0.478624023, 0.777858854, 0.563128945, 16.596848860
0.520839773, 0.378738363, 0.800790610, 0.775904142, 0.365906813, 16.705982020
0.889776740, 0.708693086, 0.286124399, 0.239045141, 0.873655030, 15.858810950
0.065729817, 0.743863739, 0.697108468, 0.513595478, 0.232512181, 9.241156419
0.208808765, 0.922204838, 0.185037283, 0.462486721, 0.293416150, 13.454488880
0.317550982, 0.879520848, 0.985574469, 0.538183030, 0.706865822, 20.844352580
0.848127148, 0.668047801, 0.108780749, 0.547060616, 0.893634190, 22.792777840
0.696481734, 0.358437482, 0.425834333, 0.330313732, 0.222490899, 11.094962050
0.980974978, 0.366586513, 0.457474036, 0.063837584, 0.160235506, 12.018419320
0.900225371, 0.324695762, 0.048402482, 0.572098395, 0.789662647, 20.960348140
0.541158080, 0.924828948, 0.956424029, 0.251718659, 0.340278234, 17.810314640
0.760134791, 0.495111245, 0.698864055, 0.755214856, 0.176425651, 16.982944320
0.753826527, 0.541648268, 0.738971646, 0.651861828, 0.146338196, 16.126532020
0.429479688, 0.131345495, 0.155431462, 0.703712973, 0.376433789, 12.894364290
0.999173272, 0.092032150, 0.059071818, 0.355649845, 0.048457356, 12.620697230
0.131944387, 0.037152450, 0.085539662, 0.296344358, 0.609265728, 11.150514030
0.514476390, 0.883955857, 0.541795776, 0.187641679, 0.040254545, 12.490242230
0.584280067, 0.425861784, 0.599907628, 0.904139656, 0.766891658, 20.124485760
0.406454860, 0.004505338, 0.458250203, 0.686575222, 0.066579661, 6.287360779
0.469194038, 0.165978543, 0.286595795, 0.868629425, 0.020905372, 11.616683480
0.834049442, 0.410892355, 0.585143158, 0.902280388, 0.507019639, 21.415166010
0.073826775, 0.264086693, 0.806735212, 0.157842153, 0.379109454, 5.112230382
0.759670142, 0.931794384, 0.363970652, 0.767101990, 0.919973585, 20.726402170
0.133412538, 0.455862187, 0.233866304, 0.012298970, 0.999514229, 9.335228676
0.968496919, 0.819564145, 0.150798238, 0.200821887, 0.483081477, 12.519610160
0.994246505, 0.706250702, 0.299468195, 0.288469396, 0.269260324, 14.538299190
0.886720169, 0.690111134, 0.792773663, 0.041470703, 0.495101703, 12.578262230
0.884381457, 0.721615643, 0.198558927, 0.258553454, 0.464793919, 15.462946680
0.037020773, 0.792336360, 0.746715992, 0.709087587, 0.160518812, 9.061686377
0.676263163, 0.791850079, 0.970953498, 0.945632422, 0.267340538, 26.682666250
0.082362454, 0.092983295, 0.400267323, 0.236705944, 0.900404847, 7.812646362
0.762754600, 0.224252710, 0.597188464, 0.199230543, 0.854489811, 10.886845970
0.347078638, 0.870633857, 0.706438828, 0.147060158, 0.489136122, 13.031322400
0.085152998, 0.498918356, 0.088501302, 0.382614660, 0.869898795, 12.317832830
0.457664228, 0.931714930, 0.583651001, 0.247809361, 0.947058464, 15.333192920
0.650621553, 0.965595099, 0.320791260, 0.702295242, 0.452902851, 20.711168440
0.303017889, 0.150015720, 0.515708837, 0.987817672, 0.568688041, 14.760484740
0.901048123, 0.404946963, 0.195453133, 0.756541555, 0.205939960, 18.062704330
0.966876529, 0.905722280, 0.309834823, 0.099123762, 0.705795348, 9.720212862
0.490243588, 0.893600516, 0.261996483, 0.278784858, 0.157419884, 13.779304130
0.126376508, 0.355013633, 0.800212839, 0.101619019, 0.211713919, 5.897039170
0.967035072, 0.462770691, 0.082284335, 0.325784014, 0.736124208, 21.661186970
0.439693319, 0.439412452, 0.681021078, 0.519332560, 0.576398899, 16.691381810
0.226416193, 0.844755044, 0.550614920, 0.800453186, 0.462063830, 15.166756580
0.930755009, 0.156273168, 0.970105708, 0.619482429, 0.148266092, 16.985265970
0.039560427, 0.734281914, 0.594001454, 0.899610703, 0.288039995, 11.694991440
0.904755242, 0.812556945, 0.333081816, 0.407843361, 0.640976152, 16.304973590
0.454819005, 0.988775770, 0.978168760, 0.806714807, 0.957445394, 26.573293720
0.835029529, 0.036326592, 0.974787504, 0.599407633, 0.993687429, 16.295619890
0.883320925, 0.306130870, 0.722602482, 0.890300696, 0.854467318, 21.294905660
0.210576716, 0.285254022, 0.691076802, 0.276599988, 0.699810211, 8.954024414
0.355359989, 0.201775249, 0.846047057, 0.239478410, 0.128787872, 7.005291873
0.316781174, 0.319241502, 0.482121635, 0.127908819, 0.403834036, 6.948990585
0.590389914, 0.430674851, 0.869041807, 0.070911615, 0.634302531, 13.229208640
0.919861032, 0.166525625, 0.659486045, 0.023770402, 0.660441332, 7.730188617
0.714726199, 0.537325488, 0.284947191, 0.677692527, 0.829631387, 20.702968180
0.523895124, 0.385343879, 0.673567183, 0.314630715, 0.199579666, 10.685566050
0.227533817, 0.820939591, 0.659046550, 0.707494813, 0.517886706, 16.545192650
0.440567893, 0.028608350, 0.173937236, 0.448921893, 0.073234873, 8.413045097
0.163473644, 0.685988112, 0.300577744, 0.185349306, 0.526863290, 9.255939802
0.270019289, 0.070768623, 0.229972695, 0.773162405, 0.439304999, 11.085261480
0.954561717, 0.961944893, 0.472121660, 0.918154533, 0.406998295, 13.214072410
0.566958812, 0.313816070, 0.198953997, 0.138531194, 0.726184541, 12.271240820
0.997937898, 0.959426957, 0.743471990, 0.849740503, 0.512804735, 12.898209970
0.183550428, 0.860081140, 0.068201228, 0.015585873, 0.280183573, 10.162775100
0.730998395, 0.346559579, 0.772951666, 0.369635400, 0.400587729, 16.059072160
0.632579488, 0.774477124, 0.351159898, 0.952684012, 0.521009425, 22.196416810
0.840473489, 0.501466827, 0.117031230, 0.575039676, 0.675985332, 22.079578640
0.667499263, 0.721593505, 0.981142928, 0.016026471, 0.607293985, 18.262026480
0.605954412, 0.289611647, 0.487314589, 0.127905124, 0.367551806, 9.263458461
0.792591964, 0.257008216, 0.289020598, 0.682617512, 0.197915377, 15.341180500
0.791048122, 0.094938060, 0.598009755, 0.265127012, 0.023712227, 6.471277403
0.237730023, 0.957878557, 0.536637185, 0.525125523, 0.469090185, 12.115080010
0.950178894, 0.918247788, 0.322853691, 0.957424716, 0.079461278, 15.168337830
0.487791373, 0.810400841, 0.157982797, 0.760375476, 0.858878523, 22.818486940
0.167567215, 0.888943486, 0.525306655, 0.247982466, 0.647122707, 11.414830550
0.650237693, 0.195706725, 0.247077521, 0.759665245, 0.883696331, 16.593502860
0.417596361, 0.425183655, 0.939999796, 0.949321592, 0.498685014, 21.991140420
0.143746399, 0.944713803, 0.245585265, 0.104210625, 0.663875526, 9.393898253
0.299529207, 0.887673530, 0.053062799, 0.341074887, 0.907787453, 21.132506670
0.178796595, 0.172682182, 0.123033434, 0.522684906, 0.499786478, 11.818843540
0.688750272, 0.427751530, 0.159100460, 0.736944530, 0.743553204, 22.387740500
0.271902127, 0.562117798, 0.770219072, 0.532832915, 0.163386344, 15.320214200
0.296140259, 0.604806607, 0.017013776, 0.303624812, 0.110604002, 12.237138750
0.740039016, 0.134505860, 0.193376889, 0.365754413, 0.285420758, 10.358818520
0.629422662, 0.771288352, 0.034230970, 0.393681162, 0.554015495, 21.981043890
0.532913243, 0.952285036, 0.602661555, 0.950454469, 0.624666779, 25.288408680
0.926669699, 0.034441366, 0.459980613, 0.680924267, 0.568549199, 12.506871950
0.395243623, 0.898949043, 0.789879501, 0.617904589, 0.652299660, 21.963715950
0.625721395, 0.421148868, 0.314361707, 0.557650295, 0.894876801, 19.749972700
0.732228247, 0.424937825, 0.525710692, 0.216032854, 0.869989912, 13.658829690
0.526641758, 0.360032192, 0.087489358, 0.444314042, 0.819533095, 15.827128560
0.406605375, 0.482717658, 0.981441539, 0.948682755, 0.224664785, 21.314566430
0.636034417, 0.705336338, 0.319499974, 0.020568319, 0.212784092, 12.744167680
0.693067486, 0.827108135, 0.240323189, 0.425362148, 0.692979895, 19.129636310
0.091983196, 0.578294707, 0.643643986, 0.438915473, 0.800185991, 12.439239740
0.561255701, 0.303564941, 0.522615976, 0.822826494, 0.190319707, 13.835132450
0.782692946, 0.038748150, 0.756908661, 0.811284486, 0.836261081, 15.833397220
0.497189030, 0.104785853, 0.313192495, 0.074822065, 0.038829034, 2.228410859
0.989973376, 0.739856505, 0.342067001, 0.651347935, 0.099394724, 14.713805830
0.387132551, 0.240107447, 0.306564957, 0.985766305, 0.422203750, 15.252964910
0.399909651, 0.724006586, 0.680011480, 0.604073182, 0.814050168, 20.453214280
0.198071468, 0.471217667, 0.040037870, 0.423250798, 0.957416447, 16.467349550
0.333668779, 0.172404084, 0.391837590, 0.448296788, 0.934081076, 12.261853920
0.802482941, 0.396292317, 0.198171363, 0.452286913, 0.121095523, 15.040372070
0.558253592, 0.819850374, 0.961854831, 0.587625448, 0.280851928, 18.933757980
0.436274935, 0.867468321, 0.617706907, 0.710864299, 0.609606083, 20.660612400
0.622283759, 0.660120173, 0.251549192, 0.675937761, 0.596081822, 21.871217620
0.414209257, 0.160437664, 0.869625892, 0.807210191, 0.822615523, 16.552993740
0.021118023, 0.611435268, 0.117090629, 0.158392533, 0.784396146, 9.182302460
0.240488021, 0.044183355, 0.136056894, 0.426087796, 0.819573061, 11.455561750
0.537565401, 0.641126421, 0.713911269, 0.533903583, 0.678412557, 18.602751980
0.248283344, 0.602045717, 0.902310398, 0.801742163, 0.121105138, 15.932787520
0.812516843, 0.939242848, 0.515336797, 0.334005929, 0.483554259, 12.029514270
0.012879479, 0.700688598, 0.674048764, 0.044236834, 0.661271400, 5.235463824
0.386811669, 0.088729524, 0.623979350, 0.312521948, 0.489380867, 5.767377888
0.187790286, 0.499726720, 0.027442635, 0.725446958, 0.825902740, 18.634649190
0.875136935, 0.931169562, 0.227596091, 0.432535564, 0.143101224, 13.034171460
0.563816569, 0.453855914, 0.530261185, 0.906427710, 0.237864571, 18.297794820
0.210663175, 0.134372963, 0.888195320, 0.177559946, 0.027557946, 5.926881090
0.535702414, 0.344738512, 0.888255420, 0.767811134, 0.884470968, 20.030961060
0.146032237, 0.393922627, 0.925451242, 0.067978640, 0.829550564, 8.727333095
0.258716893, 0.069932926, 0.022596127, 0.127891491, 0.233660319, 5.549913266
0.253297429, 0.845377435, 0.663113905, 0.652990825, 0.234222041, 15.194071830
0.216596355, 0.404131732, 0.189066463, 0.033059590, 0.889563758, 9.272928317
0.605152048, 0.409591375, 0.808216847, 0.708978821, 0.092323719, 17.219195150
0.528947240, 0.002169218, 0.515220130, 0.188227140, 0.790071177, 5.862288428
0.238599333, 0.495379381, 0.332232018, 0.061979962, 0.916533591, 9.246902424
0.165876869, 0.288053628, 0.186011208, 0.027401799, 0.324397254, 5.359348761
0.616992850, 0.698109682, 0.346514653, 0.331735635, 0.187002838, 16.114306330
0.127244310, 0.877694715, 0.051124401, 0.304065700, 0.440567713, 10.770286820
0.455978497, 0.376150649, 0.386853249, 0.497087536, 0.108020536, 9.151690401
0.566332550, 0.163300795, 0.988431032, 0.592491888, 0.074156573, 16.349047440
0.965806248, 0.394492070, 0.517951087, 0.008951021, 0.119308197, 9.008649642
0.964269598, 0.303049910, 0.464489875, 0.966393534, 0.162229190, 21.319897550
0.213111478, 0.179152741, 0.670399105, 0.200940043, 0.643487526, 7.587357434
0.302497256, 0.036879552, 0.405402490, 0.669177745, 0.205962857, 8.123948658
0.785824015, 0.788980947, 0.793205368, 0.281250781, 0.375244896, 15.943673680
0.299934415, 0.867217906, 0.158385882, 0.719078448, 0.280766822, 18.637301810
0.949567128, 0.910087330, 0.178997087, 0.141720879, 0.052076193, 8.005818953
0.475128745, 0.450727899, 0.810026111, 0.477763093, 0.322668184, 14.512679170
0.691956588, 0.916973698, 0.810017155, 0.389810891, 0.544087337, 18.573644560
0.505989769, 0.536843771, 0.554004978, 0.094220660, 0.552431183, 11.027777910
0.620291452, 0.093672351, 0.167487811, 0.109118609, 0.865183138, 9.610590885
0.135084240, 0.873651829, 0.345934981, 0.638779191, 0.661762376, 13.656275280
0.738546068, 0.472263207, 0.308286029, 0.888422456, 0.408265213, 19.142255050
0.522995779, 0.552871092, 0.958324326, 0.914535234, 0.861863614, 25.389520960
0.928351480, 0.551208815, 0.633103144, 0.917308925, 0.102280727, 18.337624400
0.729301705, 0.683367738, 0.565879564, 0.714525724, 0.568463577, 20.237420600
0.174722834, 0.164281324, 0.618211031, 0.661861757, 0.355642974, 9.863015846
0.902896861, 0.561397288, 0.694091459, 0.883549117, 0.547205080, 23.928884860
0.093112285, 0.667079972, 0.603728442, 0.428352735, 0.063536502, 7.442119469
0.317515806, 0.534054220, 0.157823652, 0.197415053, 0.024567403, 8.833997251
0.914466732, 0.189104986, 0.411397800, 0.549120651, 0.125239568, 10.113554160
0.427334406, 0.062529991, 0.318373140, 0.953934844, 0.805434219, 16.079849960
0.838330762, 0.457736800, 0.644438276, 0.239636600, 0.682377924, 14.429591660
0.917163315, 0.672245376, 0.333161555, 0.190953861, 0.569198571, 14.715328040
0.321439993, 0.073498114, 0.036302927, 0.742371529, 0.042112057, 12.843182290
0.655168058, 0.616821771, 0.017937154, 0.372118253, 0.784693761, 21.289593910
0.986910952, 0.663788982, 0.282916764, 0.736862734, 0.940234279, 24.772758250
0.839787035, 0.759798567, 0.193053281, 0.187602777, 0.658195380, 14.336151520
0.086218271, 0.960969292, 0.890740255, 0.171371307, 0.248929335, 8.708381352
0.453723281, 0.227671328, 0.171434479, 0.869348282, 0.080805246, 14.598181620
0.793837034, 0.484840160, 0.826541931, 0.679634367, 0.900442645, 20.800857680
0.520255298, 0.638610263, 0.002716742, 0.892449570, 0.958554699, 26.794316850
0.135955820, 0.433430788, 0.935092963, 0.759319772, 0.490807454, 16.681083250
0.888273282, 0.943225266, 0.626667199, 0.709884059, 0.982673154, 16.881568990
0.501855145, 0.930710069, 0.714913445, 0.376269310, 0.552216840, 17.520188390
0.695936733, 0.005985921, 0.999061886, 0.998106408, 0.614360737, 18.675612410
0.214229886, 0.163039550, 0.422751590, 0.054694844, 0.369387388, 2.842880389
0.256507486, 0.371347625, 0.216349972, 0.984404067, 0.043666755, 16.444071090
0.913052139, 0.296379575, 0.955132501, 0.567619669, 0.804097048, 20.312342730
0.521953182, 0.313525691, 0.347136707, 0.440927354, 0.558868374, 12.024332790
0.087329075, 0.870172208, 0.172580408, 0.123510460, 0.207553837, 6.609560509
0.111725772, 0.470135881, 0.415812312, 0.904040830, 0.796316358, 15.823783240
0.326238888, 0.203445697, 0.251514250, 0.332771577, 0.360980135, 8.909221239
0.048412268, 0.668215907, 0.759747345, 0.689999660, 0.697987849, 12.267199830
0.214744663, 0.218659458, 0.665861626, 0.638352088, 0.467178880, 11.088210220
0.176779492, 0.362721032, 0.494585540, 0.535912897, 0.411886914, 10.251120930
0.304962425, 0.247306564, 0.009096391, 0.546987010, 0.170752015, 15.050502830
0.396406061, 0.315256698, 0.347357948, 0.613738967, 0.741718630, 15.961056220
0.603429396, 0.491426108, 0.507135826, 0.792269614, 0.091210013, 17.220541400
0.293644030, 0.089343782, 0.656614638, 0.823687456, 0.645834409, 13.188589520
0.074139334, 0.333722943, 0.704347553, 0.608648730, 0.750505868, 13.090108680
0.865593845, 0.208473874, 0.633247248, 0.332551596, 0.200552924, 9.923332320
0.596159249, 0.091307982, 0.947014417, 0.839912000, 0.987079422, 18.304028770
0.152666613, 0.550129973, 0.037788316, 0.330379738, 0.870737699, 13.797352470
0.149481000, 0.264223591, 0.151209728, 0.242066470, 0.546128003, 7.960097505
0.655418667, 0.078052256, 0.762535495, 0.072425482, 0.501990095, 6.464462637
0.936836407, 0.881677757, 0.168581260, 0.847877369, 0.214965001, 17.095737470
0.317863759, 0.951299895, 0.927591766, 0.090060497, 0.695471780, 17.795900560
0.752159046, 0.165314680, 0.766794625, 0.901334688, 0.219296038, 16.207281390
0.197832411, 0.123434299, 0.459576034, 0.707559695, 0.155092903, 8.885848603
0.737097756, 0.248386119, 0.611402073, 0.791083786, 0.445192442, 16.398689140
0.580976992, 0.986368095, 0.332388881, 0.602530652, 0.664857837, 20.269937090
0.985116588, 0.041340310, 0.214507944, 0.893844551, 0.658658609, 15.251976910
0.578444575, 0.115496983, 0.507192668, 0.350514544, 0.614664760, 8.422980244
0.623516672, 0.768565062, 0.288802201, 0.537738771, 0.343801196, 17.652310530
0.015332581, 0.792600177, 0.337669316, 0.461675625, 0.327639261, 7.092607982
0.596023917, 0.762219688, 0.970879791, 0.221756118, 0.078157055, 18.072815140
0.519282797, 0.087675807, 0.275428346, 0.193111446, 0.758841709, 9.282674043
0.464760237, 0.621617700, 0.118762548, 0.578312113, 0.814590283, 20.333352150
0.795746843, 0.241068393, 0.744019535, 0.227178031, 0.326771162, 12.298502950
0.090962495, 0.553994840, 0.994652121, 0.689805108, 0.787294073, 16.511229750
0.548106134, 0.161670937, 0.981603345, 0.537777411, 0.723283913, 18.310894750
0.248438227, 0.123152911, 0.696067918, 0.294354001, 0.061972151, 3.726014583
0.732944277, 0.457072944, 0.124707209, 0.960824239, 0.466179869, 23.251882030
0.666579121, 0.684871966, 0.338900803, 0.556116886, 0.835266399, 21.472762640
0.133088132, 0.269872740, 0.631506050, 0.232246422, 0.103433052, 4.678903881
0.530334742, 0.628830392, 0.954607107, 0.407725335, 0.481840481, 19.916765430
0.257684056, 0.926438751, 0.766297841, 0.022422279, 0.420533089, 11.221854950
0.154620563, 0.739880395, 0.576683053, 0.815586062, 0.082038126, 13.109343440
0.248700099, 0.694994780, 0.755057985, 0.635797699, 0.380529018, 15.372566310
0.004108159, 0.557557360, 0.982162272, 0.027003743, 0.415082555, 7.043573475
0.930911533, 0.693493541, 0.011389092, 0.063603660, 0.862876435, 20.101683470
0.750990239, 0.686462903, 0.963499423, 0.739162516, 0.526401369, 22.636438360
0.019052036, 0.321368622, 0.372566244, 0.184408928, 0.291411817, 5.959279973
0.487398005, 0.947133425, 0.008690227, 0.558044570, 0.767047391, 25.242623350
0.471898016, 0.721747020, 0.488811446, 0.828534203, 0.245735969, 19.693663710
0.171098188, 0.566628363, 0.068484722, 0.799782581, 0.876056040, 18.946593200
0.687171630, 0.923908327, 0.915007442, 0.499412344, 0.939959474, 21.746999490
0.501795080, 0.340810097, 0.307292145, 0.127482360, 0.215584815, 9.332889405
0.914104726, 0.633842441, 0.177942392, 0.783555483, 0.509722687, 22.710821480
0.203900300, 0.716177341, 0.788997009, 0.950951784, 0.508792994, 18.120276430
0.455210531, 0.833948057, 0.415190074, 0.793046176, 0.717822071, 22.699008820
0.551209624, 0.641040743, 0.872468471, 0.724183363, 0.416139242, 22.112856840
0.944013637, 0.369259015, 0.704115986, 0.334426268, 0.611705425, 16.673260020
0.542742944, 0.489778034, 0.321400670, 0.687310922, 0.291896481, 18.194603560
0.766805826, 0.011340985, 0.591144949, 0.845875160, 0.551276084, 11.399981930
0.530592623, 0.161473301, 0.040615751, 0.098615822, 0.717317093, 11.787536470
0.700399618, 0.835978363, 0.354825135, 0.948979479, 0.138795050, 20.188669880
0.800832799, 0.190242490, 0.582818005, 0.066951485, 0.741862602, 7.905320591
0.700499157, 0.813544870, 0.035490404, 0.762581405, 0.523309215, 25.833377110
0.733820751, 0.064917804, 0.769080335, 0.349298630, 0.673167653, 9.276935643
0.116757566, 0.887383580, 0.205468917, 0.121564385, 0.095153360, 6.846979910
0.393387145, 0.666473628, 0.648828831, 0.359280941, 0.709448689, 16.214965010
0.980575813, 0.446383119, 0.139941805, 0.579794740, 0.375465816, 19.918315120
0.446291147, 0.236676903, 0.615196067, 0.051905880, 0.978971884, 9.082667538
0.226413261, 0.815961944, 0.773574291, 0.484440355, 0.900050364, 15.913876000
0.765642011, 0.581521838, 0.337299622, 0.830910616, 0.584486700, 20.501159110
0.842595070, 0.337512466, 0.921256791, 0.874273038, 0.446830187, 22.832261370
0.022460799, 0.798837431, 0.593734763, 0.280432182, 0.335789289, 4.698951751
0.010122430, 0.623707570, 0.643374001, 0.787394144, 0.209215230, 8.021294976
0.257298384, 0.138754304, 0.917342111, 0.428200087, 0.564382680, 13.352508170
0.566064728, 0.533016368, 0.965076272, 0.225395711, 0.822605619, 16.820363760
0.943933771, 0.584889137, 0.407540105, 0.662695994, 0.548686082, 19.761391660
0.891769048, 0.275150939, 0.468694684, 0.261815969, 0.505957467, 11.367370100
0.082641266, 0.831203822, 0.464060783, 0.752272881, 0.283287385, 10.019373870
0.996731568, 0.112055213, 0.705569279, 0.607217202, 0.691469210, 14.265762630
0.891997601, 0.519770578, 0.878169984, 0.718740475, 0.961534209, 25.002916640
0.694247634, 0.417341894, 0.926071148, 0.156072430, 0.998664269, 15.596516840
0.261997675, 0.290489581, 0.109506762, 0.677232439, 0.311114454, 13.668990600
0.907758072, 0.303356826, 0.478713647, 0.658049508, 0.915548818, 17.989491520
0.637978660, 0.799748803, 0.544318636, 0.964656013, 0.098034634, 19.168344020
0.352273424, 0.888620372, 0.351999219, 0.195655032, 0.739394829, 14.131550380
0.279818401, 0.307845189, 0.558923762, 0.401596552, 0.291064012, 6.463038454
0.111021002, 0.548591003, 0.923564432, 0.537615171, 0.129917328, 10.445677940
0.574893507, 0.240461554, 0.784251387, 0.344200582, 0.605247364, 10.854432820
0.735111545, 0.741813187, 0.558632608, 0.542172079, 0.883317248, 20.954383000
0.097314050, 0.932609373, 0.367983551, 0.177781436, 0.202805098, 6.877368368
0.523655533, 0.032320432, 0.630286024, 0.250373241, 0.126924826, 4.650543935
0.565016874, 0.242047522, 0.360044617, 0.209515257, 0.860668029, 11.087953190
0.013624108, 0.013694942, 0.709353322, 0.770298892, 0.316741630, 9.532768339
0.090685104, 0.829733961, 0.028553770, 0.637905652, 0.082739109, 13.033267100
0.397234094, 0.447366725, 0.799935551, 0.378370649, 0.189468872, 10.858852330
0.023186165, 0.922654396, 0.600149282, 0.277422265, 0.775394699, 7.081981875
0.062523274, 0.252403755, 0.068608612, 0.016504580, 0.302809528, 7.154674940
0.963371695, 0.484741991, 0.862420065, 0.038781210, 0.081589050, 13.485897050
0.542474839, 0.856717398, 0.032888056, 0.204928133, 0.810519474, 20.595384870
0.632170339, 0.756230619, 0.152239283, 0.353329620, 0.261528184, 17.117304030
0.307076037, 0.005085375, 0.154798726, 0.489618603, 0.755630525, 10.781509910
0.396058487, 0.901729897, 0.100642034, 0.616744056, 0.254697853, 22.227833780
0.481006148, 0.172709160, 0.387991218, 0.673075380, 0.484631260, 11.160299700
0.821574489, 0.894384265, 0.959198404, 0.498851418, 0.431100544, 16.782470140
0.337175491, 0.611824180, 0.936598111, 0.541373973, 0.045119082, 13.955900100
0.123517976, 0.281372295, 0.568637409, 0.799322390, 0.356521391, 11.887635780
0.460548673, 0.259841910, 0.118727344, 0.232576972, 0.349773456, 8.797926093
0.578030646, 0.050298665, 0.194514915, 0.542311056, 0.248207378, 10.334950150
0.664922660, 0.416767879, 0.288667049, 0.210413824, 0.685489780, 14.418049580
0.557746714, 0.841800961, 0.538561579, 0.424596416, 0.172727743, 14.412036380
0.149639180, 0.817713201, 0.972676002, 0.862340707, 0.259406119, 18.441252190
0.847474247, 0.255903973, 0.444247506, 0.166081921, 0.301868304, 9.237334236
0.710344420, 0.503880217, 0.818934236, 0.964459222, 0.165351002, 21.682509880
0.584883811, 0.355236015, 0.984232039, 0.354178341, 0.596813273, 18.618628380
0.680385608, 0.278380218, 0.183449375, 0.867638674, 0.290739446, 18.030004100
0.929114416, 0.044011307, 0.446375263, 0.062783125, 0.804401554, 5.539534088
0.051962858, 0.538554655, 0.356595075, 0.331560476, 0.466762471, 6.894882324
0.010139130, 0.787718719, 0.396869310, 0.864817754, 0.586484332, 12.457985250
0.511552079, 0.164290367, 0.707018040, 0.835493144, 0.589491985, 14.191031020
0.521595545, 0.801170492, 0.506732998, 0.836100705, 0.556350173, 20.321975500
0.978346016, 0.547554565, 0.744706278, 0.971685092, 0.130620100, 22.331392120
0.757185453, 0.529658683, 0.989250305, 0.638575188, 0.658246866, 24.940478510
0.656987531, 0.485872317, 0.963353730, 0.308312186, 0.145301068, 16.839670300
0.887643049, 0.753712928, 0.425993712, 0.895572599, 0.629825054, 20.789402510
0.006933296, 0.303224157, 0.175775178, 0.499353535, 0.362390996, 8.577788877
0.924937884, 0.026288165, 0.387395880, 0.826263110, 0.941329153, 14.380572060
0.198124024, 0.987365118, 0.124147284, 0.461800589, 0.554915816, 14.331898950
0.235029127, 0.432387504, 0.689006546, 0.944618444, 0.309069322, 15.830168430
0.223955849, 0.681722949, 0.412408452, 0.474734244, 0.576340976, 12.542790400
0.701325559, 0.929637156, 0.177833368, 0.712831417, 0.928668698, 23.455901950
0.764018680, 0.638784802, 0.716864257, 0.535191572, 0.327756492, 18.526748050
0.950603273, 0.086074406, 0.548067468, 0.781933887, 0.584030975, 13.186758600
0.084549336, 0.570359053, 0.707583904, 0.392845717, 0.349113727, 8.292473176
0.878270434, 0.705255270, 0.523335609, 0.890345676, 0.296208239, 19.450503980
0.073270890, 0.804740169, 0.564525260, 0.413909428, 0.215819227, 7.126505082
0.130435825, 0.221568178, 0.232402131, 0.632654428, 0.510468694, 11.602191520
0.611408651, 0.855688547, 0.928548012, 0.481348465, 0.534596891, 21.264907130
0.849134333, 0.559612162, 0.162370308, 0.850121192, 0.251556106, 20.671191120
0.376665566, 0.443847877, 0.241322937, 0.243890036, 0.455373503, 10.858289250
0.679623174, 0.790519981, 0.908062601, 0.294130609, 0.868037434, 20.560925150
0.221279887, 0.401100920, 0.423460278, 0.014721380, 0.790003071, 6.431416547
