@relation friedman
@attribute Input1 real [0.0, 1.0]
@attribute Input2 real [0.0, 1.0]
@attribute Input3 real [0.0, 1.0]
@attribute Input4 real [0.0, 1.0]
@attribute Input5 real [0.0, 1.0]
@attribute Output real [0.664014955, 28.5903858]
@inputs Input1, Input2, Input3, Input4, Input5
@outputs Output
@data
0.696481734, 0.358437482, 0.425834333, 0.330313732, 0.222490899, 11.09496205
0.629993971, 0.382116956, 0.981954321, 0.984712732, 0.075063183, 20.97857039
0.203104513, 0.900748882, 0.466092439, 0.705167627, 0.662594105, 15.52176063
0.621151546, 0.540659514, 0.028418189, 0.306362804, 4.29891E-4, 16.06785189
0.052707712, 0.853762347, 0.011339209, 0.573701099, 0.529824847, 15.44536423
0.583207559, 0.892761865, 0.025603404, 0.662359421, 0.243202237, 23.25827706
0.796389209, 0.549745433, 0.26122744, 0.726016421, 0.418596574, 20.14275154
0.683078772, 0.727944814, 0.357343228, 0.679170327, 0.343104108, 18.41810697
0.012879479, 0.700688598, 0.674048764, 0.044236834, 0.6612714, 5.235463824
0.330049526, 0.627719101, 0.040620732, 0.147535558, 0.158041144, 13.36204891
0.527532136, 0.104436805, 0.885191621, 0.678239052, 0.197058514, 12.05284818
0.732414099, 0.250196987, 0.395934358, 0.682652896, 0.545422691, 14.07385215
0.136673019, 0.477048239, 0.302084708, 0.985242428, 0.277214244, 14.98540148
0.661259415, 0.440043255, 0.876135588, 0.738940369, 0.344694497, 19.70403006
0.999173272, 0.09203215, 0.059071818, 0.355649845, 0.048457356, 12.62069723
0.256507486, 0.371347625, 0.216349972, 0.984404067, 0.043666755, 16.44407109
0.581133816, 0.526530077, 0.263213342, 0.229555706, 0.677919423, 14.41130118
0.158721125, 0.011496923, 0.122606313, 0.327931431, 0.825913608, 10.55300837
0.701402673, 0.686975015, 0.992953375, 0.006418242, 0.244878057, 16.20577515
0.795746843, 0.241068393, 0.744019535, 0.227178031, 0.326771162, 12.29850295
0.198124024, 0.987365118, 0.124147284, 0.461800589, 0.554915816, 14.33189895
0.313815217, 0.190572545, 0.824288992, 0.55352101, 0.341162264, 11.04757329
0.79211247, 0.547899652, 0.133810578, 0.365009098, 0.965678816, 19.70366297
0.383754862, 0.067825828, 0.328785514, 0.21386395, 0.56917619, 4.372712093
0.487398005, 0.947133425, 0.008690227, 0.55804457, 0.767047391, 25.24262335
0.401391319, 0.275471598, 0.617892946, 0.537953266, 0.450348916, 8.93723935
0.366878075, 0.32090463, 0.815697477, 0.176250503, 0.167517571, 6.824588715
0.833938966, 0.325911077, 0.984015046, 0.223095775, 0.234936353, 13.94684686
0.770760942, 0.854541287, 0.661311071, 0.947355682, 0.191475813, 16.42106314
0.244093214, 0.450785088, 0.371676276, 0.444038433, 0.112774609, 9.341272092
0.06970429, 0.777159883, 0.698534309, 0.51677569, 0.465382056, 11.73706167
0.566958812, 0.31381607, 0.198953997, 0.138531194, 0.726184541, 12.27124082
0.467808884, 0.562373001, 0.276567017, 0.375998002, 0.887708064, 16.94475347
0.904755242, 0.812556945, 0.333081816, 0.407843361, 0.640976152, 16.30497359
0.783987116, 0.748794922, 0.12625247, 0.136837719, 0.094562003, 13.18116423
0.244395056, 0.415172809, 0.623483184, 0.43967698, 0.278945853, 8.112188144
0.136087487, 0.726540655, 0.56709524, 0.653680859, 0.011045599, 9.068759721
0.907758072, 0.303356826, 0.478713647, 0.658049508, 0.915548818, 17.98949152
0.60844335, 0.733470141, 0.621582543, 0.773478256, 0.5412833, 21.53898153
0.311100994, 0.534185191, 0.444084528, 0.565471982, 0.711664413, 14.63321326
0.942201261, 0.569909705, 0.29453966, 0.885332553, 0.062325606, 20.35273051
0.457664228, 0.93171493, 0.583651001, 0.247809361, 0.947058464, 15.33319292
0.238363493, 0.179191104, 0.047163047, 0.399608062, 0.762100051, 12.0038207
0.240488021, 0.044183355, 0.136056894, 0.426087796, 0.819573061, 11.45556175
0.143087318, 0.471880592, 0.550624142, 0.891023149, 0.949678077, 14.87934596
0.187086129, 0.584200807, 0.647449508, 0.812942501, 0.119625465, 12.42062094
0.569649675, 0.740784032, 0.451307252, 0.499850029, 0.238466119, 14.92452432
0.802482941, 0.396292317, 0.198171363, 0.452286913, 0.121095523, 15.04037207
0.266796132, 0.416135488, 0.077953957, 0.797142428, 0.947112428, 17.38781481
0.031331193, 0.914971302, 0.14448061, 0.155393144, 0.327394522, 6.413090705
0.822929835, 0.205234135, 0.815771145, 0.899742825, 0.585607274, 19.40566042
0.419872823, 0.782325228, 0.427393887, 0.646691864, 0.372122147, 18.26412506
0.088688993, 0.225922954, 6.54566E-4, 0.639823192, 0.914894197, 17.50353782
0.811891836, 0.801048509, 0.308738434, 0.33148242, 0.700177053, 16.95985271
0.436442829, 0.516352221, 0.306488043, 0.230400099, 0.970695389, 13.74314109
0.258716893, 0.069932926, 0.022596127, 0.127891491, 0.233660319, 5.549913266
0.307076037, 0.005085375, 0.154798726, 0.489618603, 0.755630525, 10.78150991
0.392023998, 0.279008684, 0.355609216, 0.649434837, 0.310862078, 13.66786413
0.574985121, 0.140196289, 0.079076629, 0.822899696, 0.909242128, 17.79964616
0.125460043, 0.354410104, 0.872957706, 0.528960873, 0.136057983, 10.71589132
0.787533964, 0.582391015, 0.873487711, 0.73413359, 0.137310613, 19.76959838
0.460548673, 0.25984191, 0.118727344, 0.232576972, 0.349773456, 8.797926093
0.522981545, 0.413078692, 0.057162524, 0.604477538, 0.785229528, 20.43212615
0.818992445, 0.536127042, 0.515010004, 0.124573373, 0.646419951, 14.84716866
0.037020773, 0.79233636, 0.746715992, 0.709087587, 0.160518812, 9.061686377
0.834279104, 0.666404381, 0.968756173, 0.365699153, 0.742708892, 21.77176068
0.345449271, 0.868618502, 0.913633427, 0.005213594, 0.414033875, 15.68566705
0.177506737, 0.504990335, 0.721410056, 0.179489463, 0.977340636, 11.7689756
0.770308554, 0.411632706, 0.856134942, 0.312596297, 0.219559682, 14.5020972
0.219606072, 0.962564282, 0.555140773, 0.248859475, 0.260231411, 11.88238337
0.135753774, 0.4491449, 0.263393926, 0.003074571, 0.406692031, 5.554677868
0.972542643, 0.552619279, 0.485269735, 0.045399289, 0.077741227, 10.88654296
0.917597582, 0.937180575, 0.2617563, 0.91995012, 0.041452398, 14.99106314
0.400747322, 0.950774746, 0.770111969, 0.480974588, 0.862751483, 20.00899208
0.551273564, 0.268996603, 0.026961005, 0.995358841, 0.630504981, 21.00852945
0.115057276, 0.188838252, 0.791796505, 0.444802437, 0.616055988, 9.087926646
0.226413261, 0.815961944, 0.773574291, 0.484440355, 0.900050364, 15.913876
0.984296528, 0.987529428, 0.73784009, 0.538851618, 0.273062517, 8.383071106
0.949567128, 0.91008733, 0.178997087, 0.141720879, 0.052076193, 8.005818953
0.89419316, 0.082351078, 0.981264615, 0.2111151, 0.572726312, 13.04432922
0.411998011, 0.44378942, 0.667225462, 0.032589693, 0.274698285, 9.116009577
0.802253774, 0.145640116, 0.542904016, 0.071663679, 0.020318979, 6.097057776
0.177027277, 0.796218776, 0.875921535, 0.636724693, 0.484534001, 16.97323995
0.604295271, 0.995185689, 0.929981108, 0.555792127, 0.645805991, 23.63985485
0.889666184, 0.622920552, 0.914064134, 0.23518707, 0.983544748, 20.65471644
0.036429965, 0.990011217, 0.111492664, 0.180777972, 0.631791522, 8.753545786
0.249345684, 0.035291081, 0.805036058, 0.470451521, 0.515713787, 9.813973875
0.785824015, 0.788980947, 0.793205368, 0.281250781, 0.375244896, 15.94367368
0.195481826, 0.038339425, 0.742817968, 0.426593066, 0.781825556, 10.68485184
0.620926856, 0.333980654, 0.235328507, 0.372594857, 0.465413081, 13.21407339
0.94201805, 0.770598266, 0.256893238, 0.15981301, 0.734895591, 14.73573012
0.748510085, 0.328873498, 0.077949555, 0.753905262, 0.314909957, 21.56035343
0.288299589, 0.601589996, 0.426680061, 0.636209188, 0.421762127, 12.44726944
0.775131535, 0.778135779, 0.282810808, 0.696271908, 0.297737193, 17.84220214
0.819352972, 0.07686839, 0.135787668, 0.782017377, 0.403987761, 14.14117661
0.78541701, 0.791785364, 0.335382718, 0.004998688, 0.303440931, 10.74490468
0.199097672, 0.549562878, 0.468348899, 0.865861295, 0.835100487, 16.08665019
0.248438227, 0.123152911, 0.696067918, 0.294354001, 0.061972151, 3.726014583
0.913052139, 0.296379575, 0.955132501, 0.567619669, 0.804097048, 20.31234273
0.257792313, 0.989635732, 0.42384801, 0.822631719, 0.277436282, 18.10085718
0.639136332, 0.169246703, 0.383199346, 0.612102274, 0.667757506, 11.46854917
0.750993356, 0.717071385, 0.569401687, 0.305293008, 0.493955905, 15.0734101
0.053095221, 0.659491047, 0.072895606, 0.119075567, 0.652466642, 10.11860203
0.318341723, 0.645392065, 0.606798487, 0.579269742, 0.219458361, 14.55220172
0.296140259, 0.604806607, 0.017013776, 0.303624812, 0.110604002, 12.23713875
0.216138717, 0.909668142, 0.062146454, 0.551648914, 0.955308504, 21.64069567
0.961187482, 0.033592335, 0.121645243, 0.889257095, 0.605257499, 14.83259736
0.149990901, 0.271962959, 0.159551297, 0.16461034, 0.84948069, 9.551073675
0.189125635, 0.614187977, 0.15145036, 0.605310264, 0.963429089, 17.20025185
0.340258297, 0.888065817, 0.905714867, 0.237040513, 0.186203354, 16.04499344
0.438404937, 0.786215169, 0.630506609, 0.416735581, 0.971471003, 18.16218304
0.915969019, 0.943061607, 0.019369819, 0.442315086, 0.187784192, 14.62332254
0.80155478, 0.280820668, 0.151103889, 0.202620988, 0.152053159, 11.02090072
0.616965758, 0.432032287, 0.20042089, 0.544886155, 0.538257294, 16.69069816
0.694050628, 0.482548051, 0.315731312, 0.008539367, 0.076446688, 10.66967805
0.683182269, 0.744394009, 0.90489376, 0.172944777, 0.701983987, 19.17337524
0.985327835, 0.115991137, 0.360278629, 0.507743419, 0.759441183, 13.89903219
0.382252753, 0.315617122, 0.887081358, 0.237344894, 0.175529898, 9.842586798
0.732228247, 0.424937825, 0.525710692, 0.216032854, 0.869989912, 13.65882969
0.591904111, 0.301604868, 0.272733945, 0.731402877, 0.318981349, 13.85998974
0.720805966, 0.246717091, 0.219872858, 0.582669688, 0.610333795, 16.31819828
0.487791373, 0.810400841, 0.157982797, 0.760375476, 0.858878523, 22.81848694
0.454819005, 0.98877577, 0.97816876, 0.806714807, 0.957445394, 26.57329372
0.436313114, 0.242422484, 0.042541288, 0.009318279, 0.72614646, 10.28976559
0.296579564, 0.919220313, 0.874022657, 0.987840738, 0.795213307, 24.08690342
0.857240314, 0.168454818, 0.606093379, 0.654405387, 0.126630363, 11.49612114
0.99220768, 0.682948275, 0.446333159, 0.649280848, 0.798535687, 17.68336873
0.200968215, 0.920167351, 0.174876741, 0.675799254, 0.235804141, 16.48495115
0.929456634, 0.404927242, 0.001774361, 0.637325105, 0.381186235, 23.78964264
0.697045856, 0.898677955, 0.127527385, 0.657777435, 0.243517219, 19.21739702
0.976892291, 0.270520637, 0.994507629, 0.270756183, 0.307795537, 17.31070323
0.941882595, 0.440291357, 0.312740477, 0.635550489, 0.952683622, 20.8357138
0.765642011, 0.581521838, 0.337299622, 0.830910616, 0.5844867, 20.50115911
0.354615935, 0.894421568, 0.325543609, 0.375113764, 0.203599869, 14.28977915
0.546450663, 0.903290479, 0.42712182, 0.974718528, 0.921994212, 24.77797646
0.494396668, 0.681002274, 0.334662718, 0.933875696, 0.804534683, 23.43039529
0.422951591, 0.018905504, 0.882280414, 0.087274762, 0.336759728, 8.272238086
0.215567295, 0.297733613, 0.253144385, 0.342327471, 0.209415213, 8.717971319
0.022065743, 0.918991483, 0.626685257, 0.887231771, 0.714552867, 14.85996341
0.016499186, 0.249837486, 0.865277752, 0.104132974, 0.90126617, 7.149591811
0.635412433, 0.596829951, 0.678275774, 0.557698847, 0.371707875, 17.9718163
0.323085957, 0.238512857, 0.646096717, 0.527185686, 0.701953112, 11.43292633
0.089107936, 0.340361645, 0.903037662, 0.944207293, 0.271154705, 14.27676087
0.357083622, 0.129579412, 0.81073625, 0.45204315, 0.727107602, 11.82465501
0.135356122, 0.54380029, 0.87397972, 0.566158447, 0.45343099, 13.10362106
0.727191875, 0.962733934, 0.221291857, 0.518656101, 0.932891155, 19.36620398
0.458538962, 0.522468409, 0.373569919, 0.041499334, 0.776281804, 11.08136788
0.176779492, 0.362721032, 0.49458554, 0.535912897, 0.411886914, 10.25112093
0.812318044, 0.986835271, 0.920524625, 0.683669748, 0.531917875, 16.99515378
0.382550848, 0.243202621, 0.704269362, 0.840733442, 0.054461781, 11.64047491
0.963068456, 0.506634302, 0.866810022, 0.152549854, 0.403438675, 17.27190403
0.674360053, 0.101402767, 0.087902336, 0.500172953, 0.409895975, 14.00248684
0.116297516, 0.369227069, 0.390373861, 0.073017925, 0.320365481, 2.408298898
0.93287842, 0.010287868, 0.248479856, 0.531990661, 0.891606245, 13.36662836
0.666612633, 0.013994812, 0.654372943, 0.807997922, 0.558915205, 11.43391155
0.701325559, 0.929637156, 0.177833368, 0.712831417, 0.928668698, 23.45590195
0.022411652, 0.316160681, 0.225374545, 0.614729857, 0.473257504, 11.73614333
0.393387145, 0.666473628, 0.648828831, 0.359280941, 0.709448689, 16.21496501
0.396688067, 0.08483455, 0.371445178, 0.174419789, 0.188074224, 3.323956614
0.561255701, 0.303564941, 0.522615976, 0.822826494, 0.190319707, 13.83513245
0.846813799, 0.769648069, 0.925009895, 0.733507239, 0.985916801, 24.49456758
0.40645486, 0.004505338, 0.458250203, 0.686575222, 0.066579661, 6.287360779
0.467287852, 0.445319165, 0.6908482, 0.031503816, 0.610299624, 9.086305014
0.681215265, 0.426442877, 0.306825308, 0.542676811, 0.840289646, 18.76304677
0.165617141, 0.737266484, 0.905468933, 0.82171849, 0.308614611, 15.24217436
0.841738875, 0.928823009, 0.182095687, 0.573065532, 0.287912957, 16.71666263
0.456060673, 0.18319619, 0.38110587, 0.052075041, 0.640306306, 6.734506881
0.82886181, 0.463161757, 0.922946336, 0.467296367, 0.528947949, 19.72148988
0.171098188, 0.566628363, 0.068484722, 0.799782581, 0.87605604, 18.9465932
0.131944387, 0.03715245, 0.085539662, 0.296344358, 0.609265728, 11.15051403
0.318335262, 0.581935346, 0.398364866, 0.55267308, 0.013649064, 10.70799721
0.667639019, 0.094134756, 0.708769223, 0.033862176, 0.771752859, 6.80491251
0.632170339, 0.756230619, 0.152239283, 0.35332962, 0.261528184, 17.11730403
0.844923114, 0.201229962, 0.490780113, 0.162814535, 0.212879326, 9.01738672
0.855329395, 0.401314627, 0.522281634, 0.539253636, 0.221282777, 14.50223721
0.642790346, 0.055310599, 0.416720691, 0.825228872, 0.784082595, 13.42442084
0.982496938, 0.313756853, 0.617378027, 0.480929818, 0.423074147, 16.26406461
0.530592623, 0.161473301, 0.040615751, 0.098615822, 0.717317093, 11.78753647
0.811606593, 0.999677453, 0.043594481, 0.352720068, 0.275111885, 14.77275622
0.365838209, 0.108376121, 0.573215982, 0.765482144, 0.011458828, 9.939203791
0.712063066, 0.382699168, 0.699855671, 0.493870718, 0.515645506, 15.01752034
0.630395569, 0.326207301, 0.893229303, 0.616315054, 0.041473635, 16.81623761
0.006933296, 0.303224157, 0.175775178, 0.499353535, 0.362390996, 8.577788877
0.310490878, 0.542242074, 0.57073809, 0.430107315, 0.295265656, 10.98271283
0.005622506, 0.429959927, 0.847766931, 0.130351691, 0.395279459, 5.2944517
0.002741799, 0.138538636, 0.799266783, 0.810399423, 0.144058069, 13.34900185
0.810636175, 0.46919912, 0.215886446, 0.432109584, 0.959551615, 19.65153809
0.688073978, 0.785864465, 0.186235365, 0.228851415, 0.761078, 17.92933563
0.655418667, 0.078052256, 0.762535495, 0.072425482, 0.501990095, 6.464462637
0.919005708, 0.766384387, 0.872386841, 0.92249021, 0.987678493, 25.26778547
0.439676518, 0.274407615, 0.168516277, 0.209686224, 0.53973197, 8.473425098
0.005459407, 0.82816504, 0.620180113, 2.12289E-4, 0.296212864, 0.664014955
0.579044559, 0.007940875, 0.198658816, 0.239555003, 0.881009452, 9.504497587
0.395243623, 0.898949043, 0.789879501, 0.617904589, 0.65229966, 21.96371595
0.51727451, 0.364291007, 0.913307881, 0.808028802, 0.862186994, 21.26646309
0.71898973, 0.409464958, 0.566681593, 0.591252858, 0.905641579, 17.49959525
0.714726199, 0.537325488, 0.284947191, 0.677692527, 0.829631387, 20.70296818
0.607907, 0.465978319, 0.584401245, 0.615956549, 0.520591041, 16.53622042
0.594025144, 0.132270048, 0.235464156, 0.704801511, 0.066970474, 9.703866653
0.1785737, 0.983631242, 0.453757221, 0.560996879, 0.761672202, 15.56055481
0.968496919, 0.819564145, 0.150798238, 0.200821887, 0.483081477, 12.51961016
0.531199784, 0.1244076, 0.018367922, 0.60269121, 0.241695507, 14.89880661
0.213111478, 0.179152741, 0.670399105, 0.200940043, 0.643487526, 7.587357434
0.786517334, 0.598067374, 0.831002944, 0.49124441, 0.722677398, 22.68670452
0.563430024, 0.657591995, 0.422314357, 0.760624849, 0.307965067, 18.46669111
0.237429384, 0.005309439, 0.355331948, 0.926386908, 0.257149889, 12.21508478
0.981801457, 0.483431983, 0.996835596, 0.133718887, 0.464517473, 20.15111236
0.224932468, 0.273095714, 0.284338001, 0.694837815, 0.213508044, 10.11230206
0.246861677, 0.639857764, 0.254428326, 0.951921171, 0.029148659, 14.5041282
0.968769797, 0.499500668, 0.807386653, 0.555650667, 0.256524777, 16.93034553
0.888273282, 0.943225266, 0.626667199, 0.709884059, 0.982673154, 16.88156899
0.929657692, 0.379523007, 0.506777455, 0.272716927, 0.564268094, 15.82368804
0.841474223, 0.329671047, 0.910675963, 0.9599637, 0.014826891, 19.68938986
0.853788354, 0.266754424, 0.006520333, 0.247514271, 0.048984628, 14.80987252
0.514212918, 0.296390432, 0.061759624, 0.752590169, 0.399381099, 18.68148909
0.208808765, 0.922204838, 0.185037283, 0.462486721, 0.29341615, 13.45448888
0.235446426, 0.530676378, 0.984037803, 0.446588005, 0.152124614, 14.44349254
0.952409287, 0.822931985, 0.226352622, 0.220430208, 0.056396819, 10.55045415
0.653991176, 0.058670913, 0.418363727, 0.961490417, 0.008713562, 10.97862015
0.076470372, 0.226852995, 0.134591811, 0.037504269, 0.540756651, 8.049146245
0.99595347, 0.470357061, 0.588025194, 0.206753836, 0.740745865, 14.72341621
0.930755009, 0.156273168, 0.970105708, 0.619482429, 0.148266092, 16.98526597
0.997937898, 0.959426957, 0.74347199, 0.849740503, 0.512804735, 12.89820997
0.674432047, 0.808460172, 0.098680024, 0.347847381, 0.420459577, 18.55825592
0.271902127, 0.562117798, 0.770219072, 0.532832915, 0.163386344, 15.3202142
0.035930078, 0.080623599, 0.015690601, 0.308720241, 0.152814661, 9.733226127
0.718737794, 0.935200208, 0.81257145, 0.475536373, 0.454045087, 18.7823864
0.729301705, 0.683367738, 0.565879564, 0.714525724, 0.568463577, 20.2374206
0.549895189, 0.731976049, 0.948102867, 0.529583082, 0.246776245, 20.09839706
0.128068164, 0.968765138, 0.453745071, 0.441667611, 0.828933165, 12.14932876
0.073955942, 0.532631714, 0.187388523, 0.554009929, 0.142836084, 10.33861242
0.825914293, 0.515597681, 0.896151864, 0.31878379, 0.986929685, 22.17076505
0.043064424, 0.14703202, 0.212793888, 0.060098175, 0.435508574, 7.249289042
0.417596361, 0.425183655, 0.939999796, 0.949321592, 0.498685014, 21.99114042
0.075873356, 0.363556557, 0.700271098, 0.573777889, 0.28397172, 6.973249846
0.063205596, 0.953487908, 0.416070799, 0.442643582, 0.413941948, 9.022453974
0.667080621, 0.610101201, 0.015223263, 0.71899665, 0.477431206, 24.8935955
0.633043338, 0.329949978, 0.650065676, 0.506334848, 0.925871568, 16.85952644
0.647343969, 0.776445349, 0.681097903, 0.273834706, 0.54197343, 15.89351607
0.839787035, 0.759798567, 0.193053281, 0.187602777, 0.65819538, 14.33615152
