@relation friedman
@attribute Input1 real [0.0, 1.0]
@attribute Input2 real [0.0, 1.0]
@attribute Input3 real [0.0, 1.0]
@attribute Input4 real [0.0, 1.0]
@attribute Input5 real [0.0, 1.0]
@attribute Output real [0.664014955, 28.5903858]
@inputs Input1, Input2, Input3, Input4, Input5
@outputs Output
@data
0.590389914, 0.430674851, 0.869041807, 0.070911615, 0.634302531, 13.22920864
0.810716912, 0.262116166, 0.454194418, 0.854706083, 0.279769507, 15.18159268
0.406842974, 0.816174501, 0.861105547, 0.12890196, 0.15747881, 14.43309768
0.548029942, 0.413383545, 0.051123134, 0.291625666, 0.266992933, 15.32611201
0.456053481, 0.112559629, 0.659446458, 0.634988445, 0.432847142, 12.49720348
0.433284593, 0.499317833, 0.011763717, 0.742791589, 0.167519885, 20.38112218
0.584883811, 0.355236015, 0.984232039, 0.354178341, 0.596813273, 18.61862838
0.248283344, 0.602045717, 0.902310398, 0.801742163, 0.121105138, 15.93278752
0.395472681, 0.148524058, 0.866104054, 0.219236499, 0.332988133, 6.693455771
0.466320775, 0.947663007, 0.209719469, 0.86623526, 0.507813121, 22.58787569
0.333399485, 0.527669244, 0.450976033, 0.246950171, 0.50895421, 9.110224319
0.217310411, 0.416874686, 0.337622857, 0.005402645, 0.270699443, 4.527822193
0.271974583, 0.273707745, 0.295087982, 0.270398259, 0.792631024, 10.91832907
0.23306445, 0.137286187, 0.498967626, 0.572378245, 0.53806777, 9.789964308
0.573878155, 0.268686634, 0.982759497, 0.892343756, 0.919358694, 22.64791478
0.522995779, 0.552871092, 0.958324326, 0.914535234, 0.861863614, 25.38952096
0.981140356, 0.990766398, 0.528126167, 0.938412672, 0.362175476, 12.28260773
0.745389943, 0.685954641, 0.971859705, 0.845492724, 0.795368866, 28.5903858
0.750990239, 0.686462903, 0.963499423, 0.739162516, 0.526401369, 22.63643836
0.519317632, 0.429787961, 0.158892582, 0.695373605, 0.475499085, 19.02026557
0.519282797, 0.087675807, 0.275428346, 0.193111446, 0.758841709, 9.282674043
0.857342163, 0.168706002, 0.072977152, 0.919933593, 0.879148416, 23.05232234
0.052115965, 0.042216124, 0.815884795, 0.015894773, 0.313891926, 0.956075976
0.988085136, 0.195445914, 0.685649511, 0.975179353, 0.447754819, 19.45535895
0.559078081, 0.917156068, 0.601074479, 0.363780755, 0.902125726, 17.59720296
0.106145987, 0.671062669, 0.717803214, 0.756689189, 0.655855366, 14.06263257
0.664106519, 0.401448923, 0.841200707, 0.643469846, 0.728680085, 19.40317711
0.470605163, 0.024629465, 0.09730694, 0.862784494, 0.617844787, 14.84999609
0.118373838, 0.760787244, 0.90284959, 0.097152522, 0.346243661, 9.818658957
0.728502196, 0.831395515, 0.346678641, 0.94226158, 0.162308601, 20.35017993
0.56669087, 0.682362573, 0.694160979, 0.566302347, 0.866679952, 20.69738099
0.144783367, 0.128770996, 0.871283085, 0.082503292, 0.476162237, 6.891852019
0.467531462, 0.837819603, 0.437643659, 0.30970431, 0.817359684, 14.67893549
0.795163316, 0.510248931, 0.366079173, 0.47488758, 0.082245278, 14.6508042
0.293744819, 0.07919815, 0.016362441, 0.906864336, 0.525973306, 14.47078367
0.238991398, 0.345850225, 0.80638402, 0.708783183, 0.17096419, 12.03019166
0.625885814, 0.035910243, 0.885819885, 0.848418962, 0.533948878, 15.5027668
0.270700499, 0.760927989, 0.285109293, 0.269688741, 0.824450846, 14.15504828
0.980575813, 0.446383119, 0.139941805, 0.57979474, 0.375465816, 19.91831512
0.56633255, 0.163300795, 0.988431032, 0.592491888, 0.074156573, 16.34904744
0.986910952, 0.663788982, 0.282916764, 0.736862734, 0.940234279, 24.77275825
0.257684056, 0.926438751, 0.766297841, 0.022422279, 0.420533089, 11.22185495
0.090962495, 0.55399484, 0.994652121, 0.689805108, 0.787294073, 16.51122975
0.633843365, 0.187015142, 0.887036959, 0.801304323, 0.821085392, 18.92166292
0.402136725, 0.596101795, 0.527052892, 0.397774454, 0.754243205, 15.0422053
0.851827738, 0.011542138, 0.566660445, 0.383559507, 0.149246721, 5.571254592
0.401486244, 0.20773069, 0.334435045, 0.697906177, 0.347891304, 12.16279699
0.352417468, 0.303276763, 0.69241273, 0.396752905, 0.721610646, 9.850745243
0.558408249, 0.338741952, 0.996040682, 0.326864609, 0.348655034, 18.05262297
0.409238907, 0.346633534, 0.499260234, 0.446083882, 0.201135025, 10.29031485
0.523655533, 0.032320432, 0.630286024, 0.250373241, 0.126924826, 4.650543935
0.525396526, 0.130608036, 0.912849311, 0.304407345, 0.795863017, 12.59234474
0.487727325, 0.181389201, 0.634666005, 0.266165755, 0.22520868, 6.682119094
0.111725772, 0.470135881, 0.415812312, 0.90404083, 0.796316358, 15.82378324
0.189591752, 0.191924623, 0.1030534, 0.29876707, 0.402722139, 7.896092069
0.221333093, 0.923635614, 0.236692237, 0.765782111, 0.957434699, 20.20913952
0.390843655, 0.686858878, 0.852363442, 0.272691619, 0.315721263, 14.28024687
0.733820751, 0.064917804, 0.769080335, 0.34929863, 0.673167653, 9.276935643
0.289305537, 0.481002636, 0.138217035, 0.640827345, 0.776678494, 17.84356542
0.2855551, 0.647962807, 0.854050052, 0.836891784, 0.325534872, 19.90289642
0.951054807, 0.520584582, 0.872511144, 0.143268759, 0.253813896, 16.12926009
0.29364403, 0.089343782, 0.656614638, 0.823687456, 0.645834409, 13.18858952
0.859642219, 0.757555186, 0.160809529, 0.521708985, 0.915265512, 20.54528099
0.747083636, 0.31971782, 0.160040797, 0.971994032, 0.164713198, 21.65870483
0.563816569, 0.453855914, 0.530261185, 0.90642771, 0.237864571, 18.29779482
0.93761829, 0.560553396, 0.406227198, 0.76863633, 0.98872739, 22.25920064
0.710009262, 0.212290078, 0.112185168, 0.981858414, 0.04280913, 19.00626593
0.612114734, 0.790125912, 0.037905019, 0.47651959, 0.110222857, 21.24393087
0.770125539, 0.614244142, 0.703048692, 0.852531099, 0.919246984, 24.43165597
0.047411205, 0.836776036, 0.188780989, 0.229423627, 0.380771693, 7.505254322
0.626932092, 0.311407195, 0.541393086, 0.232820973, 0.746107135, 11.51881372
0.65162333, 0.804046865, 0.755587941, 0.840495043, 0.713142549, 22.12761023
0.183550428, 0.86008114, 0.068201228, 0.015585873, 0.280183573, 10.1627751
0.148602435, 0.63583899, 0.786052132, 0.029312947, 0.093775809, 6.943964768
0.481906682, 0.016855051, 0.744780027, 0.695976914, 0.40059762, 9.889567608
0.107831203, 0.221571757, 0.267548798, 0.808068393, 0.251011241, 10.76614414
0.76401868, 0.638784802, 0.716864257, 0.535191572, 0.327756492, 18.52674805
0.60070461, 0.731301057, 0.31900683, 0.177400955, 0.466102324, 14.81792337
0.016823425, 0.434188425, 0.37584492, 0.384287485, 0.298714829, 6.214250564
0.678117829, 0.006525348, 0.296765545, 0.7457425, 0.148417059, 7.411490033
0.491452137, 0.762768376, 0.3595438, 0.290991551, 0.039352705, 13.84815549
0.14673016, 0.248228745, 0.065834535, 0.772293471, 0.905506284, 16.76321959
0.666376898, 0.698846894, 0.586676126, 0.95756002, 0.40827905, 22.40161838
0.325826664, 0.154995867, 0.425737657, 0.380859501, 0.632491115, 9.373106789
0.967035072, 0.462770691, 0.082284335, 0.325784014, 0.736124208, 21.66118697
0.73321181, 0.084517791, 0.260555192, 0.123872001, 0.758248214, 9.693465454
0.839825558, 0.138136279, 0.847718824, 0.657902002, 0.466890217, 16.69704807
0.946329521, 0.113556905, 0.453687824, 0.879448454, 0.274596252, 14.97004653
0.086218271, 0.960969292, 0.890740255, 0.171371307, 0.248929335, 8.708381352
0.330898784, 0.968284207, 0.730527277, 0.719714251, 0.524981343, 19.54874312
0.511886282, 0.44649922, 0.280165828, 0.719922096, 0.566234111, 17.49144611
0.644179455, 0.69775243, 0.837943861, 0.657990749, 0.338469302, 21.69416467
0.774868478, 0.194650794, 0.876772282, 0.991905565, 0.715884723, 22.37683349
0.824027011, 0.980605494, 0.737881138, 0.941980628, 0.403071331, 17.29540289
0.377372756, 0.389163938, 0.190361284, 0.749496154, 0.013050527, 13.77822317
0.09731405, 0.932609373, 0.367983551, 0.177781436, 0.202805098, 6.877368368
0.048412268, 0.668215907, 0.759747345, 0.68999966, 0.697987849, 12.26719983
0.912897425, 0.776935729, 0.497122874, 0.455074815, 0.501082266, 13.2607014
0.341016568, 0.335036685, 0.606606881, 0.697502029, 0.378749778, 12.62116296
0.961788884, 0.939957716, 0.536051847, 0.7765161, 0.375942337, 14.07753591
0.350442193, 0.904100744, 0.38473527, 0.696413413, 0.687453693, 17.10140284
0.598939719, 0.398312194, 0.035384347, 0.720999654, 0.148925909, 18.57135533
0.520793741, 0.926653351, 0.87388401, 0.626192917, 0.051961353, 18.03231883
0.694586373, 0.744094063, 0.959116488, 0.694354753, 0.469352355, 23.95594847
0.28750928, 0.839967849, 0.535569167, 0.036112456, 0.871757591, 11.06286866
0.72743241, 0.325024266, 0.274643514, 0.4852777, 0.123620424, 12.42110335
0.317515806, 0.53405422, 0.157823652, 0.197415053, 0.024567403, 8.833997251
0.580976992, 0.986368095, 0.332388881, 0.602530652, 0.664857837, 20.26993709
0.282542067, 0.056967933, 0.693399649, 0.089277861, 0.009201675, 0.96127729
0.889601925, 0.991832159, 0.994959024, 0.703898887, 0.202300738, 15.72683112
0.997057331, 0.31137881, 0.262620221, 0.404513706, 0.940434577, 19.45410332
0.695712228, 0.80111381, 0.950053053, 0.682360211, 0.670959735, 22.39841748
0.197832411, 0.123434299, 0.459576034, 0.707559695, 0.155092903, 8.885848603
0.532422108, 0.128847013, 0.61784058, 0.02366099, 0.585908559, 5.727393684
0.479504516, 0.425177696, 0.88147548, 0.182012031, 0.751483667, 15.35824418
0.001211673, 0.111166542, 0.977935861, 0.519413617, 0.37246438, 11.396522
0.166783272, 0.189836789, 0.598429724, 0.389644472, 0.909682984, 11.79664636
0.084549336, 0.570359053, 0.707583904, 0.392845717, 0.349113727, 8.292473176
0.884234697, 0.280287197, 0.911893405, 0.916457295, 0.73842307, 23.30877897
0.980974978, 0.366586513, 0.457474036, 0.063837584, 0.160235506, 12.01841932
0.543182984, 0.811415805, 0.12594982, 0.164512702, 0.89057497, 19.86665859
0.135560709, 0.553052519, 0.740114551, 0.876328251, 0.631079762, 15.36345771
0.392740804, 0.318766967, 0.821705584, 0.181867222, 0.329318625, 10.49546016
0.723178009, 0.542554792, 0.641943846, 0.741834812, 0.771019388, 21.26559873
0.206590435, 0.135992245, 0.7911609, 0.202528136, 0.240147207, 5.414611504
0.964269598, 0.30304991, 0.464489875, 0.966393534, 0.16222919, 21.31989755
0.859943044, 0.711966906, 0.438311301, 0.866612474, 0.212432114, 19.0300189
0.071299663, 0.445314572, 0.645742243, 0.045897671, 0.972349855, 7.432558696
0.460531763, 0.09377242, 0.150263366, 0.947842438, 0.971911546, 20.21183455
0.11648539, 0.214337503, 0.219941284, 0.254672774, 0.352637125, 7.112853777
0.231513081, 0.901299512, 0.873836128, 0.155944494, 0.742206662, 12.48578078
0.580013093, 0.51990872, 0.234867453, 0.84458653, 0.895633865, 23.80352647
0.061805675, 0.204864396, 0.184556334, 0.739083438, 0.749772902, 12.34736399
0.878136951, 0.394325461, 0.88168138, 0.204160401, 0.270629313, 15.70815926
0.546379333, 0.202756063, 0.478624023, 0.777858854, 0.563128945, 16.59684886
0.754369047, 0.869732765, 0.856809609, 0.938498974, 0.209747002, 24.53806068
0.092838384, 0.977092861, 0.240315203, 0.346934467, 0.454726692, 10.55734769
0.63165243, 0.669841337, 0.723096147, 0.73858409, 0.845670619, 21.21858442
0.584280067, 0.425861784, 0.599907628, 0.904139656, 0.766891658, 20.12448576
0.51603501, 0.191157724, 0.571336197, 0.3041148, 0.922775656, 10.61098342
0.379624159, 0.500191257, 0.589658456, 0.247027562, 0.269018262, 9.80683725
0.155760785, 0.938000888, 0.318048384, 0.764503173, 0.396991738, 14.58604188
0.676263163, 0.791850079, 0.970953498, 0.945632422, 0.267340538, 26.68266625
0.682872502, 0.702168552, 0.208671952, 0.578569755, 0.344891769, 20.38384831
0.779609061, 0.751912779, 0.746728574, 0.832655589, 0.721862559, 21.85897106
0.450112456, 0.765760512, 0.745315864, 0.95843053, 0.957566028, 24.30882668
0.592703863, 0.155963214, 0.926046828, 0.917221117, 0.239918418, 16.1157597
0.848127148, 0.668047801, 0.108780749, 0.547060616, 0.89363419, 22.79277784
0.115425356, 0.803747898, 0.819437991, 0.911834526, 0.338205328, 15.5102819
0.804476415, 0.974200835, 0.837723415, 0.492986218, 0.828973994, 17.98345706
0.131402473, 0.715015106, 0.374679535, 0.939044162, 0.56404199, 15.3709775
0.022392628, 0.129327781, 0.33946287, 0.076170745, 0.284211866, 1.999975073
0.382603875, 0.763985652, 0.314419256, 0.1228358, 0.581721123, 11.66488958
0.9638943, 0.617246192, 0.186178731, 0.672646466, 0.272272124, 18.7061778
0.782135288, 0.561987665, 0.49218456, 0.955894466, 0.050876777, 19.7130986
0.520839773, 0.378738363, 0.80079061, 0.775904142, 0.365906813, 16.70598202
0.957697874, 0.762145834, 0.245557945, 0.835901772, 0.602625523, 21.0912398
0.603542512, 0.602335954, 0.752730408, 0.77666211, 0.809905253, 21.66099028
0.429479688, 0.131345495, 0.155431462, 0.703712973, 0.376433789, 12.89436429
0.42082545, 0.138071328, 0.209836291, 0.013536451, 0.152816743, 4.979881182
0.386811669, 0.088729524, 0.62397935, 0.312521948, 0.489380867, 5.767377888
0.517044967, 0.109949497, 0.02534164, 0.091577305, 0.592042513, 9.92371537
0.384382825, 0.235050041, 0.637783305, 0.881169885, 0.180766288, 12.36240206
0.642342908, 0.661024607, 0.133988575, 0.113122829, 0.190629575, 14.07442229
0.50179508, 0.340810097, 0.307292145, 0.12748236, 0.215584815, 9.332889405
0.857952694, 0.164734938, 0.073153304, 0.649924495, 0.119794393, 14.11605851
0.448830118, 0.171920065, 0.638288591, 0.843578678, 0.997520276, 15.98203693
0.283226, 0.773870337, 0.391907649, 0.136346424, 0.269560731, 8.189885665
0.63797866, 0.799748803, 0.544318636, 0.964656013, 0.098034634, 19.16834402
0.956510934, 0.105212338, 0.501699728, 0.404354623, 0.378079078, 8.635755062
0.015332581, 0.792600177, 0.337669316, 0.461675625, 0.327639261, 7.092607982
0.821574489, 0.894384265, 0.959198404, 0.498851418, 0.431100544, 16.78247014
0.116757566, 0.88738358, 0.205468917, 0.121564385, 0.09515336, 6.84697991
0.165876869, 0.288053628, 0.186011208, 0.027401799, 0.324397254, 5.359348761
0.823805812, 0.808209224, 0.634120088, 0.904710356, 0.371733165, 19.4245135
0.73727749, 0.013558788, 0.37218482, 0.438442097, 0.151158857, 6.053346087
0.743846533, 0.528126141, 0.93815491, 0.830695632, 0.473128939, 22.50580914
0.923795704, 0.80893744, 0.785926385, 0.794357946, 0.600716608, 19.99585303
0.09524159, 0.578981851, 0.392090099, 0.928193485, 0.999539431, 18.1408169
0.979529213, 0.167729039, 0.478219664, 0.806646545, 0.287045694, 14.25697295
0.950603273, 0.086074406, 0.548067468, 0.781933887, 0.584030975, 13.1867586
0.201806594, 0.153883576, 0.501922093, 0.588201439, 0.937658006, 10.137133
0.605148406, 0.373824896, 0.545631981, 0.863015609, 0.887625264, 20.15677191
0.886720169, 0.690111134, 0.792773663, 0.041470703, 0.495101703, 12.57826223
0.749790184, 0.900722417, 0.206183295, 0.137468203, 0.286547594, 11.72153902
0.758325195, 0.72306676, 0.44997237, 0.389971759, 0.123973373, 13.8325056
0.803102817, 0.484091583, 0.474761064, 0.839737876, 0.277008797, 18.34369651
0.935937306, 0.051612613, 0.098802168, 0.547414881, 0.372876421, 12.60403033
0.723348804, 0.219935934, 0.202131765, 0.347388942, 0.918122804, 15.89032045
0.181366653, 0.413224035, 0.484570017, 0.173463435, 0.795719089, 7.517204892
0.312421581, 0.503675596, 0.809353908, 0.876060482, 0.001320643, 14.91153141
0.902896861, 0.561397288, 0.694091459, 0.883549117, 0.54720508, 23.92888486
0.016663279, 0.861391904, 0.941217636, 0.909732527, 0.694475681, 17.22119532
0.22742008, 0.703928619, 0.494298603, 0.71790454, 0.751815008, 15.78356573
0.480305886, 0.295429886, 0.628236321, 0.120240264, 0.090960203, 5.873782634
0.083859899, 0.799396359, 0.082966835, 0.028614089, 0.230294549, 7.178705376
0.006401413, 0.07960797, 0.041198047, 0.817349293, 0.398737695, 14.40827104
0.453723281, 0.227671328, 0.171434479, 0.869348282, 0.080805246, 14.59818162
0.521595545, 0.801170492, 0.506732998, 0.836100705, 0.556350173, 20.3219755
0.786622485, 0.630756422, 0.870145029, 0.905653542, 0.634758941, 23.25990199
0.967855599, 0.521165184, 0.574595094, 0.309743639, 0.203602005, 15.34593962
0.901111137, 0.023798775, 0.939099216, 0.104731882, 0.783136618, 8.588867554
0.108199881, 0.842358312, 0.012308204, 0.090199079, 0.05647997, 9.298347874
0.745488821, 0.657033258, 0.9349584, 0.437775904, 0.608481506, 20.48447336
0.084481818, 0.907260598, 0.417659308, 0.043392507, 0.369142601, 5.13052448
0.884381457, 0.721615643, 0.198558927, 0.258553454, 0.464793919, 15.46294668
0.787216068, 0.460334107, 0.152594597, 0.842860176, 0.941113658, 23.64874145
0.063275641, 0.641394621, 0.34790402, 0.976707322, 0.453934523, 13.20093892
0.341581351, 0.881773468, 0.108553664, 0.316860057, 0.093944522, 15.40829385
0.055819849, 0.418063629, 0.014230964, 0.973621982, 0.152809616, 17.63253201
0.045627302, 0.317064835, 0.105071365, 0.117199101, 0.223694048, 5.348142259
0.139452641, 0.77571258, 0.48457796, 0.251475222, 0.949479106, 9.682474503
0.509471592, 0.731829641, 0.510231808, 0.197909026, 0.875870902, 16.05664152
0.841593141, 0.497566105, 0.808040111, 0.973260594, 0.603617325, 25.34501714
0.332616048, 0.833535594, 0.364399699, 0.980771809, 0.371259431, 19.63199568
0.596023917, 0.762219688, 0.970879791, 0.221756118, 0.078157055, 18.07281514
0.022460799, 0.798837431, 0.593734763, 0.280432182, 0.335789289, 4.698951751
0.544828343, 0.970482929, 0.3241731, 0.915346046, 0.824845854, 24.89885316
0.898723724, 0.57702307, 0.154900625, 0.490366866, 0.104313523, 16.74807229
0.759670142, 0.931794384, 0.363970652, 0.76710199, 0.919973585, 20.72640217
0.737097756, 0.248386119, 0.611402073, 0.791083786, 0.445192442, 16.39868914
0.434504145, 0.47653307, 0.242606324, 0.848037206, 0.784729111, 19.72697746
0.901048123, 0.404946963, 0.195453133, 0.756541555, 0.20593996, 18.06270433
0.388123388, 0.971124076, 0.620878177, 0.855904386, 0.048297143, 18.10457294
0.237566912, 0.355971088, 0.203386966, 0.674718556, 0.62226348, 15.5244176
0.765091653, 0.176453043, 0.156660103, 0.77020011, 0.346606887, 16.37511099
0.082641266, 0.831203822, 0.464060783, 0.752272881, 0.283287385, 10.01937387
0.163941493, 0.280729793, 0.258625306, 0.170453508, 0.235229466, 5.529560443
0.682915699, 0.126409218, 0.676255583, 0.717405652, 0.852234886, 15.62825735
0.62502825, 0.613770931, 0.055635805, 0.610570287, 0.622120138, 22.81733293
0.139507919, 0.318595954, 0.142194412, 0.702652052, 0.957133723, 16.7960074
0.436274935, 0.867468321, 0.617706907, 0.710864299, 0.609606083, 20.6606124
0.847760156, 0.06381773, 0.965255288, 0.983509854, 0.261605228, 18.55695552
0.722828607, 0.111071563, 0.045143566, 0.566283928, 0.685783326, 15.11414089
0.114237853, 0.141278615, 0.708604056, 0.411756938, 0.076210619, 5.23734866
0.499054765, 0.428169783, 0.26676394, 0.099986225, 0.176041433, 9.038206554
0.535193449, 0.346194305, 0.185591713, 0.907537777, 0.13983621, 16.71900002
0.12724431, 0.877694715, 0.051124401, 0.3040657, 0.440567713, 10.77028682
0.749684939, 0.867117667, 0.173930228, 0.380092781, 0.102526822, 15.09752416
0.017182386, 0.959536134, 0.815701236, 0.213162583, 0.681053707, 8.318943476
